#!ascii label  , from subject demencia vox2ras=TkReg
1353
44486  -39.837  -34.385  36.941 0.0000000000
35135  -27.186  -43.066  39.966 0.0000000000
44631  -46.596  -34.361  28.808 0.0000000000
47826  -39.192  -31.153  27.229 0.0000000000
49752  -45.205  -29.236  33.542 0.0000000000
36303  -35.406  -41.792  37.274 0.0000000000
38607  -27.841  -40.220  26.041 0.0000000000
43662  -33.542  -35.423  26.550 0.0000000000
32128  -23.376  -46.611  36.724 0.0000000000
50751  -52.256  -28.651  27.296 0.0000000000
36526  -20.893  -42.222  22.834 0.0000000000
46660  -39.109  -32.056  31.806 0.0000000000
48815  -42.182  -30.223  30.656 0.0000000000
48746  -41.723  -30.483  35.243 0.0000000000
39473  -38.118  -38.591  36.793 0.0000000000
39545  -34.595  -39.264  31.570 0.0000000000
43599  -36.874  -35.634  31.164 0.0000000000
46740  -36.363  -32.815  26.712 0.0000000000
111479  -52.960  -27.422  25.097 0.0000000000
36265  -23.361  -42.481  38.853 0.0000000000
34194  -21.332  -44.509  30.454 0.0000000000
37454  -23.981  -41.086  32.483 0.0000000000
44545  -45.939  -34.456  33.043 0.0000000000
35157  -31.439  -43.534  38.874 0.0000000000
36381  -28.703  -42.527  32.387 0.0000000000
36400  -31.106  -42.141  31.762 0.0000000000
41528  -30.882  -37.510  26.690 0.0000000000
28732  -20.729  -49.419  34.472 0.0000000000
50630  -47.008  -28.289  35.491 0.0000000000
47740  -48.798  -31.872  32.385 0.0000000000
50729  -47.484  -28.726  28.466 0.0000000000
46724  -50.443  -32.505  28.895 0.0000000000
46806  -49.973  -32.133  24.371 0.0000000000
29948  -20.145  -48.087  28.200 0.0000000000
39634  -23.966  -39.076  25.507 0.0000000000
45561  -38.832  -33.760  34.020 0.0000000000
46633  -40.083  -31.611  33.406 0.0000000000
46586  -40.694  -32.609  36.594 0.0000000000
41396  -39.241  -36.760  36.786 0.0000000000
41435  -37.095  -37.677  34.023 0.0000000000
43536  -37.619  -35.348  33.496 0.0000000000
45587  -37.638  -33.682  31.623 0.0000000000
44662  -44.720  -34.526  26.292 0.0000000000
45665  -45.208  -33.392  26.573 0.0000000000
36267  -25.213  -42.098  39.623 0.0000000000
36313  -23.500  -42.107  36.115 0.0000000000
36329  -26.129  -41.953  36.024 0.0000000000
48872  -41.053  -30.910  26.475 0.0000000000
49799  -43.554  -29.515  31.783 0.0000000000
48848  -43.713  -30.745  29.245 0.0000000000
48818  -44.964  -30.648  30.970 0.0000000000
45590  -44.676  -33.443  31.851 0.0000000000
47739  -46.262  -31.358  32.809 0.0000000000
35141  -33.928  -43.294  39.209 0.0000000000
35205  -31.517  -43.533  35.686 0.0000000000
36334  -33.538  -42.250  35.440 0.0000000000
42596  -34.215  -36.984  28.407 0.0000000000
40559  -32.876  -38.618  29.463 0.0000000000
42623  -32.586  -36.620  26.364 0.0000000000
46767  -37.627  -32.062  26.687 0.0000000000
48750  -47.932  -30.083  34.507 0.0000000000
48836  -49.923  -30.844  29.444 0.0000000000
47814  -51.778  -31.237  27.934 0.0000000000
46774  -50.045  -32.022  26.523 0.0000000000
47870  -52.219  -31.618  25.953 0.0000000000
49860  -50.235  -29.790  24.249 0.0000000000
29887  -22.240  -48.679  34.675 0.0000000000
29914  -20.538  -48.759  32.033 0.0000000000
29924  -21.801  -47.863  31.823 0.0000000000
36453  -20.628  -42.825  27.588 0.0000000000
34235  -20.106  -44.962  25.784 0.0000000000
34303  -20.544  -44.378  21.548 0.0000000000
37530  -28.037  -41.443  28.881 0.0000000000
38527  -25.903  -40.706  29.185 0.0000000000
39636  -26.204  -39.236  25.776 0.0000000000
47791  -39.114  -31.485  29.496 0.0000000000
48845  -40.915  -30.503  28.000 0.0000000000
47752  -40.459  -30.897  31.464 0.0000000000
48779  -41.269  -30.387  32.879 0.0000000000
49734  -42.802  -29.193  34.588 0.0000000000
38430  -36.734  -40.546  37.227 0.0000000000
37429  -35.193  -40.941  35.058 0.0000000000
39510  -36.594  -39.226  34.604 0.0000000000
41476  -35.826  -37.403  31.004 0.0000000000
43635  -35.522  -35.429  28.919 0.0000000000
44658  -34.598  -34.147  26.661 0.0000000000
45618  -36.053  -34.054  29.336 0.0000000000
46695  -37.168  -32.874  29.539 0.0000000000
111467  -53.954  -28.145  26.386 0.0000000000
55808  -52.373  -23.773  27.028 0.0000000000
34116  -22.694  -44.575  37.739 0.0000000000
33206  -22.422  -45.571  33.294 0.0000000000
35219  -22.140  -43.589  34.747 0.0000000000
36394  -21.832  -42.551  31.817 0.0000000000
37509  -22.007  -40.966  29.291 0.0000000000
48862  -42.619  -30.888  27.859 0.0000000000
43578  -44.910  -35.376  31.314 0.0000000000
43603  -46.709  -35.513  30.880 0.0000000000
34093  -29.711  -43.559  39.478 0.0000000000
35201  -28.105  -42.929  36.376 0.0000000000
35203  -29.737  -43.481  35.703 0.0000000000
35261  -29.964  -42.841  31.959 0.0000000000
37532  -29.499  -41.347  28.522 0.0000000000
38492  -32.616  -40.313  31.654 0.0000000000
39569  -31.217  -39.715  29.559 0.0000000000
40592  -29.208  -38.894  25.902 0.0000000000
45503  -40.879  -33.319  38.730 0.0000000000
35063  -27.997  -42.356  42.818 0.0000000000
35105  -33.214  -42.378  41.036 0.0000000000
36259  -34.985  -42.150  40.353 0.0000000000
47664  -41.824  -31.168  38.003 0.0000000000
49689  -42.720  -29.251  37.406 0.0000000000
50615  -44.182  -27.884  36.140 0.0000000000
51595  -45.094  -27.344  36.941 0.0000000000
49703  -45.912  -29.182  35.544 0.0000000000
46603  -46.899  -31.244  34.797 0.0000000000
45565  -47.845  -33.388  33.663 0.0000000000
44570  -48.649  -34.644  31.613 0.0000000000
49802  -48.191  -29.737  30.962 0.0000000000
47775  -49.939  -32.234  30.513 0.0000000000
46700  -47.880  -33.085  29.113 0.0000000000
47831  -46.999  -31.718  26.685 0.0000000000
48882  -52.025  -30.596  24.083 0.0000000000
29912  -18.762  -48.302  32.222 0.0000000000
31133  -18.880  -47.080  24.547 0.0000000000
32190  -20.852  -46.722  28.566 0.0000000000
31135  -19.768  -46.725  24.115 0.0000000000
37456  -26.592  -41.525  32.673 0.0000000000
38525  -23.770  -40.315  29.541 0.0000000000
38624  -21.937  -40.178  24.877 0.0000000000
37631  -23.688  -41.294  22.773 0.0000000000
44512  -38.979  -34.187  35.140 0.0000000000
46615  -39.786  -32.728  35.278 0.0000000000
45526  -40.057  -33.761  36.794 0.0000000000
42471  -39.343  -36.283  36.607 0.0000000000
42492  -38.901  -36.308  35.930 0.0000000000
43497  -38.921  -35.298  35.549 0.0000000000
44525  -38.079  -34.730  33.943 0.0000000000
44614  -45.925  -35.005  29.201 0.0000000000
44647  -45.606  -34.181  27.574 0.0000000000
44663  -45.198  -34.024  26.766 0.0000000000
45647  -46.223  -33.449  27.660 0.0000000000
35134  -26.484  -42.760  40.251 0.0000000000
36299  -26.073  -42.185  37.713 0.0000000000
36283  -26.887  -42.632  38.219 0.0000000000
47862  -39.423  -31.355  25.119 0.0000000000
47847  -40.235  -31.062  26.345 0.0000000000
49784  -44.076  -29.413  32.188 0.0000000000
49800  -44.176  -29.517  31.394 0.0000000000
49785  -44.895  -29.702  31.921 0.0000000000
48798  -45.776  -31.053  31.915 0.0000000000
48767  -46.040  -30.241  33.457 0.0000000000
35161  -34.498  -42.730  38.386 0.0000000000
36301  -33.623  -42.905  37.048 0.0000000000
36319  -34.600  -41.944  36.222 0.0000000000
42606  -33.858  -36.597  27.636 0.0000000000
42605  -33.257  -36.881  26.993 0.0000000000
43661  -33.068  -35.863  26.093 0.0000000000
43676  -31.957  -35.622  25.142 0.0000000000
47825  -38.341  -31.572  26.976 0.0000000000
47861  -38.268  -31.527  25.161 0.0000000000
47846  -38.936  -31.265  26.147 0.0000000000
48863  -51.244  -29.829  27.640 0.0000000000
48864  -51.587  -30.073  27.476 0.0000000000
47856  -52.265  -31.186  26.636 0.0000000000
49844  -52.835  -29.620  26.778 0.0000000000
31004  -22.666  -47.954  35.244 0.0000000000
29905  -22.138  -48.091  33.330 0.0000000000
31011  -22.561  -47.460  34.399 0.0000000000
36511  -20.603  -42.423  25.097 0.0000000000
35370  -20.183  -43.719  23.788 0.0000000000
35404  -20.478  -43.616  22.025 0.0000000000
34319  -21.520  -44.358  20.528 0.0000000000
35423  -21.563  -43.316  21.202 0.0000000000
38562  -27.914  -40.679  27.512 0.0000000000
38561  -26.998  -40.310  27.453 0.0000000000
38606  -27.249  -40.077  25.861 0.0000000000
46697  -38.703  -31.961  30.373 0.0000000000
47772  -39.355  -31.549  30.649 0.0000000000
47751  -39.808  -31.381  31.521 0.0000000000
47706  -40.831  -31.443  35.043 0.0000000000
47720  -40.769  -30.993  33.812 0.0000000000
48765  -41.522  -30.355  33.983 0.0000000000
48766  -42.443  -29.726  33.567 0.0000000000
48747  -42.301  -29.675  34.627 0.0000000000
39450  -38.067  -39.235  37.638 0.0000000000
38450  -36.797  -39.708  35.640 0.0000000000
39492  -37.167  -39.209  35.484 0.0000000000
42554  -36.942  -36.429  32.449 0.0000000000
41445  -36.395  -37.660  32.655 0.0000000000
42567  -36.192  -36.852  31.025 0.0000000000
42584  -35.879  -36.517  30.373 0.0000000000
43620  -35.823  -35.828  29.737 0.0000000000
44611  -35.849  -34.926  29.340 0.0000000000
44588  -36.292  -34.808  30.040 0.0000000000
46659  -38.241  -32.852  31.878 0.0000000000
46674  -37.516  -32.903  30.640 0.0000000000
46675  -38.125  -32.400  30.874 0.0000000000
46696  -38.160  -32.213  29.779 0.0000000000
35151  -22.668  -43.803  38.119 0.0000000000
35186  -22.510  -43.863  36.576 0.0000000000
35170  -22.692  -43.135  37.280 0.0000000000
37422  -23.617  -41.557  34.294 0.0000000000
37421  -22.903  -41.760  34.045 0.0000000000
37453  -22.946  -41.671  32.183 0.0000000000
37488  -21.977  -41.434  30.549 0.0000000000
37489  -23.070  -40.895  30.934 0.0000000000
48830  -40.854  -30.573  29.324 0.0000000000
48846  -41.914  -30.405  28.354 0.0000000000
48831  -42.038  -30.327  29.498 0.0000000000
47793  -44.144  -31.480  29.608 0.0000000000
47812  -43.675  -31.578  28.951 0.0000000000
46719  -43.287  -32.538  29.005 0.0000000000
45576  -45.244  -33.592  32.362 0.0000000000
44567  -44.794  -34.733  31.933 0.0000000000
44568  -45.545  -34.911  32.452 0.0000000000
43579  -45.799  -35.415  31.717 0.0000000000
43556  -46.381  -35.219  32.567 0.0000000000
34094  -30.447  -43.554  39.694 0.0000000000
34117  -29.787  -43.752  37.792 0.0000000000
34130  -30.940  -43.819  37.665 0.0000000000
35238  -31.553  -42.994  34.024 0.0000000000
35237  -31.013  -43.138  33.765 0.0000000000
36399  -30.411  -42.607  31.653 0.0000000000
36414  -29.846  -42.418  30.754 0.0000000000
37495  -30.653  -41.464  30.546 0.0000000000
38470  -34.974  -39.890  33.012 0.0000000000
38469  -34.304  -40.646  33.362 0.0000000000
38493  -33.612  -39.703  31.493 0.0000000000
41511  -31.552  -37.839  27.532 0.0000000000
39570  -31.978  -39.238  29.910 0.0000000000
40581  -31.021  -38.727  27.749 0.0000000000
39593  -30.411  -39.735  27.777 0.0000000000
45661  -35.804  -33.194  26.546 0.0000000000
35106  -34.121  -42.515  40.768 0.0000000000
39408  -37.258  -39.142  39.151 0.0000000000
45504  -41.240  -32.742  38.234 0.0000000000
49663  -42.684  -29.177  38.800 0.0000000000
50592  -43.206  -28.283  38.285 0.0000000000
50613  -42.910  -28.737  36.934 0.0000000000
51573  -43.701  -27.821  37.821 0.0000000000
51596  -46.061  -27.398  36.606 0.0000000000
50604  -45.573  -27.955  36.415 0.0000000000
49704  -46.364  -28.913  35.781 0.0000000000
48731  -46.448  -30.272  35.120 0.0000000000
47680  -47.028  -30.321  35.350 0.0000000000
48769  -48.320  -30.454  33.703 0.0000000000
46620  -48.164  -32.171  34.010 0.0000000000
46635  -48.537  -32.436  33.292 0.0000000000
44548  -48.760  -34.316  32.416 0.0000000000
45579  -49.272  -33.626  32.036 0.0000000000
49811  -48.104  -29.595  29.733 0.0000000000
46704  -51.094  -32.148  29.509 0.0000000000
47795  -50.102  -31.626  30.146 0.0000000000
46703  -50.480  -32.432  29.763 0.0000000000
46702  -49.446  -32.937  29.947 0.0000000000
46723  -49.473  -32.446  28.741 0.0000000000
46747  -47.195  -32.100  27.526 0.0000000000
46749  -49.220  -31.936  27.420 0.0000000000
46789  -50.570  -32.093  25.517 0.0000000000
47869  -48.904  -31.860  25.551 0.0000000000
47882  -48.403  -32.163  24.542 0.0000000000
111473  -53.476  -27.558  25.455 0.0000000000
49864  -53.392  -29.545  25.534 0.0000000000
50814  -52.987  -28.740  25.034 0.0000000000
29930  -20.707  -48.304  30.188 0.0000000000
31066  -19.387  -47.995  29.486 0.0000000000
29947  -19.913  -47.996  27.999 0.0000000000
31104  -18.758  -47.167  26.428 0.0000000000
31105  -19.516  -47.408  26.254 0.0000000000
34185  -21.877  -44.833  32.077 0.0000000000
32170  -21.632  -46.232  31.355 0.0000000000
33226  -21.017  -45.554  30.021 0.0000000000
33248  -20.263  -45.859  25.360 0.0000000000
30097  -21.068  -48.199  19.296 0.0000000000
36349  -28.550  -42.538  34.055 0.0000000000
36363  -27.134  -42.030  34.104 0.0000000000
37457  -27.338  -41.834  32.111 0.0000000000
39590  -24.751  -39.715  27.452 0.0000000000
38526  -24.813  -40.369  29.284 0.0000000000
39589  -23.623  -39.633  27.253 0.0000000000
38557  -22.634  -40.148  27.581 0.0000000000
39633  -23.030  -39.403  25.396 0.0000000000
36548  -23.480  -42.529  22.412 0.0000000000
46644  -38.849  -32.750  33.043 0.0000000000
46645  -39.752  -31.783  32.642 0.0000000000
46632  -39.448  -32.536  33.990 0.0000000000
46616  -40.151  -31.868  34.605 0.0000000000
47693  -40.917  -31.802  35.695 0.0000000000
40457  -38.294  -38.025  36.597 0.0000000000
40471  -37.714  -38.287  35.858 0.0000000000
41409  -38.241  -37.243  35.753 0.0000000000
42532  -37.945  -36.454  34.403 0.0000000000
43555  -37.217  -35.746  32.712 0.0000000000
44565  -37.147  -34.938  31.591 0.0000000000
44542  -37.579  -34.532  32.668 0.0000000000
45575  -38.129  -33.782  32.911 0.0000000000
46785  -44.589  -33.080  25.440 0.0000000000
36266  -24.157  -42.062  39.256 0.0000000000
36297  -23.878  -42.126  37.257 0.0000000000
36298  -24.888  -41.886  37.514 0.0000000000
37398  -25.166  -41.732  35.998 0.0000000000
37423  -24.770  -41.504  34.450 0.0000000000
48816  -43.279  -29.595  30.874 0.0000000000
48832  -43.079  -30.177  29.733 0.0000000000
48834  -44.645  -30.786  30.468 0.0000000000
47774  -44.901  -31.573  30.833 0.0000000000
45605  -44.157  -33.204  31.281 0.0000000000
46661  -45.070  -32.347  31.489 0.0000000000
46662  -45.380  -32.853  32.173 0.0000000000
45577  -45.763  -33.289  32.895 0.0000000000
35140  -33.011  -43.246  39.394 0.0000000000
35176  -32.256  -43.421  37.680 0.0000000000
35177  -33.178  -43.202  37.430 0.0000000000
36333  -32.771  -42.634  35.254 0.0000000000
36368  -32.293  -42.090  33.702 0.0000000000
40562  -34.657  -38.347  30.168 0.0000000000
40547  -34.018  -38.736  30.117 0.0000000000
40572  -33.531  -38.217  29.082 0.0000000000
41512  -32.411  -37.496  27.528 0.0000000000
42622  -31.464  -36.800  26.272 0.0000000000
42637  -29.608  -36.911  25.060 0.0000000000
42650  -30.670  -36.025  24.800 0.0000000000
46766  -36.903  -32.397  26.278 0.0000000000
46782  -37.552  -31.968  25.729 0.0000000000
51621  -47.221  -27.452  35.198 0.0000000000
49720  -47.352  -29.091  35.224 0.0000000000
50642  -47.780  -28.263  34.220 0.0000000000
49753  -48.049  -29.534  33.779 0.0000000000
49766  -48.207  -29.557  33.049 0.0000000000
50747  -47.838  -28.948  27.637 0.0000000000
49820  -48.485  -29.699  28.740 0.0000000000
49821  -49.463  -30.059  28.485 0.0000000000
48837  -51.099  -31.230  28.979 0.0000000000
46751  -51.155  -32.203  27.997 0.0000000000
46750  -50.301  -32.290  27.722 0.0000000000
47834  -51.606  -31.632  27.275 0.0000000000
47855  -51.767  -31.672  26.422 0.0000000000
46790  -51.642  -31.952  25.603 0.0000000000
111489  -52.170  -26.749  25.168 0.0000000000
50813  -51.967  -28.379  24.823 0.0000000000
111483  -50.614  -27.721  24.569 0.0000000000
28733  -21.605  -49.192  34.621 0.0000000000
28748  -20.624  -49.063  32.817 0.0000000000
29904  -21.648  -48.771  33.825 0.0000000000
29922  -21.053  -48.571  31.183 0.0000000000
29931  -21.230  -48.077  30.330 0.0000000000
35288  -20.781  -43.880  29.221 0.0000000000
34219  -20.229  -44.703  27.975 0.0000000000
35342  -20.125  -43.900  26.162 0.0000000000
34260  -20.052  -44.806  24.055 0.0000000000
33303  -20.605  -45.262  21.112 0.0000000000
31230  -21.653  -47.230  19.108 0.0000000000
33327  -22.027  -45.652  19.394 0.0000000000
36412  -28.311  -42.054  30.903 0.0000000000
37493  -27.515  -41.675  30.614 0.0000000000
37529  -27.381  -41.256  29.102 0.0000000000
38560  -25.883  -40.103  27.295 0.0000000000
39635  -25.017  -39.033  25.835 0.0000000000
47809  -39.217  -31.229  28.323 0.0000000000
47827  -40.070  -30.857  27.602 0.0000000000
47810  -39.991  -30.893  28.746 0.0000000000
47773  -40.211  -30.916  30.532 0.0000000000
48814  -41.164  -30.553  30.502 0.0000000000
46646  -40.064  -31.474  32.870 0.0000000000
48794  -41.246  -30.476  31.635 0.0000000000
48795  -42.184  -30.090  31.808 0.0000000000
48780  -42.176  -29.989  32.847 0.0000000000
49762  -43.190  -29.537  33.264 0.0000000000
49750  -43.586  -29.090  33.682 0.0000000000
37388  -36.065  -41.270  37.252 0.0000000000
37400  -35.236  -41.449  36.113 0.0000000000
37413  -36.143  -40.742  36.292 0.0000000000
38460  -35.946  -39.807  34.657 0.0000000000
39535  -35.357  -39.167  32.392 0.0000000000
40508  -36.874  -38.264  34.211 0.0000000000
40525  -35.889  -38.504  32.605 0.0000000000
40538  -35.423  -38.498  31.493 0.0000000000
41503  -34.792  -37.526  29.414 0.0000000000
42597  -34.806  -36.861  28.916 0.0000000000
43647  -34.487  -35.610  27.797 0.0000000000
44657  -33.800  -34.561  26.091 0.0000000000
44642  -34.837  -34.549  27.527 0.0000000000
44643  -35.454  -34.086  27.927 0.0000000000
45642  -36.026  -33.269  27.435 0.0000000000
45603  -36.875  -33.950  30.504 0.0000000000
45630  -36.510  -33.231  28.928 0.0000000000
45643  -36.451  -32.991  28.109 0.0000000000
46742  -37.751  -32.121  27.673 0.0000000000
47808  -38.475  -31.609  27.969 0.0000000000
50753  -53.561  -28.497  26.727 0.0000000000
111460  -53.078  -27.226  27.024 0.0000000000
111469  -53.555  -26.942  26.359 0.0000000000
53679  -53.285  -26.189  25.877 0.0000000000
54793  -52.621  -24.864  25.614 0.0000000000
54813  -52.204  -24.029  25.196 0.0000000000
33139  -23.379  -45.909  37.040 0.0000000000
32142  -22.739  -46.471  34.649 0.0000000000
33175  -22.904  -45.645  35.711 0.0000000000
34163  -22.197  -44.476  33.850 0.0000000000
35247  -21.884  -43.561  33.061 0.0000000000
36327  -22.644  -42.757  35.402 0.0000000000
36361  -22.199  -42.431  33.363 0.0000000000
35271  -21.583  -43.528  30.865 0.0000000000
36426  -21.312  -42.511  29.782 0.0000000000
36454  -21.154  -42.197  27.938 0.0000000000
37564  -21.429  -41.421  26.211 0.0000000000
48860  -40.924  -30.710  27.015 0.0000000000
48861  -41.880  -30.768  27.166 0.0000000000
48847  -43.024  -30.599  28.674 0.0000000000
43625  -46.173  -35.334  30.036 0.0000000000
44592  -46.943  -35.099  30.195 0.0000000000
35136  -28.114  -43.196  39.632 0.0000000000
35171  -27.724  -42.877  38.041 0.0000000000
35156  -28.954  -43.516  38.211 0.0000000000
35189  -29.467  -43.516  36.677 0.0000000000
35235  -29.291  -42.877  33.414 0.0000000000
35204  -30.619  -43.674  35.703 0.0000000000
35236  -30.201  -43.193  33.624 0.0000000000
36382  -29.263  -42.645  32.061 0.0000000000
36413  -29.026  -42.075  30.570 0.0000000000
37531  -28.767  -41.529  28.628 0.0000000000
38563  -28.778  -40.878  27.738 0.0000000000
36353  -34.143  -41.572  34.704 0.0000000000
37460  -32.971  -41.003  33.183 0.0000000000
38478  -31.691  -41.131  32.069 0.0000000000
39556  -33.228  -39.283  30.559 0.0000000000
38512  -31.690  -40.282  30.765 0.0000000000
37496  -31.079  -40.960  30.852 0.0000000000
38547  -30.343  -40.837  28.899 0.0000000000
38564  -29.647  -40.692  27.839 0.0000000000
44676  -33.950  -34.214  25.081 0.0000000000
43458  -39.912  -35.132  37.617 0.0000000000
44477  -40.343  -34.152  37.539 0.0000000000
28692  -22.392  -49.361  36.562 0.0000000000
32095  -23.403  -46.615  38.280 0.0000000000
33106  -22.641  -45.185  38.735 0.0000000000
35115  -22.655  -43.826  39.874 0.0000000000
36241  -24.354  -41.805  41.426 0.0000000000
35098  -25.847  -42.446  41.341 0.0000000000
35099  -26.512  -42.654  41.456 0.0000000000
35101  -28.358  -42.863  41.328 0.0000000000
34071  -29.213  -43.017  41.399 0.0000000000
34073  -30.188  -43.448  40.986 0.0000000000
35103  -31.055  -43.330  41.170 0.0000000000
35086  -31.478  -42.867  42.166 0.0000000000
35124  -32.675  -42.907  40.244 0.0000000000
35125  -33.663  -43.031  40.157 0.0000000000
35126  -34.512  -42.734  39.956 0.0000000000
36269  -35.361  -42.121  39.366 0.0000000000
36270  -35.940  -41.467  39.061 0.0000000000
37380  -36.838  -40.334  38.522 0.0000000000
39430  -37.839  -39.355  38.421 0.0000000000
42450  -39.612  -36.080  37.406 0.0000000000
45514  -40.783  -33.401  37.850 0.0000000000
46575  -41.438  -32.084  37.632 0.0000000000
47678  -41.517  -31.366  36.980 0.0000000000
47633  -41.861  -30.628  39.179 0.0000000000
48697  -42.393  -30.205  37.863 0.0000000000
48711  -42.160  -29.924  36.893 0.0000000000
49702  -42.605  -29.226  36.428 0.0000000000
49718  -43.390  -28.632  35.060 0.0000000000
50640  -44.656  -28.604  34.568 0.0000000000
51611  -44.764  -27.624  36.756 0.0000000000
50616  -45.135  -28.100  36.129 0.0000000000
49736  -45.624  -29.484  34.318 0.0000000000
48748  -46.121  -30.146  34.492 0.0000000000
46617  -46.693  -31.623  34.302 0.0000000000
45563  -46.577  -32.712  33.838 0.0000000000
47709  -47.570  -30.977  34.710 0.0000000000
45551  -47.080  -32.496  34.262 0.0000000000
44526  -46.559  -33.785  33.475 0.0000000000
43557  -47.392  -35.172  32.483 0.0000000000
44569  -48.099  -35.098  31.271 0.0000000000
44593  -47.756  -34.825  30.605 0.0000000000
50679  -48.369  -28.616  31.549 0.0000000000
48799  -48.696  -30.984  31.505 0.0000000000
48835  -48.920  -30.414  29.654 0.0000000000
48820  -49.487  -31.467  30.705 0.0000000000
47756  -49.333  -32.176  31.548 0.0000000000
45593  -49.177  -33.760  31.470 0.0000000000
45623  -48.566  -33.559  30.248 0.0000000000
45635  -47.288  -33.676  28.963 0.0000000000
46720  -46.727  -32.832  27.850 0.0000000000
46746  -46.256  -32.546  27.086 0.0000000000
47851  -45.934  -31.724  25.871 0.0000000000
47854  -48.758  -31.678  26.217 0.0000000000
47853  -47.748  -31.551  25.964 0.0000000000
46820  -45.334  -31.829  24.057 0.0000000000
48875  -53.552  -29.777  26.167 0.0000000000
46809  -52.541  -31.391  25.065 0.0000000000
46807  -51.176  -32.122  24.626 0.0000000000
49861  -51.377  -29.728  24.332 0.0000000000
47883  -50.708  -31.964  23.857 0.0000000000
29913  -19.713  -48.703  32.211 0.0000000000
32161  -22.381  -46.505  32.875 0.0000000000
31058  -21.290  -47.347  30.467 0.0000000000
31077  -20.821  -47.422  28.445 0.0000000000
33231  -20.320  -45.754  27.555 0.0000000000
32200  -20.651  -46.743  27.428 0.0000000000
31106  -19.995  -47.316  25.893 0.0000000000
31134  -19.394  -47.035  24.350 0.0000000000
36317  -27.381  -42.602  36.491 0.0000000000
37425  -26.596  -41.971  34.369 0.0000000000
37455  -25.250  -40.850  32.664 0.0000000000
37492  -26.454  -41.145  30.676 0.0000000000
37491  -25.312  -40.686  30.665 0.0000000000
37490  -24.101  -40.659  30.886 0.0000000000
38539  -22.973  -40.367  28.762 0.0000000000
38579  -21.866  -40.693  26.445 0.0000000000
38623  -21.449  -41.003  24.478 0.0000000000
40622  -25.290  -38.379  24.377 0.0000000000
40634  -24.064  -38.814  23.828 0.0000000000
38640  -23.196  -39.863  23.438 0.0000000000
38654  -22.998  -40.558  23.007 0.0000000000
37629  -21.819  -41.350  22.839 0.0000000000
36567  -22.189  -42.623  21.568 0.0000000000
44501  -39.253  -34.630  35.782 0.0000000000
45539  -39.814  -33.505  36.125 0.0000000000
43477  -39.553  -35.403  36.742 0.0000000000
43498  -39.281  -35.724  36.103 0.0000000000
44500  -38.967  -34.862  35.451 0.0000000000
44630  -45.774  -34.618  28.388 0.0000000000
44648  -46.237  -34.074  28.111 0.0000000000
35153  -26.620  -42.814  39.609 0.0000000000
35154  -27.279  -43.002  38.998 0.0000000000
49764  -44.668  -29.286  32.732 0.0000000000
49765  -45.521  -29.755  32.639 0.0000000000
36285  -34.995  -42.418  38.245 0.0000000000
36302  -34.344  -42.575  37.374 0.0000000000
43646  -33.830  -35.759  27.202 0.0000000000
42624  -33.408  -36.239  26.761 0.0000000000
50750  -51.658  -28.478  27.380 0.0000000000
49833  -51.713  -29.282  27.471 0.0000000000
49834  -52.381  -29.267  27.173 0.0000000000
31005  -22.963  -47.407  35.568 0.0000000000
31012  -22.800  -47.482  35.061 0.0000000000
32143  -22.973  -46.998  35.104 0.0000000000
37614  -20.588  -42.258  23.889 0.0000000000
36510  -20.437  -42.736  24.435 0.0000000000
36545  -20.626  -42.852  22.441 0.0000000000
35405  -20.929  -43.105  21.792 0.0000000000
38583  -27.513  -40.281  26.657 0.0000000000
46676  -38.718  -32.165  31.105 0.0000000000
47707  -41.254  -30.897  34.920 0.0000000000
47721  -41.057  -30.896  34.448 0.0000000000
39472  -37.734  -39.064  36.683 0.0000000000
43577  -36.991  -36.000  31.816 0.0000000000
42553  -36.667  -36.906  31.898 0.0000000000
43576  -36.703  -36.272  31.256 0.0000000000
43598  -36.414  -35.862  30.587 0.0000000000
44589  -36.748  -35.038  30.760 0.0000000000
46658  -37.772  -32.863  31.317 0.0000000000
35133  -22.831  -43.045  38.468 0.0000000000
35152  -22.791  -43.099  37.712 0.0000000000
36279  -23.349  -42.585  37.937 0.0000000000
37439  -24.380  -41.196  33.497 0.0000000000
37438  -23.111  -41.644  33.276 0.0000000000
37469  -22.646  -41.453  31.428 0.0000000000
37470  -23.579  -41.047  31.598 0.0000000000
46699  -44.218  -32.167  30.160 0.0000000000
46698  -43.835  -32.506  29.777 0.0000000000
44544  -45.289  -34.115  32.450 0.0000000000
34108  -30.849  -43.674  39.141 0.0000000000
34119  -30.891  -43.802  38.373 0.0000000000
36367  -31.574  -42.515  33.420 0.0000000000
36383  -30.701  -42.710  32.653 0.0000000000
36384  -31.089  -42.417  32.365 0.0000000000
36415  -30.393  -42.235  30.825 0.0000000000
37474  -30.800  -42.056  31.184 0.0000000000
38482  -34.877  -39.569  32.442 0.0000000000
38481  -34.345  -39.797  32.275 0.0000000000
38494  -34.192  -39.517  31.636 0.0000000000
40570  -31.800  -38.299  28.409 0.0000000000
40594  -30.757  -38.299  27.200 0.0000000000
40580  -30.415  -38.950  27.290 0.0000000000
41527  -30.141  -37.712  26.219 0.0000000000
46765  -36.184  -32.719  25.969 0.0000000000
51613  -46.616  -27.454  35.978 0.0000000000
51612  -46.337  -27.016  36.405 0.0000000000
51597  -46.352  -27.817  36.253 0.0000000000
50617  -46.272  -28.287  36.135 0.0000000000
50618  -46.495  -28.276  35.922 0.0000000000
48714  -46.805  -29.724  35.445 0.0000000000
49705  -47.163  -28.848  35.685 0.0000000000
47724  -48.434  -31.513  33.442 0.0000000000
45578  -48.981  -33.478  32.617 0.0000000000
46648  -48.942  -32.750  32.686 0.0000000000
51700  -47.314  -27.903  28.953 0.0000000000
51690  -47.525  -28.048  29.474 0.0000000000
50712  -47.794  -28.658  29.977 0.0000000000
50711  -47.602  -28.635  29.407 0.0000000000
46725  -51.208  -32.274  28.987 0.0000000000
46787  -48.897  -32.151  24.944 0.0000000000
46805  -48.767  -32.269  24.389 0.0000000000
111481  -53.338  -27.032  25.403 0.0000000000
50794  -53.233  -28.022  25.233 0.0000000000
51733  -52.779  -28.017  25.036 0.0000000000
28731  -19.818  -49.537  34.239 0.0000000000
29937  -20.594  -48.069  29.105 0.0000000000
29936  -19.953  -48.264  28.803 0.0000000000
31091  -19.398  -47.629  27.403 0.0000000000
29961  -20.014  -47.908  27.550 0.0000000000
34184  -21.649  -44.491  31.380 0.0000000000
33222  -21.376  -45.457  30.995 0.0000000000
31229  -20.451  -46.997  19.653 0.0000000000
36365  -28.451  -42.462  33.196 0.0000000000
36364  -27.833  -42.191  33.638 0.0000000000
36380  -27.734  -42.098  32.687 0.0000000000
39610  -24.356  -39.364  26.513 0.0000000000
39579  -24.564  -39.795  28.111 0.0000000000
39609  -23.384  -39.422  26.258 0.0000000000
46631  -39.091  -33.078  33.778 0.0000000000
45562  -39.168  -33.242  34.156 0.0000000000
46599  -40.073  -32.885  35.900 0.0000000000
46600  -40.513  -32.364  35.897 0.0000000000
41395  -38.940  -37.146  36.742 0.0000000000
43515  -38.417  -35.549  34.974 0.0000000000
42513  -38.167  -36.461  35.008 0.0000000000
43537  -38.014  -35.882  34.246 0.0000000000
44524  -37.699  -34.731  33.360 0.0000000000
45548  -38.909  -34.020  34.765 0.0000000000
44646  -44.908  -34.737  27.130 0.0000000000
46771  -44.933  -32.855  26.130 0.0000000000
36280  -24.116  -42.156  38.228 0.0000000000
36281  -25.117  -42.027  38.546 0.0000000000
36315  -25.596  -41.856  36.663 0.0000000000
37399  -25.654  -41.822  36.054 0.0000000000
37409  -25.008  -41.717  35.286 0.0000000000
37410  -25.691  -41.861  35.560 0.0000000000
47864  -41.151  -31.887  25.759 0.0000000000
48796  -42.878  -29.673  32.085 0.0000000000
49801  -44.792  -29.947  31.252 0.0000000000
48817  -44.436  -29.940  30.678 0.0000000000
47794  -44.476  -31.502  30.258 0.0000000000
47753  -45.348  -31.376  31.382 0.0000000000
47738  -46.121  -31.534  32.589 0.0000000000
47754  -45.703  -32.011  31.935 0.0000000000
46647  -45.869  -32.405  32.586 0.0000000000
46634  -46.265  -32.018  33.368 0.0000000000
35159  -33.137  -43.326  38.442 0.0000000000
36318  -33.716  -42.605  36.401 0.0000000000
35207  -33.070  -42.719  35.859 0.0000000000
36351  -32.661  -42.228  34.423 0.0000000000
41491  -34.564  -37.894  29.511 0.0000000000
40561  -34.345  -38.306  29.726 0.0000000000
41502  -34.198  -37.720  28.967 0.0000000000
41513  -33.217  -37.334  27.655 0.0000000000
41530  -32.753  -37.179  27.020 0.0000000000
41529  -31.961  -37.161  26.953 0.0000000000
42639  -31.752  -36.251  25.707 0.0000000000
52560  -47.634  -26.656  34.925 0.0000000000
50631  -47.433  -28.279  34.889 0.0000000000
51635  -48.543  -27.428  33.150 0.0000000000
50653  -48.158  -28.394  33.404 0.0000000000
50662  -48.398  -28.540  32.487 0.0000000000
49843  -49.575  -28.596  27.112 0.0000000000
50774  -49.548  -27.546  26.547 0.0000000000
50773  -49.000  -28.551  26.742 0.0000000000
49842  -49.111  -29.122  27.130 0.0000000000
49830  -48.676  -29.522  27.765 0.0000000000
49831  -49.780  -29.311  27.695 0.0000000000
48851  -51.646  -30.945  28.128 0.0000000000
48850  -50.862  -30.410  28.243 0.0000000000
48838  -51.455  -31.468  28.656 0.0000000000
47813  -51.586  -31.650  28.249 0.0000000000
46791  -52.300  -31.661  25.394 0.0000000000
111493  -51.789  -25.622  25.245 0.0000000000
28734  -22.008  -49.205  35.078 0.0000000000
29886  -21.863  -48.885  34.370 0.0000000000
29916  -21.875  -47.955  32.225 0.0000000000
29915  -21.395  -48.591  32.485 0.0000000000
29923  -21.698  -47.987  31.392 0.0000000000
35307  -20.623  -43.548  28.431 0.0000000000
35325  -20.246  -43.763  27.288 0.0000000000
34289  -20.283  -44.278  22.318 0.0000000000
35357  -20.179  -44.030  24.947 0.0000000000
34275  -20.146  -44.549  23.066 0.0000000000
33287  -20.314  -45.218  22.164 0.0000000000
32306  -21.071  -45.596  19.911 0.0000000000
33315  -21.011  -45.163  20.386 0.0000000000
34336  -23.063  -44.985  19.790 0.0000000000
34335  -22.658  -45.092  19.737 0.0000000000
37494  -28.262  -41.810  30.272 0.0000000000
37512  -27.778  -41.562  29.681 0.0000000000
38582  -26.599  -39.943  26.487 0.0000000000
38581  -26.006  -39.830  26.725 0.0000000000
39611  -25.454  -39.597  26.668 0.0000000000
39612  -26.074  -39.650  26.433 0.0000000000
47792  -39.867  -31.011  29.748 0.0000000000
48764  -41.156  -30.559  33.549 0.0000000000
47737  -40.403  -31.047  32.592 0.0000000000
49749  -42.879  -29.291  33.995 0.0000000000
37389  -36.563  -40.933  37.730 0.0000000000
37402  -36.368  -40.879  36.965 0.0000000000
38439  -36.658  -40.372  36.632 0.0000000000
39491  -36.693  -39.575  35.319 0.0000000000
38449  -36.224  -40.126  35.478 0.0000000000
39509  -35.876  -39.612  34.099 0.0000000000
39523  -35.559  -39.559  33.373 0.0000000000
39524  -36.061  -39.074  33.532 0.0000000000
41422  -37.690  -37.472  34.950 0.0000000000
40490  -37.157  -38.494  34.775 0.0000000000
41460  -35.934  -37.811  31.603 0.0000000000
40539  -35.700  -38.375  31.930 0.0000000000
41459  -35.625  -38.068  31.267 0.0000000000
41475  -35.493  -37.824  30.778 0.0000000000
43619  -35.378  -36.249  29.137 0.0000000000
43634  -35.040  -35.958  28.510 0.0000000000
44626  -35.207  -35.039  28.228 0.0000000000
44627  -35.635  -34.523  28.698 0.0000000000
45629  -35.944  -33.633  28.419 0.0000000000
46716  -37.103  -32.623  28.388 0.0000000000
47790  -38.580  -31.737  28.853 0.0000000000
111465  -53.097  -26.411  26.757 0.0000000000
54773  -52.830  -25.100  26.437 0.0000000000
55828  -52.752  -23.727  26.240 0.0000000000
55846  -52.551  -23.707  25.651 0.0000000000
33138  -22.965  -45.307  37.387 0.0000000000
33159  -22.995  -45.396  36.560 0.0000000000
34128  -22.715  -44.629  36.945 0.0000000000
35200  -22.303  -43.799  35.732 0.0000000000
34156  -22.430  -44.858  35.058 0.0000000000
36362  -22.392  -42.004  32.704 0.0000000000
36377  -21.887  -42.683  32.533 0.0000000000
35272  -21.696  -43.236  31.462 0.0000000000
35289  -21.218  -43.453  29.803 0.0000000000
36411  -21.712  -42.540  31.106 0.0000000000
37527  -21.536  -41.576  28.565 0.0000000000
37508  -21.408  -41.791  29.575 0.0000000000
36471  -21.003  -42.097  26.908 0.0000000000
37545  -21.648  -41.230  27.380 0.0000000000
44566  -44.125  -34.108  31.387 0.0000000000
43602  -45.529  -35.520  30.713 0.0000000000
34081  -28.972  -43.335  40.405 0.0000000000
34092  -28.980  -43.418  39.203 0.0000000000
34106  -29.561  -43.676  38.439 0.0000000000
35190  -30.314  -43.699  36.769 0.0000000000
35174  -29.872  -43.689  37.329 0.0000000000
35220  -29.202  -42.956  34.750 0.0000000000
35191  -31.276  -43.705  36.915 0.0000000000
35250  -30.395  -42.897  33.019 0.0000000000
35249  -29.768  -42.876  32.517 0.0000000000
35248  -29.295  -42.742  32.540 0.0000000000
36397  -28.819  -42.360  31.501 0.0000000000
36398  -29.583  -42.605  31.547 0.0000000000
36428  -29.556  -41.996  30.019 0.0000000000
37514  -29.256  -41.754  29.306 0.0000000000
37547  -28.992  -41.286  28.166 0.0000000000
37548  -29.227  -41.106  28.027 0.0000000000
37411  -34.929  -41.404  35.480 0.0000000000
37428  -34.616  -41.237  34.620 0.0000000000
38480  -33.403  -40.475  32.524 0.0000000000
37444  -33.603  -41.189  33.731 0.0000000000
37459  -32.360  -41.429  33.038 0.0000000000
38479  -32.293  -40.884  32.463 0.0000000000
40560  -33.662  -38.600  29.690 0.0000000000
39571  -32.998  -38.997  30.073 0.0000000000
39581  -31.447  -39.112  29.066 0.0000000000
38530  -31.334  -39.881  30.069 0.0000000000
38529  -30.735  -40.483  29.885 0.0000000000
39580  -30.787  -39.955  28.815 0.0000000000
39615  -29.898  -39.389  27.109 0.0000000000
39592  -29.610  -39.970  27.312 0.0000000000
38585  -29.082  -40.320  27.253 0.0000000000
39614  -29.110  -39.645  26.535 0.0000000000
45659  -34.469  -33.822  25.761 0.0000000000
28691  -21.898  -49.755  36.239 0.0000000000
34091  -22.608  -45.612  39.671 0.0000000000
36256  -24.234  -41.908  40.340 0.0000000000
35082  -27.753  -42.544  42.143 0.0000000000
35083  -28.793  -42.609  42.035 0.0000000000
34074  -30.581  -43.477  40.969 0.0000000000
35087  -32.587  -42.541  41.836 0.0000000000
36224  -32.105  -42.399  42.526 0.0000000000
35104  -32.107  -42.786  41.134 0.0000000000
35107  -34.562  -42.360  40.597 0.0000000000
35142  -34.586  -42.794  38.918 0.0000000000
37372  -35.712  -41.085  39.788 0.0000000000
37379  -36.492  -40.840  38.746 0.0000000000
38422  -36.760  -40.187  38.806 0.0000000000
38423  -37.192  -39.935  38.526 0.0000000000
44467  -40.551  -34.032  38.347 0.0000000000
46567  -41.557  -31.951  38.574 0.0000000000
49677  -42.831  -29.482  38.138 0.0000000000
48683  -42.513  -29.926  38.504 0.0000000000
48729  -42.252  -29.862  35.798 0.0000000000
50614  -43.510  -28.251  36.619 0.0000000000
50626  -43.042  -28.672  36.188 0.0000000000
50627  -43.589  -28.357  35.633 0.0000000000
50639  -43.899  -28.436  34.835 0.0000000000
50628  -44.519  -28.263  35.371 0.0000000000
52537  -45.484  -26.673  37.070 0.0000000000
51594  -44.352  -27.574  37.258 0.0000000000
50629  -45.338  -28.806  35.026 0.0000000000
49719  -45.840  -29.516  34.959 0.0000000000
46602  -46.721  -31.054  34.766 0.0000000000
47695  -46.494  -30.681  34.756 0.0000000000
45550  -46.830  -32.199  34.243 0.0000000000
48733  -47.558  -29.744  34.993 0.0000000000
48749  -47.513  -30.332  34.981 0.0000000000
45552  -47.643  -32.714  34.059 0.0000000000
46619  -47.518  -31.864  34.396 0.0000000000
45564  -47.149  -33.239  33.880 0.0000000000
44527  -47.388  -33.979  33.421 0.0000000000
44546  -46.893  -34.659  33.127 0.0000000000
44547  -47.795  -34.535  32.822 0.0000000000
43559  -48.620  -34.868  32.110 0.0000000000
43582  -48.445  -35.099  31.980 0.0000000000
44594  -48.297  -34.741  31.088 0.0000000000
50694  -48.048  -28.652  30.592 0.0000000000
49787  -48.203  -29.701  32.050 0.0000000000
49812  -48.954  -30.214  29.186 0.0000000000
48800  -49.175  -31.606  31.370 0.0000000000
46663  -49.516  -32.954  31.391 0.0000000000
46679  -49.679  -32.860  30.589 0.0000000000
46701  -48.566  -32.909  29.540 0.0000000000
45624  -48.920  -33.507  30.539 0.0000000000
45622  -47.822  -33.899  29.802 0.0000000000
45634  -46.752  -33.527  28.303 0.0000000000
46721  -47.429  -32.709  28.394 0.0000000000
46748  -48.131  -31.914  27.752 0.0000000000
47830  -46.298  -31.878  26.435 0.0000000000
46773  -49.430  -31.830  26.378 0.0000000000
47867  -47.382  -31.574  25.064 0.0000000000
47866  -46.349  -31.490  25.143 0.0000000000
49845  -53.454  -29.320  26.467 0.0000000000
49852  -53.766  -29.354  25.975 0.0000000000
48883  -52.679  -30.366  24.742 0.0000000000
48884  -53.113  -30.178  25.254 0.0000000000
47885  -52.426  -31.190  24.529 0.0000000000
46808  -52.096  -31.864  24.785 0.0000000000
47884  -51.710  -31.661  23.985 0.0000000000
50812  -50.759  -28.867  24.519 0.0000000000
48881  -50.780  -30.970  23.854 0.0000000000
28747  -20.171  -49.006  32.523 0.0000000000
29921  -20.082  -48.401  31.082 0.0000000000
31057  -19.441  -48.079  30.508 0.0000000000
31090  -18.284  -47.116  27.301 0.0000000000
31117  -18.886  -47.081  25.485 0.0000000000
32213  -18.172  -46.705  25.715 0.0000000000
32229  -18.266  -46.663  24.779 0.0000000000
32243  -18.353  -46.666  23.844 0.0000000000
32151  -22.520  -46.500  33.803 0.0000000000
32177  -21.247  -46.417  30.691 0.0000000000
32183  -20.925  -46.648  29.741 0.0000000000
31068  -20.926  -47.563  29.379 0.0000000000
34227  -20.008  -44.858  26.889 0.0000000000
33236  -20.311  -45.881  26.480 0.0000000000
32230  -20.142  -46.441  24.770 0.0000000000
32214  -20.396  -46.774  25.973 0.0000000000
31119  -19.792  -46.850  25.094 0.0000000000
31231  -22.665  -47.265  19.307 0.0000000000
30098  -22.371  -48.389  19.509 0.0000000000
35187  -27.935  -42.917  37.156 0.0000000000
36347  -26.889  -42.167  34.917 0.0000000000
37441  -26.492  -41.809  33.799 0.0000000000
37440  -25.588  -41.395  33.648 0.0000000000
37511  -26.813  -41.253  29.719 0.0000000000
37510  -25.974  -40.878  30.004 0.0000000000
38509  -24.467  -40.572  30.084 0.0000000000
38508  -23.494  -40.582  30.324 0.0000000000
38604  -22.110  -40.170  25.802 0.0000000000
38580  -22.285  -40.078  26.645 0.0000000000
38603  -21.693  -40.816  25.510 0.0000000000
38638  -21.510  -40.957  23.767 0.0000000000
39700  -24.729  -39.041  22.771 0.0000000000
40635  -24.672  -38.544  23.518 0.0000000000
39679  -24.064  -39.162  23.318 0.0000000000
36549  -24.329  -42.222  22.937 0.0000000000
38641  -23.688  -39.568  23.361 0.0000000000
39677  -22.956  -39.641  24.017 0.0000000000
37630  -22.793  -41.333  22.554 0.0000000000
36569  -23.239  -42.817  21.917 0.0000000000
36547  -22.443  -42.039  22.107 0.0000000000
36568  -22.954  -42.628  21.669 0.0000000000
45549  -39.215  -33.552  34.923 0.0000000000
45540  -40.197  -32.976  36.229 0.0000000000
42493  -39.216  -36.145  36.209 0.0000000000
44511  -38.713  -34.605  34.997 0.0000000000
43652  -45.188  -34.887  27.892 0.0000000000
45646  -45.641  -33.410  27.095 0.0000000000
36268  -26.013  -42.467  39.931 0.0000000000
36282  -26.179  -42.475  38.943 0.0000000000
36316  -26.541  -42.218  36.682 0.0000000000
48797  -45.275  -30.460  31.528 0.0000000000
49786  -45.561  -30.264  32.043 0.0000000000
48782  -46.032  -30.647  32.546 0.0000000000
48768  -46.279  -30.847  32.939 0.0000000000
35160  -34.004  -42.988  38.189 0.0000000000
35178  -33.788  -42.935  37.525 0.0000000000
41514  -33.783  -37.292  28.213 0.0000000000
42640  -32.458  -35.970  25.756 0.0000000000
44674  -32.385  -35.022  25.005 0.0000000000
47845  -38.189  -31.701  26.134 0.0000000000
50749  -50.461  -28.454  27.340 0.0000000000
49832  -50.884  -29.402  27.726 0.0000000000
48852  -51.861  -30.984  27.702 0.0000000000
47835  -51.864  -31.200  27.513 0.0000000000
48865  -52.126  -30.440  27.142 0.0000000000
48874  -53.069  -30.292  26.325 0.0000000000
29867  -22.596  -48.603  35.958 0.0000000000
31038  -22.162  -47.360  32.583 0.0000000000
36470  -20.458  -42.912  26.541 0.0000000000
36489  -20.407  -43.009  25.491 0.0000000000
35386  -20.258  -43.595  22.826 0.0000000000
34318  -20.868  -44.618  20.872 0.0000000000
35422  -20.866  -43.670  21.497 0.0000000000
35442  -22.223  -43.788  20.630 0.0000000000
34321  -23.400  -44.627  20.508 0.0000000000
38544  -28.294  -41.157  28.187 0.0000000000
38543  -27.441  -40.872  28.354 0.0000000000
38605  -26.791  -39.804  25.814 0.0000000000
38431  -37.276  -40.022  37.481 0.0000000000
38440  -37.040  -39.814  36.232 0.0000000000
39511  -37.006  -39.000  34.943 0.0000000000
42530  -37.018  -37.040  33.432 0.0000000000
41434  -36.717  -37.510  33.340 0.0000000000
42543  -36.763  -36.991  32.813 0.0000000000
42566  -35.724  -37.116  30.613 0.0000000000
45588  -37.967  -33.542  32.175 0.0000000000
35169  -22.645  -43.757  37.329 0.0000000000
36295  -22.603  -43.231  36.940 0.0000000000
36312  -22.600  -42.964  36.341 0.0000000000
37408  -24.068  -41.637  35.198 0.0000000000
36328  -23.198  -42.000  34.995 0.0000000000
36395  -22.246  -41.838  31.851 0.0000000000
37468  -21.958  -41.884  31.408 0.0000000000
45591  -45.268  -33.343  32.298 0.0000000000
43580  -46.984  -35.576  31.834 0.0000000000
34107  -30.305  -43.783  38.814 0.0000000000
34118  -30.319  -43.834  37.802 0.0000000000
35223  -31.666  -43.239  34.677 0.0000000000
35262  -30.201  -42.838  32.323 0.0000000000
36429  -30.133  -42.050  30.253 0.0000000000
37515  -30.043  -41.476  29.481 0.0000000000
38459  -35.348  -40.420  34.257 0.0000000000
38458  -34.653  -40.908  34.050 0.0000000000
40571  -32.770  -38.199  28.780 0.0000000000
40558  -32.152  -38.604  29.180 0.0000000000
39594  -31.110  -39.183  28.344 0.0000000000
44659  -35.340  -33.783  27.062 0.0000000000
35064  -28.886  -42.359  42.661 0.0000000000
36243  -33.403  -42.208  41.595 0.0000000000
36244  -33.843  -42.165  41.461 0.0000000000
39407  -36.682  -39.414  39.480 0.0000000000
45492  -41.287  -32.576  39.201 0.0000000000
46556  -41.489  -31.684  39.367 0.0000000000
47648  -41.746  -31.202  38.866 0.0000000000
49678  -42.975  -28.875  38.227 0.0000000000
49690  -42.941  -29.062  37.851 0.0000000000
50602  -42.903  -28.832  37.323 0.0000000000
50603  -43.155  -28.528  37.538 0.0000000000
51593  -43.810  -27.881  37.119 0.0000000000
51609  -43.954  -27.853  36.656 0.0000000000
52549  -46.093  -26.605  36.678 0.0000000000
50605  -45.911  -28.014  36.416 0.0000000000
49692  -46.106  -28.470  36.124 0.0000000000
48712  -45.905  -29.806  35.201 0.0000000000
48730  -45.981  -30.055  35.002 0.0000000000
48713  -46.423  -29.817  35.337 0.0000000000
47679  -46.755  -30.163  35.335 0.0000000000
47697  -47.174  -30.739  35.080 0.0000000000
47710  -48.142  -31.239  34.296 0.0000000000
45553  -48.183  -32.855  33.748 0.0000000000
44528  -48.196  -33.957  33.171 0.0000000000
44529  -48.626  -33.782  32.882 0.0000000000
44549  -49.203  -34.069  31.984 0.0000000000
51691  -47.738  -27.815  29.975 0.0000000000
47796  -50.696  -31.830  29.788 0.0000000000
47776  -50.430  -32.270  30.082 0.0000000000
46680  -50.168  -32.444  30.194 0.0000000000
46722  -48.461  -32.417  28.572 0.0000000000
46788  -49.357  -31.991  25.408 0.0000000000
47868  -48.496  -31.918  25.102 0.0000000000
47881  -47.902  -32.072  24.193 0.0000000000
111474  -54.118  -27.899  25.804 0.0000000000
50815  -53.296  -29.094  25.321 0.0000000000
49863  -53.016  -29.609  25.061 0.0000000000
49862  -52.379  -29.592  24.640 0.0000000000
29903  -19.162  -48.757  32.866 0.0000000000
29929  -20.065  -48.286  29.839 0.0000000000
31075  -19.375  -47.848  28.484 0.0000000000
33216  -22.239  -45.617  32.396 0.0000000000
33215  -21.833  -45.543  31.701 0.0000000000
33229  -20.866  -45.994  29.202 0.0000000000
33257  -20.190  -45.729  24.357 0.0000000000
32244  -20.152  -46.342  23.799 0.0000000000
31206  -19.617  -47.120  20.591 0.0000000000
31228  -19.466  -47.582  19.690 0.0000000000
30096  -19.985  -48.179  19.244 0.0000000000
28936  -21.519  -49.091  19.514 0.0000000000
36332  -28.447  -42.670  34.940 0.0000000000
36331  -27.739  -42.615  35.550 0.0000000000
36348  -27.768  -42.375  34.522 0.0000000000
36379  -27.185  -41.877  33.378 0.0000000000
38541  -25.233  -40.105  28.246 0.0000000000
39578  -24.095  -39.685  27.945 0.0000000000
38558  -23.474  -39.929  28.059 0.0000000000
39588  -22.863  -39.717  26.776 0.0000000000
39608  -22.621  -39.672  26.043 0.0000000000
39632  -22.406  -39.751  25.339 0.0000000000
36528  -24.176  -43.082  23.267 0.0000000000
47694  -41.318  -31.406  35.836 0.0000000000
40456  -37.967  -38.511  36.519 0.0000000000
40472  -38.003  -37.805  35.999 0.0000000000
41408  -37.890  -37.697  35.654 0.0000000000
42512  -37.899  -36.802  34.630 0.0000000000
42531  -37.587  -36.584  33.835 0.0000000000
42544  -37.014  -36.516  33.085 0.0000000000
44543  -37.817  -34.412  33.236 0.0000000000
45574  -37.831  -33.875  32.334 0.0000000000
44680  -44.442  -34.322  25.550 0.0000000000
36314  -24.564  -41.798  36.583 0.0000000000
37397  -24.449  -41.712  35.848 0.0000000000
48833  -44.140  -30.408  29.912 0.0000000000
46677  -44.019  -32.634  30.421 0.0000000000
46678  -44.378  -32.538  30.899 0.0000000000
35158  -32.242  -43.386  38.652 0.0000000000
35175  -31.489  -43.626  38.014 0.0000000000
35192  -32.255  -43.332  36.641 0.0000000000
35193  -33.031  -43.000  36.505 0.0000000000
35206  -32.370  -43.090  35.636 0.0000000000
36350  -31.929  -42.790  34.291 0.0000000000
37442  -32.127  -41.890  33.278 0.0000000000
40548  -34.414  -38.650  30.370 0.0000000000
39558  -34.512  -38.945  30.942 0.0000000000
41501  -33.397  -37.763  28.449 0.0000000000
41500  -32.648  -37.775  28.129 0.0000000000
41499  -32.107  -37.765  27.942 0.0000000000
41542  -30.480  -37.178  26.097 0.0000000000
42621  -30.858  -36.951  26.201 0.0000000000
42638  -30.630  -36.552  25.548 0.0000000000
43675  -31.233  -35.984  25.145 0.0000000000
46781  -36.716  -32.256  25.223 0.0000000000
46798  -36.955  -31.912  24.418 0.0000000000
47860  -37.439  -31.822  24.914 0.0000000000
52559  -46.959  -26.667  35.553 0.0000000000
49721  -47.613  -29.120  34.673 0.0000000000
51628  -48.289  -27.459  33.788 0.0000000000
49737  -47.791  -29.096  34.098 0.0000000000
48784  -48.388  -30.714  32.706 0.0000000000
49819  -47.800  -29.263  29.011 0.0000000000
49829  -47.955  -29.344  28.289 0.0000000000
48849  -50.158  -30.368  28.589 0.0000000000
49822  -50.237  -29.997  28.099 0.0000000000
47797  -51.331  -31.798  29.105 0.0000000000
46775  -51.012  -31.900  26.725 0.0000000000
111487  -52.529  -27.547  25.031 0.0000000000
28742  -21.162  -49.136  33.954 0.0000000000
28749  -21.125  -49.018  33.310 0.0000000000
29938  -20.937  -48.074  29.719 0.0000000000
31067  -20.804  -47.752  28.755 0.0000000000
34208  -20.954  -44.543  29.620 0.0000000000
34207  -20.584  -44.601  28.872 0.0000000000
34247  -20.096  -45.102  24.899 0.0000000000
33271  -20.206  -45.631  23.276 0.0000000000
32305  -20.634  -46.011  20.269 0.0000000000
32322  -21.237  -46.124  19.438 0.0000000000
33317  -22.313  -45.234  19.702 0.0000000000
32324  -23.224  -46.520  19.595 0.0000000000
36396  -27.891  -42.149  31.634 0.0000000000
38542  -26.377  -40.533  28.245 0.0000000000
38559  -25.306  -39.943  27.552 0.0000000000
39591  -25.331  -39.883  27.226 0.0000000000
47736  -40.095  -31.271  32.044 0.0000000000
48781  -42.849  -29.797  32.847 0.0000000000
49783  -43.394  -29.541  32.504 0.0000000000
49763  -43.857  -29.284  32.946 0.0000000000
49751  -44.353  -29.012  33.451 0.0000000000
36304  -36.043  -41.438  37.644 0.0000000000
37401  -35.745  -41.254  36.603 0.0000000000
37412  -35.582  -40.955  35.742 0.0000000000
38448  -35.538  -40.595  35.166 0.0000000000
39546  -35.048  -39.039  31.726 0.0000000000
40489  -36.796  -38.574  34.314 0.0000000000
40507  -36.539  -38.307  33.669 0.0000000000
39536  -35.725  -39.088  32.970 0.0000000000
39559  -34.930  -38.866  31.243 0.0000000000
40549  -34.940  -38.478  30.667 0.0000000000
41492  -34.907  -37.951  29.979 0.0000000000
42583  -35.389  -37.019  29.831 0.0000000000
42607  -34.480  -36.407  28.264 0.0000000000
44641  -34.070  -34.923  27.083 0.0000000000
45602  -36.423  -34.079  29.907 0.0000000000
45619  -36.583  -33.598  29.662 0.0000000000
46741  -36.882  -32.574  27.330 0.0000000000
46717  -37.946  -32.269  28.682 0.0000000000
50752  -52.903  -28.040  27.152 0.0000000000
111457  -53.095  -27.530  27.205 0.0000000000
111461  -53.569  -27.831  26.793 0.0000000000
111468  -53.771  -27.542  26.389 0.0000000000
111475  -53.724  -27.311  25.826 0.0000000000
111480  -53.571  -27.285  25.552 0.0000000000
54774  -53.111  -25.377  25.914 0.0000000000
54794  -53.036  -25.533  25.765 0.0000000000
111482  -52.817  -25.758  25.508 0.0000000000
111490  -52.359  -25.620  25.379 0.0000000000
54792  -52.082  -25.198  25.316 0.0000000000
54812  -51.338  -24.760  24.990 0.0000000000
32137  -23.210  -46.708  35.841 0.0000000000
33176  -23.156  -46.187  35.756 0.0000000000
33183  -22.757  -45.802  34.997 0.0000000000
33193  -22.588  -45.622  34.255 0.0000000000
34143  -22.512  -44.766  36.114 0.0000000000
34173  -22.094  -44.654  32.763 0.0000000000
36296  -23.015  -42.668  37.097 0.0000000000
36344  -22.497  -42.395  34.358 0.0000000000
35234  -21.987  -43.275  33.889 0.0000000000
35260  -21.835  -43.738  32.050 0.0000000000
35259  -21.699  -43.764  31.440 0.0000000000
35308  -20.897  -43.358  29.130 0.0000000000
36441  -20.833  -42.770  28.246 0.0000000000
37487  -21.377  -42.043  30.143 0.0000000000
36442  -21.092  -42.633  28.948 0.0000000000
36490  -20.931  -42.206  25.741 0.0000000000
37604  -20.844  -41.888  24.695 0.0000000000
39638  -27.740  -39.936  25.230 0.0000000000
48873  -41.391  -30.884  26.676 0.0000000000
47828  -42.159  -31.433  26.864 0.0000000000
47811  -43.124  -31.632  28.264 0.0000000000
44615  -46.693  -34.836  29.586 0.0000000000
35155  -28.384  -43.250  38.642 0.0000000000
35172  -28.486  -43.301  37.751 0.0000000000
35188  -28.660  -43.321  36.880 0.0000000000
35173  -29.277  -43.588  37.583 0.0000000000
35202  -28.786  -43.088  35.831 0.0000000000
35222  -30.839  -43.532  34.640 0.0000000000
35221  -29.963  -43.457  34.596 0.0000000000
37513  -28.607  -41.739  29.587 0.0000000000
36427  -29.105  -41.894  29.863 0.0000000000
38584  -28.373  -40.365  26.775 0.0000000000
36352  -33.653  -41.800  34.723 0.0000000000
37445  -34.255  -41.139  34.001 0.0000000000
37427  -33.960  -41.462  34.318 0.0000000000
37426  -33.319  -41.621  34.213 0.0000000000
37443  -32.744  -41.605  33.696 0.0000000000
37458  -31.664  -41.730  32.486 0.0000000000
39557  -33.895  -39.129  30.711 0.0000000000
38514  -33.395  -39.438  30.934 0.0000000000
38513  -32.854  -39.753  30.969 0.0000000000
39555  -32.555  -39.500  30.467 0.0000000000
38491  -31.832  -40.716  31.720 0.0000000000
37475  -31.280  -41.332  31.422 0.0000000000
37533  -29.997  -41.244  28.773 0.0000000000
38565  -30.293  -40.511  28.285 0.0000000000
39613  -28.341  -40.031  25.934 0.0000000000
46780  -35.680  -32.673  25.123 0.0000000000
44476  -40.062  -34.608  37.482 0.0000000000
43459  -40.165  -34.672  37.701 0.0000000000
28713  -21.722  -49.537  35.462 0.0000000000
28714  -22.247  -49.285  35.610 0.0000000000
29868  -22.795  -47.855  35.961 0.0000000000
30998  -23.140  -47.315  36.366 0.0000000000
30989  -23.318  -47.233  37.438 0.0000000000
32112  -23.474  -46.441  37.481 0.0000000000
33122  -23.276  -45.875  37.895 0.0000000000
33121  -22.795  -45.273  38.183 0.0000000000
34090  -22.551  -44.879  39.297 0.0000000000
34104  -22.613  -44.595  38.514 0.0000000000
35132  -22.606  -43.838  38.940 0.0000000000
35116  -22.798  -43.045  39.239 0.0000000000
36255  -23.058  -42.520  39.978 0.0000000000
36257  -25.475  -42.144  40.756 0.0000000000
36258  -26.023  -42.518  40.441 0.0000000000
35119  -26.922  -42.855  40.749 0.0000000000
35100  -27.376  -42.742  41.407 0.0000000000
35120  -27.833  -43.019  40.571 0.0000000000
34062  -29.415  -42.841  41.779 0.0000000000
34072  -29.693  -43.321  41.089 0.0000000000
34082  -29.920  -43.450  40.361 0.0000000000
34083  -30.501  -43.472  40.460 0.0000000000
35137  -30.809  -43.474  39.840 0.0000000000
35138  -31.211  -43.421  39.641 0.0000000000
35123  -31.664  -43.123  40.337 0.0000000000
35139  -32.057  -43.247  39.520 0.0000000000
37363  -35.234  -41.511  40.647 0.0000000000
37371  -35.352  -41.763  40.057 0.0000000000
36286  -35.917  -41.644  38.298 0.0000000000
37390  -36.939  -40.446  38.197 0.0000000000
38413  -36.858  -39.739  39.031 0.0000000000
39451  -38.336  -38.614  37.288 0.0000000000
39431  -38.486  -38.597  38.315 0.0000000000
40438  -38.851  -37.833  37.643 0.0000000000
41384  -39.139  -37.309  37.367 0.0000000000
41385  -39.373  -36.853  37.250 0.0000000000
44487  -40.157  -33.888  37.071 0.0000000000
45527  -40.442  -33.224  36.854 0.0000000000
45528  -40.782  -32.686  36.894 0.0000000000
45515  -40.968  -32.741  37.368 0.0000000000
46587  -41.072  -32.192  36.644 0.0000000000
48728  -41.799  -30.640  36.344 0.0000000000
47632  -41.596  -31.072  39.410 0.0000000000
48669  -42.242  -30.005  39.046 0.0000000000
47649  -42.117  -30.564  38.524 0.0000000000
47665  -42.117  -30.669  38.090 0.0000000000
48710  -41.872  -30.636  37.365 0.0000000000
49717  -42.826  -28.991  35.331 0.0000000000
49735  -43.310  -28.850  34.486 0.0000000000
50650  -44.076  -28.697  34.107 0.0000000000
50651  -44.761  -28.858  33.934 0.0000000000
51574  -44.276  -27.259  38.035 0.0000000000
51610  -44.399  -27.735  36.692 0.0000000000
50641  -45.125  -28.972  34.215 0.0000000000
50652  -45.042  -28.997  33.885 0.0000000000
47722  -46.335  -31.193  33.167 0.0000000000
47708  -46.435  -30.991  33.963 0.0000000000
48732  -47.234  -29.904  35.312 0.0000000000
46604  -47.205  -31.366  34.724 0.0000000000
46618  -47.007  -31.850  34.516 0.0000000000
43581  -47.991  -35.357  31.843 0.0000000000
43604  -47.548  -35.413  31.263 0.0000000000
44616  -47.295  -34.652  29.906 0.0000000000
44632  -47.176  -34.344  29.383 0.0000000000
49810  -47.813  -29.164  29.395 0.0000000000
48819  -48.854  -30.576  30.324 0.0000000000
47755  -49.012  -31.693  31.696 0.0000000000
47741  -49.106  -32.454  32.186 0.0000000000
46649  -49.309  -32.918  32.126 0.0000000000
45608  -49.114  -33.523  30.820 0.0000000000
45607  -48.588  -34.169  30.825 0.0000000000
45606  -48.195  -34.142  30.382 0.0000000000
46745  -45.502  -32.886  26.707 0.0000000000
46772  -45.651  -32.281  26.412 0.0000000000
47850  -45.272  -32.107  25.868 0.0000000000
47832  -47.897  -31.465  26.943 0.0000000000
47852  -46.792  -31.563  25.864 0.0000000000
47865  -45.462  -31.759  25.245 0.0000000000
49835  -53.095  -28.933  26.921 0.0000000000
47871  -52.745  -31.140  25.716 0.0000000000
48885  -53.334  -30.070  25.551 0.0000000000
48878  -53.226  -30.482  25.604 0.0000000000
28740  -19.712  -49.235  33.153 0.0000000000
29920  -19.384  -48.314  31.601 0.0000000000
32212  -17.387  -46.384  26.031 0.0000000000
32199  -18.008  -46.803  26.507 0.0000000000
32228  -17.459  -46.363  25.052 0.0000000000
31025  -22.375  -47.223  33.383 0.0000000000
32171  -22.085  -46.579  31.959 0.0000000000
31049  -21.687  -47.055  31.271 0.0000000000
31050  -21.884  -47.513  31.867 0.0000000000
31076  -20.625  -47.747  28.233 0.0000000000
33225  -20.795  -45.276  29.248 0.0000000000
33228  -20.583  -45.652  28.497 0.0000000000
32189  -20.627  -46.273  28.004 0.0000000000
32201  -20.833  -46.935  28.038 0.0000000000
31093  -20.689  -47.360  27.868 0.0000000000
31092  -20.239  -47.551  27.234 0.0000000000
31118  -19.448  -47.142  25.266 0.0000000000
31149  -18.907  -47.087  23.632 0.0000000000
32259  -18.475  -46.722  22.943 0.0000000000
36300  -27.115  -42.551  37.387 0.0000000000
36330  -26.819  -42.299  35.833 0.0000000000
36346  -26.282  -42.049  35.392 0.0000000000
37424  -25.896  -41.881  34.663 0.0000000000
37473  -26.982  -41.552  31.537 0.0000000000
37472  -25.986  -40.850  31.649 0.0000000000
38510  -25.288  -40.702  29.831 0.0000000000
37471  -24.704  -40.725  31.660 0.0000000000
38524  -22.778  -40.614  29.870 0.0000000000
37528  -22.104  -40.781  28.211 0.0000000000
37546  -22.072  -40.635  27.597 0.0000000000
37583  -21.273  -41.458  25.321 0.0000000000
37615  -21.048  -41.678  23.609 0.0000000000
39637  -26.952  -39.750  25.233 0.0000000000
40609  -26.069  -38.541  24.913 0.0000000000
40623  -26.111  -38.552  24.063 0.0000000000
40608  -25.462  -38.648  25.261 0.0000000000
40607  -24.668  -38.640  25.055 0.0000000000
39656  -24.054  -38.866  24.761 0.0000000000
38655  -23.980  -40.054  22.898 0.0000000000
39678  -23.593  -39.291  23.834 0.0000000000
39655  -23.421  -39.239  24.628 0.0000000000
39654  -22.585  -39.671  24.623 0.0000000000
38639  -22.081  -40.305  23.623 0.0000000000
38653  -22.385  -40.830  22.971 0.0000000000
37616  -21.606  -41.048  23.444 0.0000000000
37628  -21.255  -41.851  22.819 0.0000000000
36546  -21.410  -42.331  22.113 0.0000000000
35424  -22.582  -43.128  21.077 0.0000000000
35443  -22.989  -43.809  20.682 0.0000000000
28741  -20.558  -49.290  33.625 0.0000000000
29962  -20.175  -47.926  27.746 0.0000000000
31037  -18.558  -48.053  31.823 0.0000000000
32136  -23.003  -46.312  35.329 0.0000000000
33160  -23.276  -46.064  36.242 0.0000000000
33316  -21.656  -45.242  19.895 0.0000000000
33328  -22.780  -45.574  19.451 0.0000000000
34064  -30.057  -43.373  41.462 0.0000000000
34084  -30.772  -43.464  40.749 0.0000000000
34095  -30.820  -43.558  39.554 0.0000000000
34105  -28.997  -43.481  38.626 0.0000000000
34129  -30.723  -43.788  37.283 0.0000000000
34304  -21.026  -44.036  21.082 0.0000000000
34320  -22.481  -44.597  20.107 0.0000000000
35088  -33.125  -42.291  41.671 0.0000000000
35117  -25.822  -42.391  40.985 0.0000000000
35118  -26.146  -42.580  40.853 0.0000000000
35121  -30.669  -43.460  40.071 0.0000000000
35122  -30.948  -43.399  40.329 0.0000000000
35224  -32.274  -42.830  34.860 0.0000000000
35444  -23.376  -44.035  21.075 0.0000000000
36225  -33.243  -42.084  42.144 0.0000000000
36284  -34.446  -42.674  38.075 0.0000000000
36320  -35.264  -41.618  36.549 0.0000000000
36335  -34.262  -41.721  35.189 0.0000000000
36345  -23.021  -41.864  34.447 0.0000000000
36366  -30.867  -42.828  33.220 0.0000000000
36378  -22.148  -42.040  32.235 0.0000000000
36410  -21.490  -42.594  30.405 0.0000000000
36525  -20.492  -42.686  23.392 0.0000000000
37437  -22.614  -41.980  33.755 0.0000000000
37603  -20.641  -42.080  24.158 0.0000000000
38468  -33.581  -40.831  33.224 0.0000000000
38507  -22.789  -40.778  30.475 0.0000000000
38511  -30.970  -40.787  30.541 0.0000000000
38528  -26.806  -40.915  28.939 0.0000000000
38540  -24.128  -39.892  28.662 0.0000000000
38545  -28.713  -41.238  28.163 0.0000000000
38546  -30.014  -41.026  28.382 0.0000000000
38556  -22.030  -40.496  27.148 0.0000000000
39534  -34.840  -39.362  32.078 0.0000000000
39544  -34.179  -39.306  31.248 0.0000000000
39572  -33.582  -38.928  30.229 0.0000000000
40524  -35.573  -38.625  32.093 0.0000000000
40573  -33.990  -38.258  29.320 0.0000000000
40620  -23.882  -38.923  24.272 0.0000000000
40621  -24.402  -38.597  24.310 0.0000000000
41423  -37.969  -36.984  35.085 0.0000000000
42470  -39.137  -36.643  36.535 0.0000000000
43558  -48.191  -34.959  32.301 0.0000000000
44571  -49.069  -34.306  31.886 0.0000000000
45566  -48.517  -33.273  33.222 0.0000000000
45592  -48.924  -34.063  31.206 0.0000000000
46601  -40.970  -31.956  36.014 0.0000000000
46786  -44.854  -32.384  25.358 0.0000000000
47696  -46.731  -30.589  35.122 0.0000000000
47723  -46.313  -31.155  32.900 0.0000000000
47833  -48.553  -31.620  27.116 0.0000000000
47879  -45.771  -31.592  24.509 0.0000000000
47886  -52.899  -30.852  25.093 0.0000000000
48696  -42.057  -30.676  37.868 0.0000000000
48783  -46.242  -31.123  32.680 0.0000000000
48879  -53.543  -29.993  25.831 0.0000000000
49664  -42.950  -28.640  38.571 0.0000000000
49691  -45.873  -28.448  36.102 0.0000000000
50606  -46.207  -28.009  36.307 0.0000000000
50776  -53.866  -28.779  26.284 0.0000000000
50795  -53.648  -28.435  25.684 0.0000000000
51708  -52.352  -28.238  27.252 0.0000000000
111462  -53.436  -27.275  26.737 0.0000000000
111466  -52.757  -26.646  27.162 0.0000000000
111488  -52.590  -27.226  25.069 0.0000000000
