#!ascii label  , from subject demencia vox2ras=TkReg
1027
35091  -6.658  -43.338  41.173 0.0000000000
44519  -27.709  -34.057  33.805 0.0000000000
50670  -26.606  -28.574  31.760 0.0000000000
48664  -22.316  -30.456  38.466 0.0000000000
60946  -34.379  -18.398  22.725 0.0000000000
55816  -30.843  -23.431  26.702 0.0000000000
42428  -28.363  -34.412  38.353 0.0000000000
44482  -25.039  -33.393  36.615 0.0000000000
60886  -40.236  -18.209  27.495 0.0000000000
61980  -43.662  -16.654  25.230 0.0000000000
64805  -46.660  -13.842  24.577 0.0000000000
53578  -30.271  -24.788  34.681 0.0000000000
53647  -27.013  -25.040  28.970 0.0000000000
55754  -33.184  -23.562  31.702 0.0000000000
57847  -35.388  -21.661  30.450 0.0000000000
43486  -16.058  -35.495  35.721 0.0000000000
32008  -4.296  -45.663  43.401 0.0000000000
47732  -28.280  -31.597  32.868 0.0000000000
50600  -28.457  -28.330  37.691 0.0000000000
45556  -17.820  -33.108  32.842 0.0000000000
47729  -21.987  -30.202  31.934 0.0000000000
65754  -45.670  -12.978  17.932 0.0000000000
66664  -50.975  -11.795  22.970 0.0000000000
57895  -32.200  -21.384  25.272 0.0000000000
60869  -36.758  -18.218  28.457 0.0000000000
37383  -8.253  -41.364  37.751 0.0000000000
29807  -0.717  -48.428  39.733 0.0000000000
60914  -41.893  -17.989  25.703 0.0000000000
55731  -30.988  -23.352  32.748 0.0000000000
39501  -15.113  -37.747  33.021 0.0000000000
32023  -4.858  -44.958  42.056 0.0000000000
45599  -27.615  -33.400  30.449 0.0000000000
45558  -28.458  -33.138  33.503 0.0000000000
48738  -19.014  -30.832  35.659 0.0000000000
47727  -19.303  -31.120  32.505 0.0000000000
48721  -21.419  -30.171  35.229 0.0000000000
43510  -25.967  -33.671  34.456 0.0000000000
45557  -25.072  -32.521  33.596 0.0000000000
43548  -26.164  -34.362  31.924 0.0000000000
47624  -20.426  -31.384  39.561 0.0000000000
46579  -18.065  -32.438  36.978 0.0000000000
63970  -40.501  -15.463  21.146 0.0000000000
65752  -43.689  -13.463  18.927 0.0000000000
66651  -48.523  -11.990  23.798 0.0000000000
54759  -28.400  -23.565  26.884 0.0000000000
55839  -31.497  -23.251  25.265 0.0000000000
59773  -35.902  -19.402  29.624 0.0000000000
40443  -12.387  -38.271  36.124 0.0000000000
39436  -11.291  -39.275  37.718 0.0000000000
39390  -10.152  -40.181  39.057 0.0000000000
37405  -9.063  -40.793  35.793 0.0000000000
30961  -1.872  -47.723  38.762 0.0000000000
43473  -28.003  -34.504  36.217 0.0000000000
44496  -29.073  -33.316  35.951 0.0000000000
43439  -29.451  -33.252  38.515 0.0000000000
45478  -24.278  -32.363  40.794 0.0000000000
46571  -23.808  -32.219  37.233 0.0000000000
43434  -25.549  -33.359  39.264 0.0000000000
43452  -26.860  -34.336  37.414 0.0000000000
60910  -37.734  -18.061  25.759 0.0000000000
61975  -39.747  -17.362  24.238 0.0000000000
62980  -40.824  -16.178  23.314 0.0000000000
63960  -42.857  -14.633  22.957 0.0000000000
65730  -44.648  -13.442  22.617 0.0000000000
63953  -45.303  -14.915  24.176 0.0000000000
52588  -27.077  -26.150  32.977 0.0000000000
52632  -26.572  -26.211  30.303 0.0000000000
53621  -28.140  -24.665  32.067 0.0000000000
55761  -30.077  -23.209  30.265 0.0000000000
54716  -31.809  -23.273  29.132 0.0000000000
55778  -33.691  -23.351  27.781 0.0000000000
54709  -34.401  -23.427  30.703 0.0000000000
41388  -14.807  -37.127  36.072 0.0000000000
39499  -13.722  -38.462  33.608 0.0000000000
68619  -50.863  -10.787  17.483 0.0000000000
30879  -2.517  -46.072  43.665 0.0000000000
47770  -27.803  -32.353  30.567 0.0000000000
48774  -27.472  -30.300  32.681 0.0000000000
47689  -28.586  -31.458  36.122 0.0000000000
49710  -27.857  -30.098  35.981 0.0000000000
50635  -27.403  -28.506  34.994 0.0000000000
52555  -28.757  -26.287  35.975 0.0000000000
47702  -23.591  -31.215  33.943 0.0000000000
45507  -17.583  -33.571  38.276 0.0000000000
44505  -16.685  -34.163  34.228 0.0000000000
67664  -45.729  -12.004  21.462 0.0000000000
67679  -47.828  -10.974  19.981 0.0000000000
68615  -49.253  -10.596  19.252 0.0000000000
67671  -52.084  -11.314  20.709 0.0000000000
35166  -5.838  -43.876  37.348 0.0000000000
33100  -4.908  -44.660  39.322 0.0000000000
59823  -32.989  -19.118  23.784 0.0000000000
56876  -34.028  -21.900  27.161 0.0000000000
59796  -34.565  -19.915  26.994 0.0000000000
60908  -35.272  -18.874  26.096 0.0000000000
60871  -38.861  -17.801  28.346 0.0000000000
36262  -7.548  -42.407  39.186 0.0000000000
32053  -3.332  -45.886  40.399 0.0000000000
30920  -2.220  -46.916  41.437 0.0000000000
30918  -0.604  -47.032  41.700 0.0000000000
33078  -5.551  -44.500  41.132 0.0000000000
43550  -26.945  -33.965  32.466 0.0000000000
44562  -27.495  -33.738  32.149 0.0000000000
44520  -28.012  -33.673  33.164 0.0000000000
48700  -20.665  -30.650  36.615 0.0000000000
48720  -20.555  -30.381  35.693 0.0000000000
48689  -22.279  -30.554  36.642 0.0000000000
43511  -26.668  -34.031  34.424 0.0000000000
43528  -26.335  -33.755  33.141 0.0000000000
43549  -26.582  -34.118  32.268 0.0000000000
43570  -26.502  -34.736  31.357 0.0000000000
47591  -22.985  -31.518  40.674 0.0000000000
47590  -22.048  -31.333  40.994 0.0000000000
48649  -21.728  -30.654  39.535 0.0000000000
47656  -20.432  -31.091  37.914 0.0000000000
65751  -42.939  -13.863  19.001 0.0000000000
49796  -26.855  -29.840  30.732 0.0000000000
49806  -26.436  -29.163  30.105 0.0000000000
54761  -30.339  -23.465  26.423 0.0000000000
53688  -29.332  -24.902  25.140 0.0000000000
54787  -31.182  -23.584  25.619 0.0000000000
39478  -11.636  -38.585  35.568 0.0000000000
39457  -11.639  -38.693  36.663 0.0000000000
39477  -10.761  -39.122  35.921 0.0000000000
39455  -10.049  -39.640  37.397 0.0000000000
38445  -10.212  -39.925  35.245 0.0000000000
42465  -28.099  -34.526  36.929 0.0000000000
42447  -28.761  -33.976  37.279 0.0000000000
43454  -28.739  -34.152  38.378 0.0000000000
43417  -25.142  -33.215  40.884 0.0000000000
44462  -24.764  -33.023  39.242 0.0000000000
43406  -25.999  -33.771  40.732 0.0000000000
42426  -27.478  -34.636  39.128 0.0000000000
42443  -26.973  -34.356  38.423 0.0000000000
42444  -27.471  -34.503  37.980 0.0000000000
43453  -27.264  -34.506  37.088 0.0000000000
60911  -38.863  -17.796  25.805 0.0000000000
60926  -38.070  -17.760  24.728 0.0000000000
60912  -39.905  -18.006  25.823 0.0000000000
61968  -43.126  -17.074  25.593 0.0000000000
61977  -41.446  -17.261  24.499 0.0000000000
61993  -42.352  -16.799  24.350 0.0000000000
63950  -42.099  -15.637  23.280 0.0000000000
62983  -43.419  -15.959  24.233 0.0000000000
64808  -44.044  -14.567  23.608 0.0000000000
63944  -44.621  -15.847  24.634 0.0000000000
52575  -28.661  -25.210  34.226 0.0000000000
53604  -27.606  -25.438  32.906 0.0000000000
53606  -29.180  -24.567  32.968 0.0000000000
55743  -32.519  -23.481  32.407 0.0000000000
55741  -30.752  -23.339  31.973 0.0000000000
55752  -31.399  -23.346  31.180 0.0000000000
54715  -30.944  -22.922  29.530 0.0000000000
54707  -32.668  -23.616  30.186 0.0000000000
53638  -33.188  -23.626  29.489 0.0000000000
54696  -33.754  -23.488  31.080 0.0000000000
43448  -16.482  -34.957  37.776 0.0000000000
43447  -15.729  -35.472  38.165 0.0000000000
42480  -15.453  -36.455  35.749 0.0000000000
39500  -14.555  -38.170  33.372 0.0000000000
67694  -52.438  -10.747  18.707 0.0000000000
67705  -52.606  -10.630  17.583 0.0000000000
30881  -3.571  -46.095  43.572 0.0000000000
46655  -28.159  -32.680  31.678 0.0000000000
46693  -27.774  -33.075  29.505 0.0000000000
47748  -28.172  -31.912  31.852 0.0000000000
48811  -27.593  -31.452  31.046 0.0000000000
48775  -27.869  -31.037  33.253 0.0000000000
45537  -29.321  -32.441  36.892 0.0000000000
46595  -28.887  -32.067  35.619 0.0000000000
46582  -28.958  -31.453  37.202 0.0000000000
49672  -28.582  -28.939  38.246 0.0000000000
49696  -28.162  -29.980  37.045 0.0000000000
49695  -27.961  -29.210  36.435 0.0000000000
50636  -27.554  -28.937  35.415 0.0000000000
50623  -27.795  -28.343  35.792 0.0000000000
51617  -28.037  -27.162  35.722 0.0000000000
51606  -28.798  -26.930  36.686 0.0000000000
48788  -20.578  -30.388  32.120 0.0000000000
45521  -24.295  -32.605  36.898 0.0000000000
47672  -23.545  -31.399  35.778 0.0000000000
46581  -24.461  -32.379  35.630 0.0000000000
46654  -24.472  -32.445  31.957 0.0000000000
45485  -18.325  -33.420  39.785 0.0000000000
46592  -17.972  -32.112  35.823 0.0000000000
46591  -17.537  -32.843  36.387 0.0000000000
45555  -17.305  -33.483  33.715 0.0000000000
43523  -16.437  -35.384  32.636 0.0000000000
64819  -45.646  -13.749  23.324 0.0000000000
66672  -45.482  -12.553  21.866 0.0000000000
66662  -46.261  -12.621  22.668 0.0000000000
67634  -49.938  -11.744  23.381 0.0000000000
67643  -48.047  -11.502  22.344 0.0000000000
67668  -49.167  -11.045  20.861 0.0000000000
68614  -48.503  -10.632  19.199 0.0000000000
67669  -50.127  -10.830  20.863 0.0000000000
67680  -50.433  -10.718  20.114 0.0000000000
67659  -51.735  -11.470  21.646 0.0000000000
53646  -26.581  -25.841  29.159 0.0000000000
52639  -26.254  -26.479  28.562 0.0000000000
58879  -32.176  -20.569  22.503 0.0000000000
58861  -32.431  -20.721  24.859 0.0000000000
55780  -34.699  -23.086  28.663 0.0000000000
55797  -33.544  -22.951  27.137 0.0000000000
57856  -34.756  -21.585  28.505 0.0000000000
60849  -36.293  -18.582  29.190 0.0000000000
58835  -34.865  -20.134  28.147 0.0000000000
60881  -35.595  -18.941  28.031 0.0000000000
59806  -34.944  -19.219  26.364 0.0000000000
60895  -36.397  -18.508  26.842 0.0000000000
60896  -37.445  -18.171  26.695 0.0000000000
60870  -37.737  -17.826  28.393 0.0000000000
38416  -9.320  -40.677  38.680 0.0000000000
37367  -8.676  -41.487  39.582 0.0000000000
36251  -8.427  -41.910  40.497 0.0000000000
36276  -7.778  -41.891  38.421 0.0000000000
36291  -7.042  -42.874  37.214 0.0000000000
36292  -7.622  -42.157  37.171 0.0000000000
33112  -3.745  -45.746  38.509 0.0000000000
32070  -4.064  -45.453  39.981 0.0000000000
32068  -2.862  -46.221  39.248 0.0000000000
29820  -1.314  -48.609  39.432 0.0000000000
30934  -2.012  -46.976  40.301 0.0000000000
30933  -1.289  -47.472  40.295 0.0000000000
30919  -1.399  -47.148  41.529 0.0000000000
30932  -0.638  -47.493  40.519 0.0000000000
42386  -26.555  -34.304  41.218 0.0000000000
60874  -41.895  -18.321  28.333 0.0000000000
60900  -41.539  -18.338  26.574 0.0000000000
60888  -42.187  -18.297  27.431 0.0000000000
54655  -30.801  -23.962  34.296 0.0000000000
42504  -16.063  -36.433  34.233 0.0000000000
41414  -15.510  -37.156  34.395 0.0000000000
31999  -5.536  -44.982  43.922 0.0000000000
32009  -4.558  -45.381  43.162 0.0000000000
44585  -27.237  -33.899  30.207 0.0000000000
45584  -27.969  -33.253  31.442 0.0000000000
46641  -28.449  -32.359  32.971 0.0000000000
51567  -29.848  -27.534  38.349 0.0000000000
47700  -18.486  -31.360  35.182 0.0000000000
47726  -18.548  -31.750  33.015 0.0000000000
48754  -19.400  -30.149  34.104 0.0000000000
48755  -20.467  -30.039  33.741 0.0000000000
48756  -21.470  -30.141  33.396 0.0000000000
43487  -25.664  -33.671  35.890 0.0000000000
45544  -25.069  -32.656  34.436 0.0000000000
44516  -25.479  -33.183  33.622 0.0000000000
44537  -25.429  -33.578  32.256 0.0000000000
43569  -25.921  -34.908  30.998 0.0000000000
46538  -20.032  -32.076  40.469 0.0000000000
45497  -18.893  -32.516  39.247 0.0000000000
47639  -19.709  -31.771  38.919 0.0000000000
47685  -18.735  -31.447  36.300 0.0000000000
62993  -39.549  -16.112  21.540 0.0000000000
65753  -44.852  -13.269  18.249 0.0000000000
64801  -47.994  -14.114  25.524 0.0000000000
65725  -47.022  -12.854  24.213 0.0000000000
54741  -27.728  -23.855  28.283 0.0000000000
55850  -31.155  -23.098  24.412 0.0000000000
56892  -31.937  -22.127  25.435 0.0000000000
58812  -35.791  -20.443  30.778 0.0000000000
58815  -35.362  -20.793  30.035 0.0000000000
59761  -36.063  -19.677  30.833 0.0000000000
40444  -13.658  -38.202  37.097 0.0000000000
39438  -13.110  -38.632  37.272 0.0000000000
38418  -11.850  -39.305  39.316 0.0000000000
39412  -10.248  -39.899  38.670 0.0000000000
38427  -9.359  -40.238  38.030 0.0000000000
37393  -8.831  -40.704  37.231 0.0000000000
37392  -8.285  -41.442  36.550 0.0000000000
37417  -8.834  -41.618  34.745 0.0000000000
44507  -27.551  -34.283  34.862 0.0000000000
44494  -28.368  -33.770  35.068 0.0000000000
43492  -28.685  -33.878  35.932 0.0000000000
43475  -29.179  -33.342  36.989 0.0000000000
47610  -23.203  -31.450  39.614 0.0000000000
47642  -23.021  -30.816  38.083 0.0000000000
46562  -23.746  -32.193  38.180 0.0000000000
44472  -24.663  -33.006  38.337 0.0000000000
44473  -24.970  -33.306  37.635 0.0000000000
42424  -26.579  -34.077  39.624 0.0000000000
43451  -26.394  -33.889  37.916 0.0000000000
43469  -25.676  -33.644  37.147 0.0000000000
43470  -26.323  -34.005  36.715 0.0000000000
43489  -27.188  -34.318  35.398 0.0000000000
46525  -23.706  -31.827  41.326 0.0000000000
60937  -35.665  -17.841  23.669 0.0000000000
60947  -35.411  -18.071  22.280 0.0000000000
60938  -37.030  -17.669  23.802 0.0000000000
61988  -38.334  -17.118  23.154 0.0000000000
61989  -39.266  -17.046  23.384 0.0000000000
60929  -41.146  -17.690  25.088 0.0000000000
61990  -40.152  -16.663  23.522 0.0000000000
62987  -39.811  -16.214  22.518 0.0000000000
63957  -40.964  -15.586  22.444 0.0000000000
64823  -41.528  -14.799  21.843 0.0000000000
64824  -42.046  -14.087  21.568 0.0000000000
65744  -43.202  -13.418  20.629 0.0000000000
64816  -43.504  -13.938  22.834 0.0000000000
64809  -44.835  -14.509  23.714 0.0000000000
63946  -46.095  -14.832  24.658 0.0000000000
62965  -45.783  -16.544  25.878 0.0000000000
63942  -48.103  -14.839  25.850 0.0000000000
52587  -26.606  -26.947  32.582 0.0000000000
51669  -26.296  -27.568  31.190 0.0000000000
52606  -26.952  -25.884  31.815 0.0000000000
53627  -27.117  -25.358  31.155 0.0000000000
54702  -27.912  -24.198  30.576 0.0000000000
54682  -29.588  -24.084  32.401 0.0000000000
54691  -29.443  -23.948  31.429 0.0000000000
54712  -28.042  -23.733  29.711 0.0000000000
54727  -29.052  -22.796  28.628 0.0000000000
54728  -30.085  -22.924  28.500 0.0000000000
54745  -31.267  -23.445  27.470 0.0000000000
54746  -32.144  -23.553  27.429 0.0000000000
53649  -32.664  -23.557  28.828 0.0000000000
54718  -33.664  -23.604  29.126 0.0000000000
56835  -35.227  -22.458  29.771 0.0000000000
56829  -35.556  -22.322  31.614 0.0000000000
58806  -35.857  -21.081  31.450 0.0000000000
41379  -14.449  -37.152  37.561 0.0000000000
40461  -15.045  -37.700  34.620 0.0000000000
40446  -14.627  -37.687  35.418 0.0000000000
40445  -14.219  -37.756  36.513 0.0000000000
39480  -13.482  -38.259  34.805 0.0000000000
48790  -27.323  -30.505  31.461 0.0000000000
49775  -26.912  -29.416  31.872 0.0000000000
45545  -28.623  -33.122  34.484 0.0000000000
46612  -28.646  -32.289  34.599 0.0000000000
47718  -28.399  -31.716  34.153 0.0000000000
48743  -27.966  -31.043  35.646 0.0000000000
48760  -27.900  -31.046  34.450 0.0000000000
48759  -27.591  -30.440  33.708 0.0000000000
49755  -27.145  -29.482  33.005 0.0000000000
50645  -26.655  -28.243  33.270 0.0000000000
52563  -27.509  -26.829  34.647 0.0000000000
52564  -27.868  -26.491  35.077 0.0000000000
52556  -29.792  -25.709  35.520 0.0000000000
52531  -30.120  -26.360  37.320 0.0000000000
53540  -30.817  -25.641  36.987 0.0000000000
47671  -22.979  -30.869  36.214 0.0000000000
47701  -22.916  -30.591  34.237 0.0000000000
47716  -23.063  -30.713  33.251 0.0000000000
46610  -24.754  -32.045  34.048 0.0000000000
47717  -23.686  -31.268  33.212 0.0000000000
43432  -16.987  -34.593  38.481 0.0000000000
44480  -16.745  -34.405  37.148 0.0000000000
45508  -17.773  -32.943  37.782 0.0000000000
45531  -16.811  -33.931  36.564 0.0000000000
43507  -16.312  -35.566  34.695 0.0000000000
43522  -16.414  -35.549  33.717 0.0000000000
65745  -43.943  -12.921  20.770 0.0000000000
66678  -44.353  -12.644  19.973 0.0000000000
66680  -45.980  -11.715  19.502 0.0000000000
67642  -47.063  -11.875  22.516 0.0000000000
67666  -47.042  -11.440  20.827 0.0000000000
67688  -46.498  -11.503  19.381 0.0000000000
67700  -47.316  -11.392  18.174 0.0000000000
67701  -47.974  -11.192  17.818 0.0000000000
67713  -49.035  -11.086  16.794 0.0000000000
67703  -50.344  -10.763  17.675 0.0000000000
67693  -51.349  -10.723  18.807 0.0000000000
35129  -6.192  -43.627  39.235 0.0000000000
33090  -5.238  -44.369  40.263 0.0000000000
34100  -5.281  -44.427  38.598 0.0000000000
50698  -26.155  -28.336  29.553 0.0000000000
60945  -33.672  -18.598  23.490 0.0000000000
54764  -32.892  -23.251  26.703 0.0000000000
56893  -32.644  -22.433  26.116 0.0000000000
57896  -32.735  -21.527  26.039 0.0000000000
58825  -34.679  -20.865  28.346 0.0000000000
58844  -34.373  -20.693  27.219 0.0000000000
58853  -32.969  -20.537  25.799 0.0000000000
59804  -33.634  -19.516  25.672 0.0000000000
60923  -34.544  -18.726  25.060 0.0000000000
60924  -35.600  -18.465  24.885 0.0000000000
60909  -36.567  -18.398  25.836 0.0000000000
60897  -38.523  -17.915  26.666 0.0000000000
60885  -39.251  -17.903  27.503 0.0000000000
35070  -6.962  -43.030  42.017 0.0000000000
35113  -7.979  -42.412  41.014 0.0000000000
35111  -6.468  -43.447  40.029 0.0000000000
35130  -6.862  -43.152  39.016 0.0000000000
35167  -6.424  -43.280  36.772 0.0000000000
32056  -5.041  -44.783  40.770 0.0000000000
32039  -4.436  -45.238  41.430 0.0000000000
32021  -3.837  -45.910  42.176 0.0000000000
32052  -2.590  -46.374  40.249 0.0000000000
32036  -2.554  -46.552  41.035 0.0000000000
30904  -3.042  -46.746  42.417 0.0000000000
30903  -2.271  -46.804  42.377 0.0000000000
30902  -1.641  -46.727  42.421 0.0000000000
29806  -0.230  -48.369  40.027 0.0000000000
30917  -0.164  -47.159  41.101 0.0000000000
34055  -6.361  -43.599  42.154 0.0000000000
34066  -6.032  -43.997  41.481 0.0000000000
43530  -27.369  -33.870  33.102 0.0000000000
48675  -21.493  -30.557  38.013 0.0000000000
48688  -21.507  -30.628  37.067 0.0000000000
48676  -22.313  -30.497  37.559 0.0000000000
43529  -27.006  -34.031  33.496 0.0000000000
48650  -22.230  -30.556  39.205 0.0000000000
47609  -22.397  -30.899  39.964 0.0000000000
48663  -21.657  -30.551  38.850 0.0000000000
48674  -20.872  -30.916  38.107 0.0000000000
65748  -42.790  -13.700  19.687 0.0000000000
49795  -26.671  -29.055  31.099 0.0000000000
50685  -26.322  -28.375  30.639 0.0000000000
54785  -29.621  -24.012  25.757 0.0000000000
54786  -30.268  -24.027  25.557 0.0000000000
39496  -10.913  -39.218  34.944 0.0000000000
42445  -28.005  -34.546  37.813 0.0000000000
42446  -28.484  -34.246  37.636 0.0000000000
43405  -25.544  -33.697  41.374 0.0000000000
42385  -26.024  -34.078  41.441 0.0000000000
42427  -28.062  -34.739  38.837 0.0000000000
43391  -25.273  -33.874  42.271 0.0000000000
60898  -39.581  -17.987  26.663 0.0000000000
60899  -40.540  -18.334  26.619 0.0000000000
61979  -42.837  -16.763  24.797 0.0000000000
62974  -43.075  -16.344  24.437 0.0000000000
62975  -43.536  -16.343  24.687 0.0000000000
62984  -43.910  -16.022  24.502 0.0000000000
62976  -44.325  -16.217  24.832 0.0000000000
53577  -29.601  -25.138  34.675 0.0000000000
53589  -29.247  -24.830  33.990 0.0000000000
55742  -31.636  -23.347  32.181 0.0000000000
55753  -32.322  -23.492  31.496 0.0000000000
54694  -32.152  -23.526  30.676 0.0000000000
54695  -32.946  -23.601  30.873 0.0000000000
43468  -16.160  -35.145  36.754 0.0000000000
43485  -15.598  -35.788  36.434 0.0000000000
67683  -53.294  -11.068  19.556 0.0000000000
31997  -4.267  -45.516  43.908 0.0000000000
30893  -3.785  -46.307  43.136 0.0000000000
48791  -27.845  -31.136  32.181 0.0000000000
46596  -29.122  -31.809  36.682 0.0000000000
49685  -28.252  -29.125  37.367 0.0000000000
50611  -28.158  -28.348  36.804 0.0000000000
51605  -28.244  -27.532  36.401 0.0000000000
51587  -28.580  -27.569  37.219 0.0000000000
45568  -17.409  -33.818  32.742 0.0000000000
45522  -24.607  -32.841  36.230 0.0000000000
46623  -17.477  -32.823  34.437 0.0000000000
66687  -46.166  -12.653  17.851 0.0000000000
65732  -46.013  -13.406  23.184 0.0000000000
65724  -46.518  -13.076  23.749 0.0000000000
67645  -50.238  -11.549  22.696 0.0000000000
67644  -49.049  -11.430  22.435 0.0000000000
67657  -49.686  -11.176  21.698 0.0000000000
67658  -50.751  -11.237  21.719 0.0000000000
67646  -51.283  -11.664  22.435 0.0000000000
53656  -26.568  -25.570  28.191 0.0000000000
57904  -31.021  -21.834  24.020 0.0000000000
57912  -30.993  -21.775  23.539 0.0000000000
57905  -31.490  -21.525  24.367 0.0000000000
58870  -32.047  -20.561  23.744 0.0000000000
56840  -34.828  -22.501  28.536 0.0000000000
57849  -35.069  -21.630  29.349 0.0000000000
60868  -36.031  -18.627  28.476 0.0000000000
60882  -36.234  -18.486  27.744 0.0000000000
60883  -37.137  -18.149  27.588 0.0000000000
37384  -8.803  -40.831  38.296 0.0000000000
37376  -9.035  -41.108  39.035 0.0000000000
37375  -8.454  -41.429  38.752 0.0000000000
32084  -3.443  -45.950  38.970 0.0000000000
54642  -31.807  -24.158  35.115 0.0000000000
41415  -15.690  -36.926  33.506 0.0000000000
33067  -5.569  -44.370  42.218 0.0000000000
33058  -5.759  -44.419  43.371 0.0000000000
32010  -4.993  -44.832  42.901 0.0000000000
44560  -27.059  -34.206  30.795 0.0000000000
44539  -28.111  -33.442  32.724 0.0000000000
45585  -27.954  -33.434  31.989 0.0000000000
45571  -28.255  -33.166  32.476 0.0000000000
47713  -18.613  -31.200  33.861 0.0000000000
48753  -18.882  -30.629  34.804 0.0000000000
48740  -20.486  -30.187  34.711 0.0000000000
48741  -21.377  -30.201  34.308 0.0000000000
44506  -25.359  -33.219  34.945 0.0000000000
44517  -25.854  -33.539  32.955 0.0000000000
44538  -25.946  -33.896  32.312 0.0000000000
44559  -25.688  -34.271  31.537 0.0000000000
47608  -21.269  -30.945  40.212 0.0000000000
47569  -21.732  -31.535  41.956 0.0000000000
47589  -21.027  -31.370  41.234 0.0000000000
47607  -20.504  -31.505  40.434 0.0000000000
47623  -19.958  -31.819  39.517 0.0000000000
48699  -20.043  -30.876  37.125 0.0000000000
47670  -19.345  -31.153  36.885 0.0000000000
47686  -19.207  -31.062  36.380 0.0000000000
63000  -39.908  -15.949  20.667 0.0000000000
54742  -28.123  -23.479  27.748 0.0000000000
53658  -27.745  -24.103  26.961 0.0000000000
53669  -28.069  -24.168  25.968 0.0000000000
54804  -30.947  -23.793  24.628 0.0000000000
55851  -31.596  -22.775  25.157 0.0000000000
59755  -36.422  -19.752  31.824 0.0000000000
60831  -36.809  -17.829  30.706 0.0000000000
39458  -12.549  -38.490  36.551 0.0000000000
39437  -12.301  -39.008  37.524 0.0000000000
39413  -10.895  -39.518  38.641 0.0000000000
39435  -10.376  -39.608  37.926 0.0000000000
38444  -9.710  -40.131  35.885 0.0000000000
38435  -9.580  -39.921  36.904 0.0000000000
43490  -27.743  -34.413  35.709 0.0000000000
43491  -28.204  -34.239  35.738 0.0000000000
42486  -28.391  -34.292  36.361 0.0000000000
43456  -29.274  -33.280  37.632 0.0000000000
43474  -28.996  -33.661  37.188 0.0000000000
46539  -23.745  -31.907  40.212 0.0000000000
46551  -23.769  -32.035  39.166 0.0000000000
45487  -24.223  -32.504  39.726 0.0000000000
44463  -25.114  -33.253  38.505 0.0000000000
42405  -26.860  -34.380  40.324 0.0000000000
42442  -26.662  -34.093  38.825 0.0000000000
43472  -27.534  -34.497  36.425 0.0000000000
43471  -26.909  -34.352  36.427 0.0000000000
44440  -24.613  -32.956  41.331 0.0000000000
60925  -36.782  -18.017  24.800 0.0000000000
60927  -39.284  -17.697  24.975 0.0000000000
60939  -37.919  -17.467  23.766 0.0000000000
61974  -38.790  -17.502  24.035 0.0000000000
60913  -40.876  -18.171  25.768 0.0000000000
61991  -41.086  -16.714  23.896 0.0000000000
62979  -40.365  -16.179  23.035 0.0000000000
62988  -40.669  -15.790  22.638 0.0000000000
62989  -41.117  -15.846  23.046 0.0000000000
63959  -42.333  -15.038  22.858 0.0000000000
63958  -41.426  -15.460  22.613 0.0000000000
64814  -41.924  -14.719  22.326 0.0000000000
64815  -42.543  -14.339  22.482 0.0000000000
64825  -42.847  -13.792  22.006 0.0000000000
63954  -45.712  -14.489  24.095 0.0000000000
63941  -47.159  -15.235  25.630 0.0000000000
51641  -26.707  -26.941  33.034 0.0000000000
52605  -26.551  -26.678  31.767 0.0000000000
53620  -27.487  -25.249  32.223 0.0000000000
54689  -27.696  -24.698  31.346 0.0000000000
54701  -27.332  -24.835  30.578 0.0000000000
54690  -28.524  -24.322  31.328 0.0000000000
54670  -30.643  -23.646  33.514 0.0000000000
54669  -29.805  -24.156  33.271 0.0000000000
54683  -30.264  -23.646  32.655 0.0000000000
55751  -30.328  -23.457  31.121 0.0000000000
55750  -29.671  -23.586  30.721 0.0000000000
54703  -28.964  -23.781  30.443 0.0000000000
54713  -28.887  -23.218  29.560 0.0000000000
54714  -29.834  -22.936  29.509 0.0000000000
54729  -31.106  -23.189  28.397 0.0000000000
54744  -30.310  -23.188  27.377 0.0000000000
54730  -32.065  -23.490  28.381 0.0000000000
54708  -33.507  -23.590  30.119 0.0000000000
55763  -34.349  -23.420  29.724 0.0000000000
55769  -34.835  -23.063  29.287 0.0000000000
55764  -35.059  -23.134  30.322 0.0000000000
56830  -35.788  -22.132  32.356 0.0000000000
57844  -36.218  -21.332  32.280 0.0000000000
57843  -35.751  -21.580  31.498 0.0000000000
58807  -36.193  -20.660  31.707 0.0000000000
42441  -14.959  -35.982  37.671 0.0000000000
42459  -14.680  -36.631  37.356 0.0000000000
42440  -14.613  -36.469  37.913 0.0000000000
41387  -14.593  -37.048  36.849 0.0000000000
40476  -15.313  -37.539  33.754 0.0000000000
41401  -15.227  -37.245  35.232 0.0000000000
39482  -14.845  -37.994  34.008 0.0000000000
39481  -14.200  -38.135  34.333 0.0000000000
39461  -14.524  -37.916  34.746 0.0000000000
39460  -14.086  -38.083  35.335 0.0000000000
39459  -13.382  -38.288  36.138 0.0000000000
30878  -2.304  -45.939  43.587 0.0000000000
47769  -27.539  -31.682  29.797 0.0000000000
44495  -28.737  -33.444  35.444 0.0000000000
45534  -28.651  -33.307  35.055 0.0000000000
47703  -28.427  -31.594  35.098 0.0000000000
49728  -27.800  -30.488  35.088 0.0000000000
49741  -27.766  -30.675  34.728 0.0000000000
49740  -27.664  -30.349  34.517 0.0000000000
49726  -27.280  -29.095  34.443 0.0000000000
50646  -26.836  -28.521  33.710 0.0000000000
51632  -26.808  -27.267  33.593 0.0000000000
51624  -27.322  -27.407  34.634 0.0000000000
52554  -28.175  -26.614  35.655 0.0000000000
52565  -28.946  -25.461  34.905 0.0000000000
51589  -30.414  -26.901  38.026 0.0000000000
51590  -31.002  -26.943  38.292 0.0000000000
53556  -30.563  -25.386  35.994 0.0000000000
46637  -18.451  -32.378  32.293 0.0000000000
46638  -18.936  -31.851  31.808 0.0000000000
47643  -23.393  -31.559  37.666 0.0000000000
47657  -22.967  -30.925  37.145 0.0000000000
47658  -23.459  -31.545  36.721 0.0000000000
47688  -23.547  -31.267  34.838 0.0000000000
44471  -17.177  -34.212  37.869 0.0000000000
44470  -16.846  -34.550  37.706 0.0000000000
44481  -17.102  -34.040  37.276 0.0000000000
46570  -18.398  -32.363  38.041 0.0000000000
45520  -17.678  -32.976  37.203 0.0000000000
45543  -16.768  -33.453  34.921 0.0000000000
45532  -17.036  -33.384  36.037 0.0000000000
45542  -16.571  -33.929  35.780 0.0000000000
44504  -16.416  -34.569  35.100 0.0000000000
44514  -16.534  -34.895  34.213 0.0000000000
65738  -43.517  -13.335  21.661 0.0000000000
65739  -44.516  -12.864  21.737 0.0000000000
67652  -45.781  -12.273  21.735 0.0000000000
66675  -44.596  -12.330  20.833 0.0000000000
66676  -45.198  -11.995  21.102 0.0000000000
66679  -45.217  -11.869  19.953 0.0000000000
67676  -45.711  -11.737  20.766 0.0000000000
66640  -48.042  -12.428  24.197 0.0000000000
66650  -47.363  -12.273  23.617 0.0000000000
67631  -47.673  -11.757  22.905 0.0000000000
67667  -48.078  -11.086  20.597 0.0000000000
67655  -47.603  -11.465  21.577 0.0000000000
67678  -47.239  -11.177  19.857 0.0000000000
67689  -47.078  -11.241  18.905 0.0000000000
68613  -47.780  -10.798  19.250 0.0000000000
67691  -48.788  -10.625  18.564 0.0000000000
67712  -48.327  -11.366  17.262 0.0000000000
67702  -49.059  -10.751  17.786 0.0000000000
67692  -50.066  -10.621  18.983 0.0000000000
67670  -51.123  -11.041  20.840 0.0000000000
67681  -51.289  -10.823  19.889 0.0000000000
67682  -52.303  -11.047  19.716 0.0000000000
35147  -6.239  -43.756  38.421 0.0000000000
34101  -5.715  -43.955  38.911 0.0000000000
34113  -5.739  -44.171  38.189 0.0000000000
52619  -26.364  -26.719  30.660 0.0000000000
51682  -26.208  -27.468  30.117 0.0000000000
59822  -32.551  -19.870  23.209 0.0000000000
59833  -33.231  -19.374  22.496 0.0000000000
54747  -32.958  -23.454  27.296 0.0000000000
54763  -32.162  -23.466  26.529 0.0000000000
56853  -33.742  -22.558  27.165 0.0000000000
55819  -32.992  -22.850  26.482 0.0000000000
56875  -33.433  -22.182  26.806 0.0000000000
57885  -33.317  -21.529  26.531 0.0000000000
59772  -35.425  -20.104  29.465 0.0000000000
58826  -34.874  -20.709  28.785 0.0000000000
59792  -35.090  -19.567  27.615 0.0000000000
59791  -34.676  -20.202  27.601 0.0000000000
58854  -33.930  -20.381  26.412 0.0000000000
58862  -32.985  -19.987  25.076 0.0000000000
59805  -34.488  -19.419  26.313 0.0000000000
60907  -34.257  -19.027  25.692 0.0000000000
60884  -38.178  -17.908  27.517 0.0000000000
36250  -7.951  -42.301  39.825 0.0000000000
35112  -7.433  -42.710  40.280 0.0000000000
33089  -4.650  -44.853  40.179 0.0000000000
32054  -3.993  -45.397  40.574 0.0000000000
32038  -3.764  -45.685  41.457 0.0000000000
30947  -2.000  -46.844  39.268 0.0000000000
30921  -2.972  -46.430  41.817 0.0000000000
30892  -3.035  -46.717  43.160 0.0000000000
30889  -1.759  -46.363  42.720 0.0000000000
29805  0.144  -48.490  39.894 0.0000000000
44561  -27.443  -33.773  31.329 0.0000000000
43572  -27.090  -33.935  31.978 0.0000000000
44521  -27.843  -33.674  33.001 0.0000000000
48719  -19.672  -30.720  36.225 0.0000000000
48739  -19.645  -30.393  35.209 0.0000000000
48701  -21.458  -30.397  36.164 0.0000000000
43571  -26.947  -34.283  31.582 0.0000000000
47625  -21.113  -30.905  39.228 0.0000000000
47640  -20.497  -31.189  38.589 0.0000000000
47641  -21.137  -30.828  38.558 0.0000000000
48686  -20.247  -31.049  37.583 0.0000000000
63971  -40.826  -15.022  20.601 0.0000000000
49807  -26.789  -30.008  29.571 0.0000000000
54760  -29.249  -23.530  26.407 0.0000000000
53670  -28.946  -24.320  25.640 0.0000000000
54788  -31.975  -23.339  25.845 0.0000000000
40460  -12.163  -38.270  35.815 0.0000000000
40442  -12.204  -38.400  36.448 0.0000000000
39456  -10.511  -39.340  36.973 0.0000000000
38436  -10.136  -39.670  36.184 0.0000000000
37406  -9.688  -40.462  35.345 0.0000000000
37418  -9.861  -41.082  34.511 0.0000000000
43455  -28.965  -33.766  37.918 0.0000000000
44451  -24.705  -32.859  40.316 0.0000000000
43433  -25.165  -33.157  39.991 0.0000000000
42425  -27.007  -34.403  39.396 0.0000000000
42464  -27.652  -34.584  37.237 0.0000000000
43404  -24.916  -33.514  41.801 0.0000000000
60915  -42.836  -17.689  25.940 0.0000000000
60930  -41.812  -17.593  25.009 0.0000000000
61967  -42.448  -17.446  25.259 0.0000000000
61978  -42.145  -17.202  24.617 0.0000000000
61992  -41.866  -16.787  24.086 0.0000000000
62981  -41.566  -16.063  23.461 0.0000000000
62982  -42.556  -16.254  23.982 0.0000000000
63951  -43.112  -15.171  23.554 0.0000000000
63952  -44.325  -15.469  24.226 0.0000000000
63945  -45.179  -15.764  24.837 0.0000000000
52574  -27.987  -25.610  33.999 0.0000000000
52589  -27.707  -25.507  33.264 0.0000000000
53588  -28.524  -25.113  33.843 0.0000000000
53605  -28.286  -25.001  33.070 0.0000000000
55732  -31.732  -23.422  33.284 0.0000000000
55762  -30.912  -23.155  30.386 0.0000000000
55766  -30.358  -22.952  29.836 0.0000000000
54705  -31.365  -23.219  30.063 0.0000000000
53628  -32.241  -23.520  29.743 0.0000000000
53636  -32.263  -23.481  29.502 0.0000000000
43431  -16.494  -35.052  38.735 0.0000000000
43467  -15.601  -35.574  37.256 0.0000000000
42460  -15.049  -36.388  36.766 0.0000000000
40475  -13.308  -38.596  33.591 0.0000000000
67704  -51.424  -10.725  17.771 0.0000000000
68620  -50.984  -10.761  17.258 0.0000000000
30880  -3.056  -46.231  43.713 0.0000000000
46671  -27.934  -32.968  30.744 0.0000000000
45536  -29.190  -32.600  36.136 0.0000000000
48703  -28.392  -30.502  37.776 0.0000000000
49709  -27.693  -29.254  35.745 0.0000000000
49727  -27.605  -29.567  35.023 0.0000000000
50622  -27.604  -28.234  35.364 0.0000000000
51616  -27.613  -27.825  35.304 0.0000000000
51618  -28.433  -26.962  36.196 0.0000000000
52532  -31.311  -26.373  37.998 0.0000000000
47728  -20.097  -30.649  32.197 0.0000000000
46580  -24.053  -32.134  36.271 0.0000000000
46593  -24.096  -31.839  35.328 0.0000000000
46609  -24.159  -31.691  34.456 0.0000000000
45570  -24.969  -32.764  32.677 0.0000000000
45495  -17.727  -33.582  38.896 0.0000000000
46607  -17.413  -32.751  35.381 0.0000000000
44515  -16.838  -34.551  33.308 0.0000000000
44532  -17.197  -34.518  31.919 0.0000000000
65740  -45.078  -13.014  22.229 0.0000000000
65731  -45.543  -13.208  22.653 0.0000000000
66661  -45.818  -12.784  22.306 0.0000000000
67653  -46.083  -12.200  21.863 0.0000000000
67632  -48.313  -11.665  23.087 0.0000000000
67656  -48.624  -11.302  21.564 0.0000000000
68605  -48.262  -10.820  19.817 0.0000000000
68597  -48.826  -10.889  20.261 0.0000000000
68598  -49.500  -10.786  20.299 0.0000000000
68607  -49.739  -10.669  19.777 0.0000000000
35165  -5.301  -44.257  37.115 0.0000000000
53634  -26.596  -25.962  29.598 0.0000000000
52631  -26.390  -26.446  29.672 0.0000000000
57913  -31.390  -21.117  23.127 0.0000000000
59814  -32.655  -19.894  24.257 0.0000000000
55779  -34.445  -23.167  28.081 0.0000000000
56839  -34.628  -22.783  27.979 0.0000000000
56854  -34.239  -22.487  27.552 0.0000000000
56855  -34.644  -21.933  28.020 0.0000000000
59786  -35.817  -18.990  28.908 0.0000000000
59785  -35.348  -19.566  28.656 0.0000000000
60867  -35.658  -18.977  28.527 0.0000000000
59797  -35.023  -19.345  26.735 0.0000000000
60894  -35.600  -18.929  27.168 0.0000000000
38402  -9.475  -40.758  39.265 0.0000000000
37368  -9.116  -41.117  39.751 0.0000000000
36263  -8.135  -41.899  39.382 0.0000000000
36275  -7.249  -42.627  38.141 0.0000000000
36308  -7.059  -42.833  36.186 0.0000000000
33099  -4.239  -45.372  39.440 0.0000000000
33098  -3.825  -45.766  39.147 0.0000000000
32069  -3.720  -45.762  39.674 0.0000000000
30946  -1.487  -47.580  39.429 0.0000000000
42407  -28.003  -34.873  40.041 0.0000000000
60887  -41.212  -18.375  27.469 0.0000000000
60901  -42.532  -18.138  26.579 0.0000000000
60916  -43.471  -17.360  26.042 0.0000000000
61969  -43.867  -16.977  25.771 0.0000000000
61982  -44.763  -16.945  25.415 0.0000000000
53570  -31.025  -24.709  35.467 0.0000000000
53579  -31.108  -24.231  34.827 0.0000000000
54656  -31.776  -23.673  34.330 0.0000000000
55724  -32.264  -23.496  33.751 0.0000000000
55733  -32.726  -23.494  33.260 0.0000000000
55755  -34.027  -23.356  31.836 0.0000000000
42503  -15.670  -36.758  34.957 0.0000000000
40477  -15.453  -37.276  32.884 0.0000000000
30894  -4.116  -46.000  42.931 0.0000000000
47733  -28.449  -31.879  33.445 0.0000000000
51566  -28.980  -27.767  38.062 0.0000000000
46624  -17.969  -32.369  33.520 0.0000000000
47714  -19.171  -30.641  33.377 0.0000000000
48771  -19.662  -30.287  33.219 0.0000000000
48772  -20.351  -30.205  32.742 0.0000000000
48773  -21.272  -30.099  32.477 0.0000000000
47715  -22.223  -30.247  32.829 0.0000000000
44491  -25.044  -33.275  35.800 0.0000000000
45533  -24.845  -32.804  35.336 0.0000000000
43527  -25.909  -33.544  33.551 0.0000000000
46537  -19.405  -32.569  40.494 0.0000000000
46549  -19.527  -32.215  39.677 0.0000000000
47638  -19.177  -32.027  38.786 0.0000000000
47654  -19.031  -31.834  38.336 0.0000000000
47655  -19.754  -31.325  37.847 0.0000000000
47669  -18.823  -31.702  37.413 0.0000000000
46608  -17.973  -32.093  34.691 0.0000000000
62992  -39.009  -16.484  21.427 0.0000000000
64806  -47.234  -14.192  25.126 0.0000000000
65715  -46.882  -13.206  24.401 0.0000000000
65716  -47.631  -13.084  24.807 0.0000000000
65717  -48.833  -12.922  25.056 0.0000000000
66665  -51.526  -12.039  23.080 0.0000000000
53657  -27.283  -24.560  27.834 0.0000000000
58811  -35.667  -21.020  31.033 0.0000000000
58816  -35.741  -20.099  30.151 0.0000000000
60830  -36.329  -18.644  30.201 0.0000000000
60850  -37.115  -17.909  29.447 0.0000000000
60851  -38.362  -17.567  29.193 0.0000000000
38428  -9.889  -39.947  38.258 0.0000000000
38417  -9.811  -40.354  38.765 0.0000000000
37404  -8.337  -41.656  35.450 0.0000000000
44518  -27.473  -34.197  34.251 0.0000000000
44508  -27.937  -34.153  34.545 0.0000000000
42487  -28.711  -34.044  36.507 0.0000000000
43493  -29.004  -33.650  36.582 0.0000000000
44497  -29.247  -33.115  36.630 0.0000000000
43438  -29.221  -33.879  38.919 0.0000000000
47626  -22.814  -30.888  39.010 0.0000000000
47627  -23.354  -31.494  38.619 0.0000000000
45498  -24.216  -32.627  38.711 0.0000000000
45509  -24.336  -32.725  37.708 0.0000000000
45510  -24.623  -33.020  37.014 0.0000000000
42404  -26.405  -34.059  40.537 0.0000000000
43419  -26.096  -33.735  39.882 0.0000000000
43435  -26.211  -33.727  38.915 0.0000000000
43450  -25.680  -33.486  38.194 0.0000000000
43488  -26.429  -34.069  35.552 0.0000000000
43512  -27.160  -34.215  34.486 0.0000000000
61986  -36.362  -17.598  22.744 0.0000000000
61987  -37.361  -17.289  22.967 0.0000000000
60928  -40.269  -17.752  25.052 0.0000000000
61976  -40.646  -17.273  24.388 0.0000000000
62001  -39.534  -16.638  22.977 0.0000000000
62986  -39.309  -16.341  21.981 0.0000000000
62994  -40.159  -15.749  21.781 0.0000000000
63964  -40.784  -15.515  22.045 0.0000000000
63965  -41.032  -15.134  21.564 0.0000000000
64829  -41.335  -14.569  21.057 0.0000000000
64830  -41.783  -14.113  20.489 0.0000000000
65743  -42.444  -13.746  20.606 0.0000000000
65737  -42.807  -13.646  21.287 0.0000000000
65729  -44.037  -13.330  22.255 0.0000000000
64817  -44.462  -13.993  23.278 0.0000000000
64818  -45.152  -13.847  23.235 0.0000000000
64811  -45.996  -13.980  23.873 0.0000000000
62977  -44.919  -16.564  25.180 0.0000000000
62970  -45.511  -16.214  25.416 0.0000000000
63939  -45.497  -15.871  25.221 0.0000000000
63947  -46.771  -14.547  25.010 0.0000000000
51655  -26.472  -27.580  32.169 0.0000000000
52620  -26.732  -26.079  30.937 0.0000000000
53635  -26.813  -25.575  30.010 0.0000000000
54711  -27.370  -24.536  29.791 0.0000000000
53590  -30.133  -24.284  33.982 0.0000000000
54681  -28.912  -24.534  32.172 0.0000000000
54692  -30.045  -23.656  31.918 0.0000000000
54725  -27.535  -24.138  28.882 0.0000000000
54726  -28.210  -23.380  28.721 0.0000000000
55776  -28.590  -23.008  28.153 0.0000000000
55794  -28.797  -22.874  27.890 0.0000000000
54743  -29.063  -22.922  27.607 0.0000000000
55795  -30.832  -23.394  26.980 0.0000000000
55817  -31.040  -23.445  26.851 0.0000000000
54762  -31.176  -23.464  26.610 0.0000000000
54731  -33.049  -23.625  28.278 0.0000000000
54717  -33.073  -23.622  29.023 0.0000000000
54732  -33.891  -23.508  28.407 0.0000000000
55768  -34.375  -23.389  28.864 0.0000000000
54697  -34.353  -23.384  31.326 0.0000000000
55756  -35.060  -23.019  31.718 0.0000000000
56833  -35.483  -22.442  30.878 0.0000000000
58801  -36.510  -20.209  32.186 0.0000000000
39479  -12.543  -38.366  35.384 0.0000000000
39498  -12.915  -38.524  33.946 0.0000000000
67695  -53.447  -10.769  18.604 0.0000000000
48810  -27.192  -30.783  30.264 0.0000000000
50671  -26.808  -28.953  32.040 0.0000000000
44509  -28.273  -33.736  34.091 0.0000000000
45535  -28.838  -32.861  35.236 0.0000000000
46611  -28.664  -32.683  34.411 0.0000000000
46627  -28.600  -32.619  33.937 0.0000000000
46628  -28.537  -32.149  33.737 0.0000000000
48776  -28.211  -31.450  33.629 0.0000000000
48723  -28.329  -30.860  36.776 0.0000000000
48758  -27.400  -30.001  33.337 0.0000000000
49739  -27.346  -29.672  33.972 0.0000000000
50658  -26.805  -28.877  32.524 0.0000000000
50657  -26.580  -28.199  32.809 0.0000000000
51640  -26.573  -27.478  32.919 0.0000000000
52573  -27.364  -26.588  34.194 0.0000000000
51625  -27.707  -27.234  35.189 0.0000000000
52566  -29.850  -25.383  34.963 0.0000000000
51588  -29.492  -27.005  37.454 0.0000000000
52530  -29.692  -26.610  37.189 0.0000000000
52545  -29.475  -26.519  36.825 0.0000000000
52546  -29.934  -25.993  36.406 0.0000000000
53569  -30.320  -25.270  35.284 0.0000000000
48702  -22.291  -30.347  35.725 0.0000000000
47687  -22.993  -30.711  35.262 0.0000000000
48722  -22.274  -30.128  34.783 0.0000000000
48742  -22.097  -30.261  34.046 0.0000000000
48757  -22.380  -30.351  33.552 0.0000000000
46594  -24.597  -32.230  34.895 0.0000000000
46626  -24.699  -32.104  33.162 0.0000000000
46625  -24.205  -31.635  33.578 0.0000000000
47731  -23.385  -31.154  32.661 0.0000000000
47730  -22.749  -30.775  32.348 0.0000000000
45486  -18.823  -32.808  39.780 0.0000000000
45496  -18.128  -32.962  38.929 0.0000000000
46578  -17.638  -32.955  36.925 0.0000000000
45519  -17.400  -33.541  37.111 0.0000000000
45518  -17.039  -33.974  36.988 0.0000000000
44490  -16.411  -34.562  36.189 0.0000000000
42522  -16.013  -36.186  33.159 0.0000000000
65749  -43.679  -13.188  19.880 0.0000000000
66682  -44.124  -13.028  19.463 0.0000000000
66671  -44.941  -12.418  21.401 0.0000000000
66683  -44.667  -12.678  19.149 0.0000000000
66684  -45.947  -12.101  18.608 0.0000000000
66649  -46.665  -12.548  23.275 0.0000000000
66663  -46.775  -12.287  23.028 0.0000000000
67641  -46.504  -12.090  22.181 0.0000000000
67654  -46.742  -11.749  21.687 0.0000000000
67665  -46.248  -11.691  21.149 0.0000000000
67677  -46.268  -11.528  20.186 0.0000000000
66685  -46.795  -11.676  18.247 0.0000000000
66688  -47.020  -12.265  17.617 0.0000000000
67690  -47.855  -10.820  18.584 0.0000000000
66689  -47.829  -11.787  17.371 0.0000000000
67672  -53.095  -11.494  20.530 0.0000000000
34077  -5.947  -43.950  40.651 0.0000000000
34088  -5.653  -43.854  39.755 0.0000000000
34087  -5.338  -44.202  39.269 0.0000000000
33114  -4.947  -44.772  38.621 0.0000000000
34112  -5.272  -44.446  37.678 0.0000000000
34099  -5.001  -44.774  38.167 0.0000000000
33113  -4.527  -45.170  38.370 0.0000000000
53667  -26.652  -25.445  27.199 0.0000000000
55818  -32.542  -23.181  26.196 0.0000000000
55840  -32.214  -22.914  25.662 0.0000000000
57855  -34.631  -21.155  28.230 0.0000000000
57869  -34.416  -21.487  27.610 0.0000000000
58834  -34.632  -20.749  27.993 0.0000000000
57886  -33.879  -21.348  26.816 0.0000000000
57897  -33.339  -21.060  26.348 0.0000000000
58852  -32.568  -21.045  25.507 0.0000000000
59815  -33.210  -19.265  24.793 0.0000000000
60922  -33.801  -18.893  25.269 0.0000000000
60935  -33.719  -18.659  24.449 0.0000000000
60936  -34.543  -18.265  24.087 0.0000000000
35092  -7.501  -42.697  41.455 0.0000000000
35148  -6.659  -43.305  37.812 0.0000000000
36309  -7.719  -42.116  35.910 0.0000000000
32040  -5.024  -44.863  41.402 0.0000000000
33088  -4.269  -45.199  40.215 0.0000000000
32022  -4.382  -45.461  42.263 0.0000000000
30906  -4.090  -45.865  42.605 0.0000000000
32037  -3.054  -46.082  41.200 0.0000000000
30922  -3.425  -46.061  41.912 0.0000000000
30905  -3.655  -46.300  42.434 0.0000000000
30891  -2.363  -46.548  43.127 0.0000000000
30890  -1.980  -46.195  43.093 0.0000000000
28628  -0.499  -49.326  39.809 0.0000000000
30901  -1.488  -46.437  42.453 0.0000000000
32006  -1.664  -46.189  42.714 0.0000000000
32055  -4.566  -45.042  40.788 0.0000000000
33101  -5.222  -44.219  39.688 0.0000000000
38403  -9.902  -40.341  39.531 0.0000000000
39434  -9.810  -39.818  37.731 0.0000000000
40459  -11.998  -38.276  36.181 0.0000000000
40474  -13.090  -38.575  33.709 0.0000000000
42384  -25.605  -34.051  41.917 0.0000000000
42466  -28.553  -34.210  36.912 0.0000000000
42467  -28.823  -33.921  36.838 0.0000000000
42481  -15.970  -36.202  35.095 0.0000000000
42488  -28.857  -33.876  36.606 0.0000000000
43418  -25.620  -33.454  40.351 0.0000000000
43449  -16.896  -34.602  37.990 0.0000000000
43494  -29.162  -33.396  36.720 0.0000000000
43531  -27.570  -33.762  32.986 0.0000000000
43532  -27.716  -33.665  32.797 0.0000000000
43551  -27.181  -33.868  32.585 0.0000000000
43552  -27.474  -33.741  32.595 0.0000000000
43573  -27.228  -33.834  32.322 0.0000000000
44492  -27.604  -34.351  35.292 0.0000000000
44493  -27.926  -34.258  35.196 0.0000000000
44540  -27.854  -33.606  32.635 0.0000000000
45546  -28.701  -32.732  34.673 0.0000000000
45572  -28.103  -33.386  32.466 0.0000000000
46550  -20.083  -31.792  39.939 0.0000000000
46560  -18.787  -32.317  38.751 0.0000000000
46561  -19.225  -32.189  39.079 0.0000000000
46597  -29.317  -32.003  37.174 0.0000000000
46640  -24.576  -32.271  32.588 0.0000000000
46642  -28.494  -32.122  33.379 0.0000000000
48687  -20.761  -30.853  37.478 0.0000000000
48718  -19.137  -30.993  36.137 0.0000000000
49774  -26.743  -29.015  31.566 0.0000000000
51631  -26.600  -27.954  33.285 0.0000000000
53629  -32.486  -23.565  29.755 0.0000000000
53630  -32.921  -23.635  29.789 0.0000000000
53637  -32.713  -23.571  29.360 0.0000000000
53648  -32.322  -23.456  29.052 0.0000000000
54671  -31.208  -23.539  33.931 0.0000000000
54693  -31.569  -23.361  30.438 0.0000000000
54704  -29.448  -23.281  30.066 0.0000000000
54706  -31.940  -23.466  29.891 0.0000000000
55760  -29.539  -23.465  30.382 0.0000000000
55767  -30.579  -22.990  30.020 0.0000000000
55777  -28.895  -22.800  28.095 0.0000000000
55793  -28.617  -23.025  27.807 0.0000000000
55796  -31.137  -23.451  27.056 0.0000000000
55798  -34.031  -23.048  27.594 0.0000000000
55841  -32.635  -22.878  26.102 0.0000000000
57870  -34.624  -21.542  28.083 0.0000000000
60906  -33.878  -19.094  25.574 0.0000000000
61970  -44.523  -17.128  25.719 0.0000000000
61981  -44.355  -16.749  25.388 0.0000000000
63949  -41.671  -15.709  23.154 0.0000000000
64810  -45.466  -14.250  23.725 0.0000000000
66673  -45.932  -12.598  22.139 0.0000000000
68599  -49.980  -10.708  20.268 0.0000000000
68604  -47.719  -10.941  19.652 0.0000000000
68606  -49.035  -10.714  19.763 0.0000000000
68612  -47.460  -11.033  19.401 0.0000000000
68628  -50.629  -10.844  17.210 0.0000000000
