#!ascii label  , from subject demencia vox2ras=TkReg
1290
50805  -36.968  -29.332  24.077 0.0000000000
58898  -50.960  -19.818  21.009 0.0000000000
54842  -43.966  -24.872  22.998 0.0000000000
32071  -11.247  -47.350  38.888 0.0000000000
48812  -32.921  -30.395  29.975 0.0000000000
39394  -20.806  -40.556  39.711 0.0000000000
39404  -30.100  -40.271  39.697 0.0000000000
42489  -34.640  -36.596  34.971 0.0000000000
46598  -35.102  -32.478  34.986 0.0000000000
34162  -18.436  -44.926  33.225 0.0000000000
34089  -19.958  -44.399  39.043 0.0000000000
38466  -20.195  -40.697  33.540 0.0000000000
40481  -26.143  -39.331  34.196 0.0000000000
39508  -30.949  -39.327  35.526 0.0000000000
50677  -38.315  -28.872  31.465 0.0000000000
50709  -41.639  -27.925  29.316 0.0000000000
56928  -47.615  -22.747  22.354 0.0000000000
52669  -40.736  -26.846  23.237 0.0000000000
61015  -48.008  -18.862  17.054 0.0000000000
29811  -8.039  -49.206  40.243 0.0000000000
49731  -36.320  -30.351  34.276 0.0000000000
50736  -33.677  -29.306  27.295 0.0000000000
42483  -22.066  -38.356  34.416 0.0000000000
39399  -24.683  -39.919  39.513 0.0000000000
52641  -44.807  -25.919  28.691 0.0000000000
59942  -55.539  -19.637  13.573 0.0000000000
41433  -32.982  -37.469  32.978 0.0000000000
43534  -34.250  -35.278  33.145 0.0000000000
36360  -19.276  -42.700  33.352 0.0000000000
40503  -28.759  -39.026  33.424 0.0000000000
40523  -31.149  -38.808  33.134 0.0000000000
40469  -33.396  -38.292  35.639 0.0000000000
50722  -37.918  -28.818  28.594 0.0000000000
51684  -40.272  -28.107  30.255 0.0000000000
50768  -39.626  -28.822  26.570 0.0000000000
57943  -49.333  -21.060  21.415 0.0000000000
57907  -49.325  -22.015  24.955 0.0000000000
60957  -51.936  -17.965  21.265 0.0000000000
32123  -8.910  -46.973  36.520 0.0000000000
30951  -9.746  -48.194  39.365 0.0000000000
47735  -34.275  -31.671  32.530 0.0000000000
48727  -35.215  -30.977  35.069 0.0000000000
49757  -34.623  -30.408  32.198 0.0000000000
50673  -35.089  -29.663  30.709 0.0000000000
50700  -32.723  -29.343  28.668 0.0000000000
37369  -20.236  -42.360  39.342 0.0000000000
34060  -20.619  -44.378  41.712 0.0000000000
37333  -20.652  -42.169  41.369 0.0000000000
39334  -22.363  -40.475  42.154 0.0000000000
42524  -21.568  -37.780  32.375 0.0000000000
42540  -22.692  -37.628  32.231 0.0000000000
39444  -27.704  -40.134  37.551 0.0000000000
39442  -25.569  -39.978  37.521 0.0000000000
39402  -27.896  -39.961  39.579 0.0000000000
39340  -27.082  -40.182  42.473 0.0000000000
33135  -15.090  -46.105  36.314 0.0000000000
30972  -17.598  -48.647  38.340 0.0000000000
29813  -17.367  -48.819  40.481 0.0000000000
53726  -41.849  -25.946  23.450 0.0000000000
52658  -42.647  -26.791  26.505 0.0000000000
54766  -43.216  -24.758  26.353 0.0000000000
58977  -57.101  -20.395  11.918 0.0000000000
32025  -11.971  -47.388  42.122 0.0000000000
42449  -35.503  -35.885  37.672 0.0000000000
44475  -35.981  -34.368  37.611 0.0000000000
43495  -35.343  -34.879  35.641 0.0000000000
45573  -34.527  -33.109  32.448 0.0000000000
32135  -19.246  -46.862  35.713 0.0000000000
32094  -20.533  -46.658  38.449 0.0000000000
34127  -19.477  -44.221  36.147 0.0000000000
37385  -19.400  -42.453  36.804 0.0000000000
38438  -20.599  -41.029  36.842 0.0000000000
40515  -23.976  -38.419  32.149 0.0000000000
40518  -26.367  -38.834  32.431 0.0000000000
39504  -28.077  -39.656  34.843 0.0000000000
39447  -30.839  -39.996  37.709 0.0000000000
39449  -32.703  -39.666  37.774 0.0000000000
41382  -34.309  -37.871  37.584 0.0000000000
33205  -16.543  -45.362  32.342 0.0000000000
51619  -39.658  -28.271  34.902 0.0000000000
52548  -41.594  -26.638  36.252 0.0000000000
52576  -41.290  -26.883  33.558 0.0000000000
53622  -42.029  -26.700  32.785 0.0000000000
55862  -45.791  -24.204  23.160 0.0000000000
55843  -45.438  -23.860  25.355 0.0000000000
56904  -47.433  -23.487  24.991 0.0000000000
24015  -4.575  -52.252  43.784 0.0000000000
50827  -39.566  -28.067  23.435 0.0000000000
55877  -38.930  -24.266  21.942 0.0000000000
56943  -42.933  -23.086  20.881 0.0000000000
57955  -44.342  -21.534  20.715 0.0000000000
58911  -45.877  -20.310  20.526 0.0000000000
59856  -47.523  -19.313  20.242 0.0000000000
60989  -49.116  -19.067  19.799 0.0000000000
61002  -45.997  -18.853  17.495 0.0000000000
30897  -10.506  -48.298  43.422 0.0000000000
29772  -8.172  -49.717  43.198 0.0000000000
27430  -6.381  -50.888  44.055 0.0000000000
49662  -39.560  -29.772  39.041 0.0000000000
47662  -36.724  -31.886  37.234 0.0000000000
48708  -37.228  -30.707  36.362 0.0000000000
49716  -38.481  -29.611  35.680 0.0000000000
49761  -37.598  -29.299  32.552 0.0000000000
50704  -36.104  -28.999  29.282 0.0000000000
50788  -35.919  -29.461  25.645 0.0000000000
30928  -21.578  -47.071  40.755 0.0000000000
40478  -21.169  -39.047  33.966 0.0000000000
40432  -21.756  -39.420  37.032 0.0000000000
41417  -23.386  -38.937  34.314 0.0000000000
40435  -23.725  -39.339  37.220 0.0000000000
39397  -23.016  -39.540  39.709 0.0000000000
40380  -24.274  -39.683  42.510 0.0000000000
33151  -10.856  -45.922  36.449 0.0000000000
33153  -12.848  -45.990  36.035 0.0000000000
33103  -13.578  -46.378  38.910 0.0000000000
50770  -41.665  -28.283  26.527 0.0000000000
51698  -43.971  -27.350  28.522 0.0000000000
52624  -45.778  -26.512  30.038 0.0000000000
55773  -46.162  -23.884  28.227 0.0000000000
59879  -50.875  -18.358  19.192 0.0000000000
61016  -51.995  -18.076  17.991 0.0000000000
61028  -54.780  -17.986  15.950 0.0000000000
59929  -53.496  -19.820  14.486 0.0000000000
61038  -56.564  -18.726  15.446 0.0000000000
41444  -32.578  -37.112  31.903 0.0000000000
42542  -32.893  -36.277  31.520 0.0000000000
42552  -32.425  -36.355  30.639 0.0000000000
41442  -30.044  -38.414  32.062 0.0000000000
41443  -31.579  -38.193  32.420 0.0000000000
41432  -32.629  -38.220  33.630 0.0000000000
50766  -37.404  -29.216  26.461 0.0000000000
50741  -38.788  -28.796  27.626 0.0000000000
50790  -38.273  -28.998  25.432 0.0000000000
58897  -50.064  -20.416  21.257 0.0000000000
58872  -50.465  -20.534  23.262 0.0000000000
58873  -51.298  -19.951  23.023 0.0000000000
59824  -52.108  -19.469  22.754 0.0000000000
59844  -51.166  -18.921  20.869 0.0000000000
32106  -10.510  -47.083  37.379 0.0000000000
32085  -9.526  -47.866  37.670 0.0000000000
30952  -10.619  -47.763  39.261 0.0000000000
48813  -33.333  -30.865  30.555 0.0000000000
48777  -34.139  -30.824  32.199 0.0000000000
49776  -33.537  -30.153  30.683 0.0000000000
49798  -33.629  -29.785  30.261 0.0000000000
49809  -32.540  -29.893  29.054 0.0000000000
28671  -19.602  -49.581  38.877 0.0000000000
38421  -20.610  -40.996  39.243 0.0000000000
37348  -20.296  -42.136  40.982 0.0000000000
38395  -20.638  -41.011  40.736 0.0000000000
38371  -21.433  -41.081  41.665 0.0000000000
39373  -21.577  -40.478  40.877 0.0000000000
39426  -29.429  -40.127  38.635 0.0000000000
39424  -27.277  -40.324  38.551 0.0000000000
39403  -29.055  -39.934  39.641 0.0000000000
39381  -28.516  -39.929  40.663 0.0000000000
30995  -17.730  -47.798  36.219 0.0000000000
29847  -18.282  -48.849  38.196 0.0000000000
29838  -17.988  -48.947  38.964 0.0000000000
51552  -40.320  -28.110  38.890 0.0000000000
53727  -42.620  -25.721  23.842 0.0000000000
53711  -42.617  -25.821  24.702 0.0000000000
54805  -43.718  -25.155  25.097 0.0000000000
42468  -35.323  -36.369  36.788 0.0000000000
42491  -35.448  -35.574  36.294 0.0000000000
42490  -35.349  -36.056  35.739 0.0000000000
44541  -34.254  -34.230  32.267 0.0000000000
45586  -34.147  -33.527  31.527 0.0000000000
46657  -34.169  -32.590  31.628 0.0000000000
33182  -18.393  -45.964  34.229 0.0000000000
33173  -19.306  -45.377  35.418 0.0000000000
34155  -18.980  -44.584  34.402 0.0000000000
37420  -19.800  -41.791  34.199 0.0000000000
36343  -19.690  -42.268  34.856 0.0000000000
37407  -19.829  -41.829  35.316 0.0000000000
37396  -20.085  -41.795  36.915 0.0000000000
38447  -20.699  -40.608  35.634 0.0000000000
40534  -25.976  -38.573  31.547 0.0000000000
40485  -30.143  -39.372  34.406 0.0000000000
40483  -28.290  -39.366  34.156 0.0000000000
39506  -29.479  -39.685  34.974 0.0000000000
39467  -29.222  -39.899  36.669 0.0000000000
39488  -30.642  -39.458  36.041 0.0000000000
39448  -31.834  -39.904  37.714 0.0000000000
39489  -31.542  -39.347  35.902 0.0000000000
41405  -33.700  -37.927  35.055 0.0000000000
40455  -33.868  -38.274  36.703 0.0000000000
41393  -34.432  -37.696  36.702 0.0000000000
42448  -35.241  -36.662  37.643 0.0000000000
34161  -17.848  -45.354  32.692 0.0000000000
50660  -39.195  -28.330  32.779 0.0000000000
51627  -40.136  -27.807  34.380 0.0000000000
51656  -39.497  -28.121  32.258 0.0000000000
51685  -41.192  -27.798  30.187 0.0000000000
51659  -41.255  -27.422  31.680 0.0000000000
52621  -41.912  -27.224  31.551 0.0000000000
51645  -42.842  -27.082  32.415 0.0000000000
51674  -42.472  -27.338  31.229 0.0000000000
55881  -46.627  -23.461  22.627 0.0000000000
54826  -46.726  -24.138  23.776 0.0000000000
55865  -47.931  -23.301  23.700 0.0000000000
57888  -50.245  -21.627  26.916 0.0000000000
56958  -43.488  -22.311  20.688 0.0000000000
57954  -43.079  -21.543  19.984 0.0000000000
58910  -44.779  -20.396  20.090 0.0000000000
59854  -45.506  -19.771  19.798 0.0000000000
58912  -46.918  -19.970  20.738 0.0000000000
59874  -45.810  -19.379  18.824 0.0000000000
59875  -47.132  -19.369  19.214 0.0000000000
30949  -7.819  -48.479  39.118 0.0000000000
29795  -6.851  -49.657  40.414 0.0000000000
32003  -12.244  -47.128  43.789 0.0000000000
32024  -11.153  -47.575  42.335 0.0000000000
31992  -11.272  -47.615  44.433 0.0000000000
29768  -9.673  -49.151  44.436 0.0000000000
27432  -8.512  -50.436  43.770 0.0000000000
28579  -7.152  -50.383  43.822 0.0000000000
26329  -7.788  -51.039  43.782 0.0000000000
26335  -6.786  -51.797  44.145 0.0000000000
44484  -35.578  -33.677  36.377 0.0000000000
45512  -36.255  -33.495  37.587 0.0000000000
46585  -35.912  -32.643  36.384 0.0000000000
49712  -35.347  -30.733  34.834 0.0000000000
48707  -36.324  -31.126  36.263 0.0000000000
49698  -36.534  -30.593  35.719 0.0000000000
48709  -37.854  -30.308  36.365 0.0000000000
49714  -36.890  -30.309  35.079 0.0000000000
49733  -37.907  -29.481  34.315 0.0000000000
49746  -36.639  -30.079  33.423 0.0000000000
50702  -34.297  -29.351  29.029 0.0000000000
50689  -35.517  -29.265  30.015 0.0000000000
50719  -34.884  -29.271  28.287 0.0000000000
50720  -35.843  -29.176  28.377 0.0000000000
50763  -34.343  -29.487  26.512 0.0000000000
32078  -20.255  -46.006  38.986 0.0000000000
32079  -20.632  -46.846  39.225 0.0000000000
32063  -20.335  -46.041  40.063 0.0000000000
42525  -21.833  -37.947  32.978 0.0000000000
41429  -21.277  -38.347  33.172 0.0000000000
42461  -21.717  -38.519  34.710 0.0000000000
40447  -21.566  -39.426  35.893 0.0000000000
41390  -21.945  -39.023  35.689 0.0000000000
40499  -24.791  -38.694  32.933 0.0000000000
41430  -23.533  -38.621  33.247 0.0000000000
40480  -24.876  -39.168  34.077 0.0000000000
39422  -25.093  -40.024  38.481 0.0000000000
39441  -24.581  -39.760  37.436 0.0000000000
39421  -24.064  -39.525  38.413 0.0000000000
39420  -23.246  -39.278  38.717 0.0000000000
39398  -23.809  -39.600  39.598 0.0000000000
39376  -23.567  -39.697  40.675 0.0000000000
39358  -24.898  -39.741  41.397 0.0000000000
40410  -32.971  -39.410  39.624 0.0000000000
33154  -13.761  -46.061  36.009 0.0000000000
33118  -14.266  -46.278  37.625 0.0000000000
33132  -12.752  -46.300  37.132 0.0000000000
28621  -17.512  -49.480  41.263 0.0000000000
51743  -39.987  -27.542  23.017 0.0000000000
51730  -40.192  -28.337  24.658 0.0000000000
52671  -41.382  -27.535  24.736 0.0000000000
53660  -43.285  -25.574  27.286 0.0000000000
51713  -43.083  -27.368  26.988 0.0000000000
51699  -44.517  -26.574  28.691 0.0000000000
51689  -44.563  -26.958  29.308 0.0000000000
52633  -45.003  -26.329  29.042 0.0000000000
56878  -46.594  -23.616  26.286 0.0000000000
56857  -45.653  -23.135  27.399 0.0000000000
55784  -46.494  -24.228  27.445 0.0000000000
59886  -47.925  -19.341  18.442 0.0000000000
60990  -49.908  -18.876  19.900 0.0000000000
59887  -49.177  -19.312  18.782 0.0000000000
59901  -50.983  -19.448  17.612 0.0000000000
59911  -51.749  -19.477  16.545 0.0000000000
61018  -53.495  -17.750  17.374 0.0000000000
59912  -53.023  -19.150  16.669 0.0000000000
61057  -53.037  -18.958  12.727 0.0000000000
59939  -52.435  -19.162  13.567 0.0000000000
59941  -54.350  -19.764  13.493 0.0000000000
59922  -55.002  -19.032  15.320 0.0000000000
59931  -55.826  -19.213  14.567 0.0000000000
59943  -56.644  -19.707  13.680 0.0000000000
58978  -58.042  -20.631  12.048 0.0000000000
41421  -34.163  -36.955  34.740 0.0000000000
42510  -34.356  -36.334  34.077 0.0000000000
42529  -33.831  -36.140  33.349 0.0000000000
43553  -33.379  -35.603  31.838 0.0000000000
35233  -19.058  -43.640  33.509 0.0000000000
41441  -29.463  -38.495  32.000 0.0000000000
40522  -30.441  -38.812  32.850 0.0000000000
40505  -30.775  -39.137  33.708 0.0000000000
40467  -31.713  -39.215  35.470 0.0000000000
40506  -31.689  -38.690  33.720 0.0000000000
41419  -33.009  -38.225  34.116 0.0000000000
50706  -38.056  -28.719  29.627 0.0000000000
51670  -39.479  -28.137  31.509 0.0000000000
50723  -39.110  -28.349  28.874 0.0000000000
51695  -39.975  -28.285  29.372 0.0000000000
50724  -40.334  -28.385  28.538 0.0000000000
57942  -48.353  -21.847  21.623 0.0000000000
57914  -48.816  -22.411  24.033 0.0000000000
57915  -49.222  -21.755  23.666 0.0000000000
58864  -50.161  -20.988  24.515 0.0000000000
62012  -53.257  -17.681  20.975 0.0000000000
30983  -8.340  -47.902  38.009 0.0000000000
30950  -8.760  -48.623  39.300 0.0000000000
46613  -34.087  -32.086  34.008 0.0000000000
47675  -35.266  -31.806  35.401 0.0000000000
48744  -34.398  -31.105  34.199 0.0000000000
48763  -34.688  -30.711  33.812 0.0000000000
49744  -34.954  -30.574  33.313 0.0000000000
49759  -36.066  -29.983  32.535 0.0000000000
49778  -34.755  -30.015  31.455 0.0000000000
50687  -33.864  -29.541  29.694 0.0000000000
50717  -33.121  -29.104  28.031 0.0000000000
35131  -20.082  -43.712  39.462 0.0000000000
34078  -20.080  -44.311  40.128 0.0000000000
35096  -20.116  -43.628  40.678 0.0000000000
35057  -20.918  -43.880  41.877 0.0000000000
37321  -22.419  -41.149  42.719 0.0000000000
43546  -21.936  -37.237  31.782 0.0000000000
43526  -22.146  -37.918  32.920 0.0000000000
39484  -26.537  -39.716  35.755 0.0000000000
39464  -25.929  -39.863  36.461 0.0000000000
39443  -26.613  -40.130  37.514 0.0000000000
39423  -26.168  -40.256  38.516 0.0000000000
39400  -25.719  -40.098  39.517 0.0000000000
39359  -25.767  -39.826  41.432 0.0000000000
39380  -27.369  -39.956  40.577 0.0000000000
33171  -15.565  -46.220  34.647 0.0000000000
32124  -15.737  -46.520  35.862 0.0000000000
32092  -16.040  -47.354  38.091 0.0000000000
30954  -16.410  -47.866  39.438 0.0000000000
30955  -17.198  -48.519  39.146 0.0000000000
53708  -40.853  -26.322  23.129 0.0000000000
53672  -41.803  -27.052  24.384 0.0000000000
53693  -42.254  -26.093  25.085 0.0000000000
53674  -42.496  -25.821  26.301 0.0000000000
54733  -43.646  -24.712  27.864 0.0000000000
62070  -47.229  -17.120  16.200 0.0000000000
59899  -48.616  -19.311  17.332 0.0000000000
61023  -48.332  -18.320  16.318 0.0000000000
61067  -53.980  -19.125  11.843 0.0000000000
59956  -56.351  -20.058  12.737 0.0000000000
59980  -54.795  -19.317  10.945 0.0000000000
59981  -55.439  -19.411  10.475 0.0000000000
32058  -12.401  -46.830  40.186 0.0000000000
32057  -11.427  -47.269  40.070 0.0000000000
44465  -36.399  -34.600  38.520 0.0000000000
43457  -35.766  -35.108  37.713 0.0000000000
44499  -35.410  -34.522  36.189 0.0000000000
45538  -35.289  -33.277  35.428 0.0000000000
43535  -34.792  -35.185  33.837 0.0000000000
44523  -34.873  -34.393  33.982 0.0000000000
46630  -34.524  -32.791  33.649 0.0000000000
46643  -34.342  -32.254  32.329 0.0000000000
47749  -33.645  -31.348  31.176 0.0000000000
30997  -19.490  -47.642  36.573 0.0000000000
29850  -20.441  -47.997  37.800 0.0000000000
32110  -20.212  -46.394  37.026 0.0000000000
33137  -19.893  -45.170  37.325 0.0000000000
34115  -19.495  -44.456  37.394 0.0000000000
35217  -19.406  -43.427  34.795 0.0000000000
35185  -19.276  -43.479  36.722 0.0000000000
36277  -19.280  -43.319  37.611 0.0000000000
37377  -20.005  -42.484  38.201 0.0000000000
37378  -20.398  -41.704  38.750 0.0000000000
38429  -20.768  -40.998  38.172 0.0000000000
40517  -25.395  -38.801  32.224 0.0000000000
40500  -25.722  -38.930  33.219 0.0000000000
40519  -27.367  -38.868  32.574 0.0000000000
40482  -27.294  -39.443  34.343 0.0000000000
39466  -28.143  -39.934  36.570 0.0000000000
39445  -28.775  -40.046  37.603 0.0000000000
39427  -30.466  -40.244  38.684 0.0000000000
39405  -31.093  -40.329  39.821 0.0000000000
39428  -31.499  -40.157  38.701 0.0000000000
39429  -32.460  -39.869  38.692 0.0000000000
40423  -33.221  -39.351  38.683 0.0000000000
40454  -33.058  -39.021  36.666 0.0000000000
40437  -33.813  -38.527  37.647 0.0000000000
41375  -34.345  -37.947  38.619 0.0000000000
42429  -34.889  -37.445  38.947 0.0000000000
32139  -16.977  -46.484  34.362 0.0000000000
51607  -39.953  -28.432  35.873 0.0000000000
51620  -40.338  -27.726  35.327 0.0000000000
52558  -41.524  -26.632  35.321 0.0000000000
53580  -42.092  -26.270  34.247 0.0000000000
51657  -40.073  -27.837  32.062 0.0000000000
53591  -41.624  -26.779  33.177 0.0000000000
54843  -44.852  -24.293  22.841 0.0000000000
55852  -44.862  -24.366  24.667 0.0000000000
54808  -45.756  -24.474  24.227 0.0000000000
55844  -46.492  -23.805  25.487 0.0000000000
56879  -47.629  -23.518  26.159 0.0000000000
56906  -48.722  -22.695  25.385 0.0000000000
56880  -48.496  -22.930  26.465 0.0000000000
50841  -36.451  -28.260  22.419 0.0000000000
50806  -37.971  -28.830  24.348 0.0000000000
51758  -37.498  -27.624  22.403 0.0000000000
52702  -38.788  -26.835  22.403 0.0000000000
53722  -39.046  -26.162  22.569 0.0000000000
53723  -39.392  -25.843  22.534 0.0000000000
54820  -40.124  -25.457  22.458 0.0000000000
53741  -41.246  -25.460  22.436 0.0000000000
54857  -42.547  -24.623  21.800 0.0000000000
54858  -43.630  -24.598  22.172 0.0000000000
55898  -44.513  -23.687  22.058 0.0000000000
55899  -45.305  -22.969  22.011 0.0000000000
56946  -45.678  -22.243  21.672 0.0000000000
58909  -43.763  -20.686  19.921 0.0000000000
57956  -45.192  -20.939  20.754 0.0000000000
57941  -47.178  -21.409  21.392 0.0000000000
57957  -47.866  -20.972  20.936 0.0000000000
57958  -48.630  -20.742  20.851 0.0000000000
58914  -48.910  -19.919  20.492 0.0000000000
59859  -50.130  -19.114  20.126 0.0000000000
60969  -48.789  -19.175  20.273 0.0000000000
59876  -48.363  -19.136  19.568 0.0000000000
59897  -47.106  -18.881  17.327 0.0000000000
61021  -46.952  -17.635  16.539 0.0000000000
30937  -10.501  -47.843  40.357 0.0000000000
30936  -9.469  -48.465  40.595 0.0000000000
29798  -8.992  -48.772  41.501 0.0000000000
30875  -10.073  -48.608  44.592 0.0000000000
30895  -9.422  -49.072  43.799 0.0000000000
29787  -7.744  -49.294  41.676 0.0000000000
28592  -7.311  -49.966  42.748 0.0000000000
28591  -6.435  -50.265  43.030 0.0000000000
27445  -5.580  -50.674  43.549 0.0000000000
25185  -5.389  -51.899  44.192 0.0000000000
50591  -39.892  -28.880  38.537 0.0000000000
47646  -37.642  -31.682  38.393 0.0000000000
47676  -35.901  -31.825  36.260 0.0000000000
48693  -36.678  -31.438  36.764 0.0000000000
48681  -38.239  -30.778  38.109 0.0000000000
49688  -39.156  -29.564  37.084 0.0000000000
50612  -39.591  -29.094  36.479 0.0000000000
50625  -38.980  -29.142  35.292 0.0000000000
49748  -38.046  -29.122  33.766 0.0000000000
49782  -37.855  -29.251  31.850 0.0000000000
49780  -36.372  -29.605  31.727 0.0000000000
50675  -36.747  -29.192  31.015 0.0000000000
50691  -37.308  -28.949  30.321 0.0000000000
50721  -36.866  -29.106  28.471 0.0000000000
50739  -36.603  -29.230  27.476 0.0000000000
49851  -36.299  -29.579  24.932 0.0000000000
49808  -32.222  -29.784  28.522 0.0000000000
50716  -32.319  -29.188  27.807 0.0000000000
50735  -32.784  -29.180  27.114 0.0000000000
50762  -33.412  -29.500  26.372 0.0000000000
50786  -34.125  -29.679  25.629 0.0000000000
49849  -34.751  -29.517  24.899 0.0000000000
49856  -35.380  -29.581  24.229 0.0000000000
49869  -35.850  -29.525  23.772 0.0000000000
33083  -20.769  -45.702  41.019 0.0000000000
39533  -20.377  -39.580  32.279 0.0000000000
40497  -20.899  -38.882  33.089 0.0000000000
38467  -20.711  -40.069  33.789 0.0000000000
39483  -21.073  -39.786  35.238 0.0000000000
40431  -21.362  -39.635  36.723 0.0000000000
39440  -21.633  -39.650  37.726 0.0000000000
42550  -23.129  -37.657  31.908 0.0000000000
42527  -22.898  -38.378  33.574 0.0000000000
42508  -22.751  -38.681  34.435 0.0000000000
40464  -24.602  -39.377  35.254 0.0000000000
40463  -23.751  -39.245  35.310 0.0000000000
41392  -22.765  -39.107  35.720 0.0000000000
40433  -22.363  -39.212  36.964 0.0000000000
40420  -22.170  -39.436  37.813 0.0000000000
39396  -22.239  -39.778  39.744 0.0000000000
39375  -22.809  -39.879  40.716 0.0000000000
39336  -23.451  -39.963  42.841 0.0000000000
33150  -9.758  -46.416  36.319 0.0000000000
32107  -11.173  -46.923  37.571 0.0000000000
34139  -12.489  -45.344  35.060 0.0000000000
34125  -11.946  -45.448  35.558 0.0000000000
33152  -11.894  -45.768  36.235 0.0000000000
33131  -11.790  -46.513  37.365 0.0000000000
32089  -12.241  -46.652  38.728 0.0000000000
33091  -13.391  -46.482  39.750 0.0000000000
30927  -16.816  -48.456  40.878 0.0000000000
50791  -39.369  -28.866  25.562 0.0000000000
50769  -40.640  -28.625  26.601 0.0000000000
50744  -42.009  -28.409  27.627 0.0000000000
51712  -42.350  -27.628  26.382 0.0000000000
50771  -42.618  -28.155  26.966 0.0000000000
51696  -42.572  -27.777  29.390 0.0000000000
51688  -43.971  -27.678  29.657 0.0000000000
55821  -44.401  -23.797  25.984 0.0000000000
55782  -44.588  -23.523  28.321 0.0000000000
54734  -44.519  -24.280  28.645 0.0000000000
60972  -50.481  -18.407  20.114 0.0000000000
62023  -51.004  -17.523  20.072 0.0000000000
63012  -51.636  -17.376  19.855 0.0000000000
59900  -49.846  -19.493  17.583 0.0000000000
61006  -51.615  -17.964  18.632 0.0000000000
62039  -52.784  -17.376  19.522 0.0000000000
63032  -54.068  -17.149  18.471 0.0000000000
62066  -54.700  -17.078  17.504 0.0000000000
59920  -52.615  -19.721  15.538 0.0000000000
59921  -53.930  -19.717  15.582 0.0000000000
61036  -55.047  -18.484  15.525 0.0000000000
58962  -57.338  -20.342  12.907 0.0000000000
41457  -31.691  -37.156  30.969 0.0000000000
41458  -32.418  -36.752  31.255 0.0000000000
41456  -30.431  -37.847  31.177 0.0000000000
50789  -37.021  -29.445  25.252 0.0000000000
50767  -38.536  -29.046  26.536 0.0000000000
58883  -50.760  -20.307  22.101 0.0000000000
58884  -51.524  -19.737  21.974 0.0000000000
59835  -52.154  -19.209  21.829 0.0000000000
58899  -51.577  -19.271  21.321 0.0000000000
32087  -11.013  -47.396  37.983 0.0000000000
30970  -10.674  -47.709  38.442 0.0000000000
48793  -33.677  -30.784  31.303 0.0000000000
48792  -33.440  -30.384  30.640 0.0000000000
49797  -33.203  -29.978  30.259 0.0000000000
28672  -20.260  -49.453  38.823 0.0000000000
29840  -19.737  -49.192  38.277 0.0000000000
38408  -20.463  -40.965  40.076 0.0000000000
38409  -20.807  -40.601  40.290 0.0000000000
38396  -21.089  -40.644  40.785 0.0000000000
39395  -21.377  -40.210  39.970 0.0000000000
39382  -29.905  -40.091  40.762 0.0000000000
29839  -18.860  -49.302  38.703 0.0000000000
54821  -42.949  -25.460  23.620 0.0000000000
53728  -42.954  -25.638  24.398 0.0000000000
54822  -43.479  -25.312  24.028 0.0000000000
41407  -35.015  -36.746  36.196 0.0000000000
44587  -33.707  -34.424  30.753 0.0000000000
45601  -33.868  -33.863  30.718 0.0000000000
38456  -20.310  -41.164  34.856 0.0000000000
40484  -29.177  -39.362  34.193 0.0000000000
39507  -30.362  -39.427  35.283 0.0000000000
39487  -29.738  -39.622  35.889 0.0000000000
39469  -31.210  -39.718  36.795 0.0000000000
41406  -34.347  -37.336  35.591 0.0000000000
41394  -34.983  -37.120  36.730 0.0000000000
34172  -18.218  -45.001  32.369 0.0000000000
33192  -17.848  -45.693  33.357 0.0000000000
50678  -38.920  -28.414  31.900 0.0000000000
51686  -42.064  -27.491  30.010 0.0000000000
55882  -47.301  -23.234  22.654 0.0000000000
55864  -47.271  -23.681  23.400 0.0000000000
56912  -47.837  -23.133  22.970 0.0000000000
59855  -46.438  -19.540  19.999 0.0000000000
29825  -8.188  -48.919  39.595 0.0000000000
29824  -7.511  -48.917  39.552 0.0000000000
29810  -7.190  -49.419  39.971 0.0000000000
29796  -7.452  -49.482  40.842 0.0000000000
31993  -11.735  -47.277  44.451 0.0000000000
29771  -11.846  -48.124  44.451 0.0000000000
26337  -8.208  -51.318  43.565 0.0000000000
45524  -35.571  -33.233  36.111 0.0000000000
46584  -35.477  -32.506  35.792 0.0000000000
49730  -35.513  -30.513  34.228 0.0000000000
49713  -35.998  -30.534  35.001 0.0000000000
49732  -37.226  -30.022  34.295 0.0000000000
50718  -33.971  -29.323  28.175 0.0000000000
50703  -35.164  -29.136  29.169 0.0000000000
50737  -34.605  -29.353  27.396 0.0000000000
33120  -19.980  -45.187  38.508 0.0000000000
33105  -20.058  -45.188  39.583 0.0000000000
42506  -22.055  -38.085  33.549 0.0000000000
42482  -21.801  -38.361  34.206 0.0000000000
42462  -21.869  -38.517  34.924 0.0000000000
42463  -22.011  -38.638  35.134 0.0000000000
40465  -25.672  -39.532  35.246 0.0000000000
39377  -24.387  -39.741  40.548 0.0000000000
39378  -25.298  -39.852  40.484 0.0000000000
40411  -33.623  -38.770  39.578 0.0000000000
32076  -15.457  -47.235  39.221 0.0000000000
52687  -40.461  -27.240  23.229 0.0000000000
51719  -40.707  -27.679  24.160 0.0000000000
52670  -40.918  -27.370  23.992 0.0000000000
52640  -44.008  -26.188  28.099 0.0000000000
56859  -47.000  -23.995  26.614 0.0000000000
56844  -46.605  -23.994  27.216 0.0000000000
59898  -47.639  -19.077  17.546 0.0000000000
59954  -53.972  -19.395  12.481 0.0000000000
59940  -53.133  -19.392  13.321 0.0000000000
59930  -54.717  -19.658  14.535 0.0000000000
42509  -33.563  -36.758  33.475 0.0000000000
43574  -33.059  -35.430  30.913 0.0000000000
41455  -29.050  -38.376  31.425 0.0000000000
41420  -33.555  -37.669  34.254 0.0000000000
50742  -39.903  -28.584  27.616 0.0000000000
57926  -48.754  -22.204  22.930 0.0000000000
57927  -49.301  -21.550  22.501 0.0000000000
58856  -51.172  -20.783  25.485 0.0000000000
57900  -51.025  -21.141  26.218 0.0000000000
60958  -52.862  -18.348  21.646 0.0000000000
62011  -52.184  -17.586  20.940 0.0000000000
30969  -10.042  -48.094  38.408 0.0000000000
30968  -9.007  -48.322  38.245 0.0000000000
47719  -34.330  -31.497  33.195 0.0000000000
47704  -34.173  -31.522  34.047 0.0000000000
49756  -34.310  -30.593  32.129 0.0000000000
48761  -34.355  -30.855  32.649 0.0000000000
49743  -34.540  -30.692  32.679 0.0000000000
49758  -35.282  -30.240  32.420 0.0000000000
50686  -33.161  -29.563  29.521 0.0000000000
50672  -34.272  -29.769  30.537 0.0000000000
50701  -33.476  -29.342  28.877 0.0000000000
36253  -20.242  -43.076  40.004 0.0000000000
35114  -20.174  -43.684  40.128 0.0000000000
36217  -20.429  -42.676  41.296 0.0000000000
36218  -20.902  -42.800  41.709 0.0000000000
38372  -21.850  -40.783  41.897 0.0000000000
38355  -21.772  -41.190  42.013 0.0000000000
38356  -22.306  -40.870  42.537 0.0000000000
43547  -22.234  -37.382  31.986 0.0000000000
42526  -22.511  -37.952  32.855 0.0000000000
39465  -27.058  -39.898  36.561 0.0000000000
39401  -26.802  -40.152  39.548 0.0000000000
39379  -26.304  -39.887  40.502 0.0000000000
39361  -27.832  -40.068  41.620 0.0000000000
33172  -16.107  -46.425  34.742 0.0000000000
32131  -15.828  -46.477  35.152 0.0000000000
30984  -16.749  -47.691  37.014 0.0000000000
30971  -16.854  -48.031  38.293 0.0000000000
28655  -19.165  -49.699  39.481 0.0000000000
29827  -18.370  -49.382  39.631 0.0000000000
53709  -41.524  -26.345  23.602 0.0000000000
53692  -41.958  -26.624  24.335 0.0000000000
53710  -42.161  -26.185  24.186 0.0000000000
54789  -43.026  -25.082  25.838 0.0000000000
54765  -42.746  -25.210  26.027 0.0000000000
53675  -43.099  -25.185  26.806 0.0000000000
54748  -43.430  -24.672  27.171 0.0000000000
62071  -47.872  -17.294  15.874 0.0000000000
61066  -53.310  -18.626  11.993 0.0000000000
59966  -54.580  -19.415  11.707 0.0000000000
61075  -54.097  -18.981  11.202 0.0000000000
32043  -13.110  -47.063  40.964 0.0000000000
30888  -13.202  -47.738  43.169 0.0000000000
43440  -35.885  -35.483  38.540 0.0000000000
43496  -35.488  -35.090  36.348 0.0000000000
44498  -35.322  -33.980  35.973 0.0000000000
44510  -35.142  -34.209  35.036 0.0000000000
43513  -34.655  -35.578  33.873 0.0000000000
44522  -34.732  -33.928  33.093 0.0000000000
45560  -34.713  -33.340  33.792 0.0000000000
45559  -34.656  -33.070  33.256 0.0000000000
46656  -33.781  -32.050  30.992 0.0000000000
32127  -19.652  -46.984  36.192 0.0000000000
33157  -19.610  -44.869  36.512 0.0000000000
33158  -19.830  -45.829  36.279 0.0000000000
33136  -19.604  -44.616  37.047 0.0000000000
36342  -19.375  -42.623  34.191 0.0000000000
36311  -19.443  -42.419  36.244 0.0000000000
36325  -19.433  -42.726  35.970 0.0000000000
36310  -19.335  -42.771  36.527 0.0000000000
35168  -19.213  -43.588  37.351 0.0000000000
36293  -19.240  -42.915  37.269 0.0000000000
36278  -19.510  -43.119  38.007 0.0000000000
37386  -19.685  -42.319  37.255 0.0000000000
37387  -20.310  -41.773  37.682 0.0000000000
40533  -25.115  -38.484  31.439 0.0000000000
40501  -26.775  -39.066  33.370 0.0000000000
40537  -28.665  -38.656  32.119 0.0000000000
40536  -28.003  -38.661  31.889 0.0000000000
40520  -28.310  -38.844  32.656 0.0000000000
39485  -27.473  -39.744  35.513 0.0000000000
39486  -28.688  -39.893  35.566 0.0000000000
39468  -30.232  -39.793  36.784 0.0000000000
39446  -29.823  -40.084  37.658 0.0000000000
40468  -32.301  -39.104  35.652 0.0000000000
40424  -33.782  -38.665  38.647 0.0000000000
41376  -34.642  -37.472  38.259 0.0000000000
42430  -35.137  -36.951  38.542 0.0000000000
42431  -35.478  -36.207  38.515 0.0000000000
33190  -16.047  -45.769  33.041 0.0000000000
32134  -18.699  -46.924  35.250 0.0000000000
51608  -40.561  -27.780  36.349 0.0000000000
51634  -40.480  -27.555  33.617 0.0000000000
52567  -40.873  -27.130  34.624 0.0000000000
52568  -41.596  -26.556  34.429 0.0000000000
51683  -39.493  -28.218  30.646 0.0000000000
51671  -40.154  -27.928  31.249 0.0000000000
52608  -41.744  -27.155  32.150 0.0000000000
52607  -41.280  -27.344  32.119 0.0000000000
52591  -41.844  -26.872  32.766 0.0000000000
53592  -41.967  -26.418  33.523 0.0000000000
53593  -42.348  -26.402  33.429 0.0000000000
53609  -42.498  -26.424  33.168 0.0000000000
52593  -43.666  -26.739  32.732 0.0000000000
54824  -45.372  -24.421  23.552 0.0000000000
54825  -46.110  -24.355  23.661 0.0000000000
55855  -47.129  -23.866  24.537 0.0000000000
55845  -47.105  -23.660  25.166 0.0000000000
56895  -47.308  -23.505  25.558 0.0000000000
57906  -48.818  -22.514  24.545 0.0000000000
56897  -48.973  -22.546  26.021 0.0000000000
25190  -4.570  -52.071  44.049 0.0000000000
26333  -3.616  -51.879  43.484 0.0000000000
24023  -4.098  -52.422  43.412 0.0000000000
53739  -38.133  -25.898  22.648 0.0000000000
54819  -39.509  -25.543  22.440 0.0000000000
53724  -40.162  -25.901  22.669 0.0000000000
54838  -39.580  -24.958  22.231 0.0000000000
54839  -40.620  -24.884  22.032 0.0000000000
54855  -40.846  -24.195  21.530 0.0000000000
54840  -41.741  -25.187  22.174 0.0000000000
54856  -41.493  -24.417  21.593 0.0000000000
55896  -42.164  -23.705  21.201 0.0000000000
55897  -43.293  -23.795  21.516 0.0000000000
56959  -44.099  -22.272  21.033 0.0000000000
56945  -44.708  -22.358  21.420 0.0000000000
57938  -44.753  -21.815  21.137 0.0000000000
58894  -45.770  -20.944  21.090 0.0000000000
57940  -46.147  -21.457  21.474 0.0000000000
58895  -46.525  -20.728  21.090 0.0000000000
58913  -47.985  -19.963  20.914 0.0000000000
59857  -48.538  -19.224  20.336 0.0000000000
59885  -46.740  -19.258  17.946 0.0000000000
28634  -6.426  -49.711  40.395 0.0000000000
32042  -12.211  -47.264  41.094 0.0000000000
32041  -11.280  -47.491  41.271 0.0000000000
30908  -10.528  -48.129  42.558 0.0000000000
30924  -10.436  -47.934  41.522 0.0000000000
30923  -9.772  -48.431  41.919 0.0000000000
30907  -9.927  -48.596  42.835 0.0000000000
30876  -10.783  -48.109  44.664 0.0000000000
29767  -9.041  -49.654  43.948 0.0000000000
30882  -9.467  -49.070  44.042 0.0000000000
29773  -9.117  -49.376  43.752 0.0000000000
29780  -8.947  -49.097  43.099 0.0000000000
29779  -7.942  -49.366  42.518 0.0000000000
28586  -7.262  -50.170  43.435 0.0000000000
28585  -6.302  -50.351  43.748 0.0000000000
28584  -5.829  -50.550  43.651 0.0000000000
27438  -5.727  -50.833  43.792 0.0000000000
27429  -5.497  -51.425  44.003 0.0000000000
26327  -5.866  -51.623  44.185 0.0000000000
25194  -7.637  -51.974  43.634 0.0000000000
49676  -39.435  -29.601  37.997 0.0000000000
44466  -36.861  -34.211  38.986 0.0000000000
45501  -36.351  -34.033  38.067 0.0000000000
46573  -36.298  -32.722  37.038 0.0000000000
45513  -36.656  -33.084  38.174 0.0000000000
46574  -36.628  -32.642  37.806 0.0000000000
46565  -37.193  -32.657  38.606 0.0000000000
47645  -37.012  -32.192  38.026 0.0000000000
48705  -35.101  -31.429  35.037 0.0000000000
48706  -35.422  -31.262  35.494 0.0000000000
48694  -37.282  -31.191  37.128 0.0000000000
48680  -37.598  -31.263  37.831 0.0000000000
48695  -38.007  -30.575  37.006 0.0000000000
49700  -38.136  -29.884  36.012 0.0000000000
49687  -38.478  -30.031  36.694 0.0000000000
49701  -38.866  -29.624  36.194 0.0000000000
49747  -37.445  -29.521  33.455 0.0000000000
50647  -37.919  -28.986  33.158 0.0000000000
49779  -35.557  -29.836  31.619 0.0000000000
50690  -36.424  -29.168  30.141 0.0000000000
50674  -35.939  -29.491  30.849 0.0000000000
50705  -37.089  -28.953  29.406 0.0000000000
50738  -35.571  -29.270  27.438 0.0000000000
50765  -36.295  -29.296  26.471 0.0000000000
50699  -32.176  -29.569  28.332 0.0000000000
50715  -31.790  -29.618  27.438 0.0000000000
50761  -32.474  -29.434  26.178 0.0000000000
50785  -33.236  -29.588  25.274 0.0000000000
49847  -33.594  -29.631  24.912 0.0000000000
49854  -33.601  -29.521  24.552 0.0000000000
30988  -20.489  -47.514  37.720 0.0000000000
30973  -20.714  -47.506  38.363 0.0000000000
32064  -20.841  -46.913  39.992 0.0000000000
34069  -20.124  -44.390  41.079 0.0000000000
33093  -20.121  -45.166  40.557 0.0000000000
33082  -20.311  -45.170  41.143 0.0000000000
39503  -20.967  -39.517  34.076 0.0000000000
40448  -21.884  -39.356  36.251 0.0000000000
39439  -21.163  -39.987  37.556 0.0000000000
40419  -21.854  -39.541  37.779 0.0000000000
41439  -23.569  -38.230  32.265 0.0000000000
41418  -23.995  -38.918  33.935 0.0000000000
40452  -25.100  -39.575  36.006 0.0000000000
39463  -25.046  -39.849  36.718 0.0000000000
40451  -24.298  -39.382  36.318 0.0000000000
40450  -23.307  -39.093  36.180 0.0000000000
40449  -22.656  -39.148  36.292 0.0000000000
40434  -23.001  -39.044  37.084 0.0000000000
40421  -22.762  -39.251  37.862 0.0000000000
39419  -22.502  -39.408  38.741 0.0000000000
39357  -24.123  -39.731  41.605 0.0000000000
39356  -23.371  -39.904  41.836 0.0000000000
40394  -23.773  -39.825  42.525 0.0000000000
39360  -26.760  -39.971  41.518 0.0000000000
39339  -26.076  -39.945  42.389 0.0000000000
39406  -32.172  -39.977  39.690 0.0000000000
33130  -10.681  -46.513  37.083 0.0000000000
33156  -15.216  -46.203  35.424 0.0000000000
34141  -13.991  -45.717  34.616 0.0000000000
33155  -14.508  -46.007  35.752 0.0000000000
33168  -13.290  -45.734  35.421 0.0000000000
34126  -12.290  -45.614  35.742 0.0000000000
33167  -11.587  -45.459  35.630 0.0000000000
33117  -13.512  -46.319  37.922 0.0000000000
33116  -12.745  -46.432  38.407 0.0000000000
33115  -12.159  -46.644  38.197 0.0000000000
32073  -12.619  -46.536  39.379 0.0000000000
33102  -13.187  -46.369  39.393 0.0000000000
30940  -17.008  -48.348  40.064 0.0000000000
30939  -16.328  -47.905  40.419 0.0000000000
52535  -41.733  -26.632  37.200 0.0000000000
50826  -38.657  -28.278  23.487 0.0000000000
50807  -39.332  -28.604  24.419 0.0000000000
50793  -41.071  -28.378  26.001 0.0000000000
50792  -40.430  -28.537  25.517 0.0000000000
50743  -40.990  -28.540  27.554 0.0000000000
53673  -42.045  -26.673  25.157 0.0000000000
52657  -41.901  -27.103  25.805 0.0000000000
50728  -43.479  -27.497  28.042 0.0000000000
50772  -42.968  -27.878  27.307 0.0000000000
50727  -43.201  -27.804  28.259 0.0000000000
50745  -42.776  -28.083  27.723 0.0000000000
51697  -43.229  -27.852  29.074 0.0000000000
52623  -45.093  -26.534  29.739 0.0000000000
51676  -44.594  -27.148  30.332 0.0000000000
51677  -45.209  -26.720  30.477 0.0000000000
55842  -44.683  -24.107  25.063 0.0000000000
56843  -46.310  -23.478  27.800 0.0000000000
55800  -44.749  -23.400  27.126 0.0000000000
56841  -44.963  -23.134  28.167 0.0000000000
55771  -44.252  -24.116  28.507 0.0000000000
54721  -45.619  -23.977  28.583 0.0000000000
60971  -49.654  -19.135  19.765 0.0000000000
59878  -50.565  -18.829  19.276 0.0000000000
60991  -50.688  -18.149  19.646 0.0000000000
63002  -51.395  -17.330  20.049 0.0000000000
62037  -51.111  -17.616  19.641 0.0000000000
59890  -51.653  -18.362  18.197 0.0000000000
62054  -51.988  -17.584  18.954 0.0000000000
62055  -52.798  -17.530  18.796 0.0000000000
62056  -53.669  -17.333  18.908 0.0000000000
62064  -52.926  -17.686  18.177 0.0000000000
61027  -53.668  -18.136  16.837 0.0000000000
62075  -54.297  -17.507  16.989 0.0000000000
62067  -55.499  -17.236  17.454 0.0000000000
62076  -55.233  -17.386  16.712 0.0000000000
59928  -52.229  -19.427  14.312 0.0000000000
59927  -51.501  -19.223  14.577 0.0000000000
61046  -55.840  -18.810  14.950 0.0000000000
61037  -55.638  -18.495  15.327 0.0000000000
61029  -55.960  -17.893  15.979 0.0000000000
58976  -56.149  -20.175  11.768 0.0000000000
42528  -33.373  -36.273  32.591 0.0000000000
50740  -37.692  -29.119  27.553 0.0000000000
58882  -49.878  -20.762  22.310 0.0000000000
59816  -51.945  -19.569  23.834 0.0000000000
59825  -52.747  -19.208  23.442 0.0000000000
59837  -53.230  -18.897  23.177 0.0000000000
59846  -52.420  -18.745  21.782 0.0000000000
59845  -51.777  -18.541  21.321 0.0000000000
32105  -9.658  -47.138  37.169 0.0000000000
32086  -10.296  -47.679  37.729 0.0000000000
47734  -33.945  -31.243  31.956 0.0000000000
48778  -34.253  -31.205  32.642 0.0000000000
49777  -33.911  -30.227  31.188 0.0000000000
37370  -20.355  -41.606  39.746 0.0000000000
37361  -20.275  -42.239  40.302 0.0000000000
37362  -20.382  -41.555  40.540 0.0000000000
37349  -20.620  -41.580  41.143 0.0000000000
37334  -21.253  -41.743  41.655 0.0000000000
38383  -21.018  -41.094  41.270 0.0000000000
38384  -21.449  -40.745  41.359 0.0000000000
39354  -21.969  -40.492  41.460 0.0000000000
39425  -28.359  -40.096  38.587 0.0000000000
39362  -28.951  -40.175  41.705 0.0000000000
30985  -17.989  -48.365  37.299 0.0000000000
53712  -43.157  -25.566  24.918 0.0000000000
54790  -43.449  -24.803  25.685 0.0000000000
42469  -35.521  -35.565  36.798 0.0000000000
43514  -35.029  -35.381  34.577 0.0000000000
43554  -33.819  -35.028  32.085 0.0000000000
46673  -33.986  -32.907  30.789 0.0000000000
33174  -19.438  -46.397  35.690 0.0000000000
34142  -19.349  -44.194  35.309 0.0000000000
37419  -19.419  -42.144  33.573 0.0000000000
37395  -19.597  -41.987  36.368 0.0000000000
38446  -20.173  -41.364  35.929 0.0000000000
40504  -29.756  -39.088  33.507 0.0000000000
39505  -28.727  -39.659  34.716 0.0000000000
39470  -32.227  -39.544  36.770 0.0000000000
40470  -33.997  -37.910  36.143 0.0000000000
41383  -34.801  -37.316  37.580 0.0000000000
33191  -17.124  -45.934  32.862 0.0000000000
50649  -39.319  -28.351  33.590 0.0000000000
51626  -39.619  -28.218  34.163 0.0000000000
50661  -39.585  -28.231  33.193 0.0000000000
51643  -39.944  -28.088  32.820 0.0000000000
51672  -40.867  -27.685  31.067 0.0000000000
51673  -41.604  -27.361  31.100 0.0000000000
53623  -42.163  -26.806  32.612 0.0000000000
52609  -42.225  -27.125  32.124 0.0000000000
51660  -42.734  -27.246  32.123 0.0000000000
51661  -43.363  -27.352  31.703 0.0000000000
55863  -46.378  -23.981  23.168 0.0000000000
55856  -47.699  -23.549  24.078 0.0000000000
57899  -50.388  -21.500  25.879 0.0000000000
57898  -49.638  -22.015  26.324 0.0000000000
62042  -55.261  -17.456  19.366 0.0000000000
56957  -42.493  -22.421  20.409 0.0000000000
59873  -44.681  -19.577  19.215 0.0000000000
59884  -45.899  -19.155  18.011 0.0000000000
29809  -6.386  -49.375  39.967 0.0000000000
28615  -6.681  -49.890  41.052 0.0000000000
32012  -11.718  -47.332  43.099 0.0000000000
32011  -11.074  -47.748  43.250 0.0000000000
32001  -10.859  -47.849  43.875 0.0000000000
28582  -10.004  -49.756  44.679 0.0000000000
28581  -9.122  -50.089  44.130 0.0000000000
29766  -8.020  -49.843  43.449 0.0000000000
28580  -8.300  -50.252  43.711 0.0000000000
27431  -7.449  -50.728  43.894 0.0000000000
26328  -6.750  -51.491  44.149 0.0000000000
26336  -7.285  -51.639  43.950 0.0000000000
45525  -35.905  -33.342  36.666 0.0000000000
47661  -36.235  -32.258  36.682 0.0000000000
49697  -35.726  -30.827  35.470 0.0000000000
49699  -37.401  -30.251  35.810 0.0000000000
49715  -37.909  -29.757  35.183 0.0000000000
50688  -34.648  -29.400  29.879 0.0000000000
50764  -35.279  -29.312  26.532 0.0000000000
32093  -20.292  -46.034  37.992 0.0000000000
33073  -20.823  -44.854  41.928 0.0000000000
42505  -21.712  -38.178  33.363 0.0000000000
41416  -21.516  -38.485  33.846 0.0000000000
41402  -21.495  -38.630  34.478 0.0000000000
40462  -21.205  -39.063  34.852 0.0000000000
41389  -21.612  -38.775  35.135 0.0000000000
41380  -22.071  -39.304  36.426 0.0000000000
40498  -24.063  -38.578  32.642 0.0000000000
41431  -24.229  -38.791  33.377 0.0000000000
40479  -24.070  -39.219  34.563 0.0000000000
40422  -23.336  -39.260  37.861 0.0000000000
39337  -24.622  -39.768  42.052 0.0000000000
33134  -14.369  -46.063  36.660 0.0000000000
33133  -13.607  -46.159  36.921 0.0000000000
32074  -13.752  -46.509  39.389 0.0000000000
28622  -18.289  -49.834  41.155 0.0000000000
29800  -17.863  -49.362  41.083 0.0000000000
51729  -40.333  -27.889  23.877 0.0000000000
51720  -40.831  -27.928  24.595 0.0000000000
51721  -41.492  -27.997  25.465 0.0000000000
52648  -42.865  -26.174  26.903 0.0000000000
52659  -43.025  -26.703  26.872 0.0000000000
52649  -43.314  -26.524  27.305 0.0000000000
51705  -43.564  -27.133  27.731 0.0000000000
55822  -45.671  -23.486  26.231 0.0000000000
56877  -45.979  -23.329  26.792 0.0000000000
59877  -49.065  -19.183  19.394 0.0000000000
61003  -49.452  -19.211  19.496 0.0000000000
61004  -49.949  -19.248  19.287 0.0000000000
59902  -51.950  -18.704  17.505 0.0000000000
61017  -52.849  -18.039  17.584 0.0000000000
59903  -52.695  -18.609  17.199 0.0000000000
61026  -53.066  -18.505  17.092 0.0000000000
61065  -52.660  -18.193  12.214 0.0000000000
61056  -52.355  -18.608  12.939 0.0000000000
61047  -56.195  -18.819  14.936 0.0000000000
59932  -56.885  -19.296  14.590 0.0000000000
43533  -33.694  -35.549  32.420 0.0000000000
43575  -33.551  -35.076  31.420 0.0000000000
35246  -18.643  -44.221  32.100 0.0000000000
37435  -19.285  -42.188  32.898 0.0000000000
37436  -19.539  -41.537  33.173 0.0000000000
41454  -27.627  -38.263  30.980 0.0000000000
40521  -29.307  -38.733  32.500 0.0000000000
40486  -31.337  -39.138  34.904 0.0000000000
40487  -32.683  -38.517  34.566 0.0000000000
40488  -33.353  -38.159  34.850 0.0000000000
50692  -38.150  -28.771  30.589 0.0000000000
50693  -38.836  -28.429  31.016 0.0000000000
50707  -38.818  -28.382  30.079 0.0000000000
51694  -39.509  -28.263  29.830 0.0000000000
50708  -40.781  -28.172  29.365 0.0000000000
50725  -41.357  -28.320  28.504 0.0000000000
56949  -47.906  -22.375  22.045 0.0000000000
56929  -48.183  -22.583  22.512 0.0000000000
58871  -49.711  -21.112  23.407 0.0000000000
58863  -49.544  -21.401  24.150 0.0000000000
57908  -50.021  -21.345  25.188 0.0000000000
57889  -50.831  -21.279  26.650 0.0000000000
60949  -53.775  -18.494  22.876 0.0000000000
32104  -8.556  -47.536  37.343 0.0000000000
30982  -7.730  -47.700  37.875 0.0000000000
30967  -8.134  -48.121  38.534 0.0000000000
30935  -8.675  -48.896  40.066 0.0000000000
46614  -34.513  -32.492  34.192 0.0000000000
47692  -34.703  -31.724  34.640 0.0000000000
47691  -34.516  -31.360  34.439 0.0000000000
48726  -34.814  -31.181  34.686 0.0000000000
48762  -34.398  -30.953  33.325 0.0000000000
48745  -34.627  -30.856  34.218 0.0000000000
49711  -34.955  -30.877  34.657 0.0000000000
49729  -34.961  -30.664  34.234 0.0000000000
49745  -35.780  -30.340  33.389 0.0000000000
36238  -20.143  -42.849  40.855 0.0000000000
35077  -20.448  -43.514  41.449 0.0000000000
34049  -21.041  -44.290  42.094 0.0000000000
43524  -21.794  -37.467  32.005 0.0000000000
43525  -21.934  -37.718  32.591 0.0000000000
43508  -21.996  -37.984  33.108 0.0000000000
42507  -22.326  -38.246  33.744 0.0000000000
32125  -16.203  -47.069  36.298 0.0000000000
32108  -15.452  -46.612  36.802 0.0000000000
32077  -16.193  -47.590  38.773 0.0000000000
29826  -17.653  -48.885  39.816 0.0000000000
29814  -18.016  -49.244  40.549 0.0000000000
53690  -40.845  -26.578  23.200 0.0000000000
53671  -41.589  -27.158  24.076 0.0000000000
53691  -41.343  -26.886  23.756 0.0000000000
53659  -42.836  -25.822  26.869 0.0000000000
53650  -43.796  -25.210  28.221 0.0000000000
61022  -47.409  -17.897  16.470 0.0000000000
59908  -48.913  -18.953  16.461 0.0000000000
59955  -55.227  -19.721  12.455 0.0000000000
59967  -55.466  -19.739  11.337 0.0000000000
58999  -56.120  -20.003  11.211 0.0000000000
32072  -11.944  -46.898  39.272 0.0000000000
32004  -12.835  -47.492  43.174 0.0000000000
43476  -35.609  -34.845  37.056 0.0000000000
44485  -35.615  -34.149  36.749 0.0000000000
42511  -34.929  -36.153  34.793 0.0000000000
45547  -34.983  -33.346  34.565 0.0000000000
46629  -34.422  -32.245  33.315 0.0000000000
47750  -34.020  -31.827  31.767 0.0000000000
29849  -19.932  -48.516  37.625 0.0000000000
30987  -20.144  -47.585  37.086 0.0000000000
32111  -20.565  -46.924  37.713 0.0000000000
34103  -19.528  -44.398  38.058 0.0000000000
35199  -19.515  -42.895  35.460 0.0000000000
35198  -19.426  -43.364  35.869 0.0000000000
34114  -19.375  -44.166  36.979 0.0000000000
34102  -19.303  -44.051  37.540 0.0000000000
35149  -19.330  -43.689  37.860 0.0000000000
35150  -19.693  -43.722  38.552 0.0000000000
36264  -19.988  -43.084  38.915 0.0000000000
39417  -21.078  -40.385  38.880 0.0000000000
40532  -24.632  -38.313  31.388 0.0000000000
40516  -24.469  -38.551  31.940 0.0000000000
40535  -26.974  -38.616  31.693 0.0000000000
40502  -27.790  -39.101  33.422 0.0000000000
40466  -26.611  -39.562  35.006 0.0000000000
38411  -30.558  -40.307  40.100 0.0000000000
40453  -32.420  -39.283  36.281 0.0000000000
39471  -32.837  -39.401  37.212 0.0000000000
40436  -33.299  -39.179  37.749 0.0000000000
42410  -34.718  -37.555  39.610 0.0000000000
33179  -15.351  -45.797  33.874 0.0000000000
33180  -16.397  -46.216  34.056 0.0000000000
32132  -16.641  -46.793  35.100 0.0000000000
33181  -17.379  -46.171  33.877 0.0000000000
32140  -17.525  -46.620  34.467 0.0000000000
30996  -18.800  -47.662  36.192 0.0000000000
52557  -41.055  -27.228  35.769 0.0000000000
53560  -41.990  -26.245  35.799 0.0000000000
51644  -40.709  -27.512  32.755 0.0000000000
51658  -40.811  -27.539  31.938 0.0000000000
52590  -41.415  -27.121  32.689 0.0000000000
52577  -41.730  -26.471  33.905 0.0000000000
54659  -42.488  -26.191  34.021 0.0000000000
52592  -42.766  -26.824  32.664 0.0000000000
54806  -44.401  -24.743  24.645 0.0000000000
54823  -44.547  -24.743  23.716 0.0000000000
54807  -45.049  -24.487  24.257 0.0000000000
55853  -45.319  -24.240  24.729 0.0000000000
54809  -46.420  -24.322  24.213 0.0000000000
55854  -46.120  -24.219  24.814 0.0000000000
55823  -46.344  -23.613  25.975 0.0000000000
56860  -48.086  -23.619  26.473 0.0000000000
56913  -48.350  -22.830  23.449 0.0000000000
56905  -48.240  -23.095  24.653 0.0000000000
56896  -48.244  -23.058  25.750 0.0000000000
27443  -4.054  -51.157  43.208 0.0000000000
50825  -37.592  -28.648  23.367 0.0000000000
51741  -38.099  -27.732  22.749 0.0000000000
51742  -39.173  -27.604  22.868 0.0000000000
52703  -39.726  -27.094  22.536 0.0000000000
52685  -39.628  -26.518  22.483 0.0000000000
53740  -38.818  -25.794  22.556 0.0000000000
53706  -39.573  -26.173  22.552 0.0000000000
53707  -40.237  -26.327  22.730 0.0000000000
53725  -40.983  -25.810  22.820 0.0000000000
53742  -41.794  -25.666  22.820 0.0000000000
54841  -42.781  -25.299  22.953 0.0000000000
54859  -44.289  -24.439  22.458 0.0000000000
55879  -44.966  -23.884  22.527 0.0000000000
56944  -43.836  -22.904  21.283 0.0000000000
55880  -45.561  -23.747  22.599 0.0000000000
56926  -46.130  -22.940  22.091 0.0000000000
56927  -46.960  -22.821  22.196 0.0000000000
57939  -45.214  -21.587  21.222 0.0000000000
56947  -46.589  -22.199  21.748 0.0000000000
56948  -47.441  -22.261  21.839 0.0000000000
58896  -47.307  -20.570  21.040 0.0000000000
57959  -49.374  -20.418  20.759 0.0000000000
58915  -49.894  -19.792  20.471 0.0000000000
58916  -50.606  -19.219  20.499 0.0000000000
59858  -49.263  -19.322  20.249 0.0000000000
60970  -48.980  -19.121  20.137 0.0000000000
60988  -48.689  -19.010  20.097 0.0000000000
61013  -46.605  -18.295  16.941 0.0000000000
61014  -47.515  -18.571  16.967 0.0000000000
29812  -8.702  -48.915  40.715 0.0000000000
29770  -11.269  -48.619  44.518 0.0000000000
30884  -10.400  -48.329  44.175 0.0000000000
30874  -9.841  -48.846  44.476 0.0000000000
30883  -9.690  -48.912  44.187 0.0000000000
30896  -9.775  -48.754  43.567 0.0000000000
29789  -9.262  -48.768  42.435 0.0000000000
29788  -8.479  -48.962  42.100 0.0000000000
29797  -8.226  -49.077  41.185 0.0000000000
28602  -7.256  -49.705  41.929 0.0000000000
27437  -4.738  -51.485  43.770 0.0000000000
26325  -4.723  -51.839  44.085 0.0000000000
25191  -5.282  -52.019  44.030 0.0000000000
25187  -6.441  -51.868  44.178 0.0000000000
25192  -5.991  -52.106  44.085 0.0000000000
50578  -39.977  -28.719  39.625 0.0000000000
45490  -37.149  -33.923  39.413 0.0000000000
47677  -36.388  -31.555  36.602 0.0000000000
47663  -37.304  -31.492  37.655 0.0000000000
48682  -39.089  -30.193  38.260 0.0000000000
49675  -38.748  -30.129  37.529 0.0000000000
50601  -39.763  -28.949  37.519 0.0000000000
50638  -39.091  -28.589  34.304 0.0000000000
50624  -38.319  -29.357  34.795 0.0000000000
50637  -38.467  -29.031  34.344 0.0000000000
50648  -38.607  -28.718  33.489 0.0000000000
50659  -38.357  -28.872  32.449 0.0000000000
49760  -36.870  -29.663  32.586 0.0000000000
49781  -37.159  -29.371  31.805 0.0000000000
50676  -37.561  -29.035  31.172 0.0000000000
49818  -32.364  -30.292  28.502 0.0000000000
50787  -34.990  -29.374  25.685 0.0000000000
49855  -34.448  -29.565  24.035 0.0000000000
49850  -35.602  -29.548  24.936 0.0000000000
49857  -36.229  -29.543  24.186 0.0000000000
50804  -36.540  -29.386  23.810 0.0000000000
29841  -20.544  -48.629  38.489 0.0000000000
29828  -20.888  -48.813  39.189 0.0000000000
30956  -21.126  -47.912  39.362 0.0000000000
32047  -20.434  -45.629  40.732 0.0000000000
39521  -20.186  -40.097  32.527 0.0000000000
38457  -20.726  -40.316  34.527 0.0000000000
39462  -21.050  -40.007  36.335 0.0000000000
42541  -23.048  -38.017  32.718 0.0000000000
42484  -22.346  -38.631  34.802 0.0000000000
41404  -23.034  -39.124  35.169 0.0000000000
42485  -22.645  -38.884  34.913 0.0000000000
41391  -22.324  -39.020  35.563 0.0000000000
41381  -22.280  -39.250  36.171 0.0000000000
39418  -21.725  -39.728  38.537 0.0000000000
39374  -22.119  -40.253  40.715 0.0000000000
39355  -22.576  -40.185  41.584 0.0000000000
39335  -22.906  -40.194  42.456 0.0000000000
40381  -24.712  -39.656  42.404 0.0000000000
33129  -10.128  -46.717  37.036 0.0000000000
32088  -11.698  -46.947  38.277 0.0000000000
33169  -13.914  -45.891  35.201 0.0000000000
33166  -11.056  -45.464  35.644 0.0000000000
32059  -13.172  -46.543  40.100 0.0000000000
29799  -17.425  -49.050  40.975 0.0000000000
50808  -39.836  -28.564  25.032 0.0000000000
52655  -41.488  -27.266  24.285 0.0000000000
52672  -41.671  -27.460  25.220 0.0000000000
51711  -41.819  -27.741  26.045 0.0000000000
50726  -42.385  -28.074  28.645 0.0000000000
50710  -42.157  -27.807  29.317 0.0000000000
51687  -42.997  -27.661  30.011 0.0000000000
51675  -43.646  -27.534  30.748 0.0000000000
54791  -44.047  -24.469  25.405 0.0000000000
55820  -43.794  -24.230  26.294 0.0000000000
55799  -43.903  -24.125  26.791 0.0000000000
55781  -43.877  -23.963  27.635 0.0000000000
54720  -44.092  -24.547  28.611 0.0000000000
53651  -44.449  -25.117  28.730 0.0000000000
53652  -45.550  -25.392  28.753 0.0000000000
52642  -45.281  -25.936  28.845 0.0000000000
52634  -45.634  -26.096  29.132 0.0000000000
59860  -50.762  -18.573  20.558 0.0000000000
60973  -51.206  -17.847  20.837 0.0000000000
62024  -51.645  -17.373  20.357 0.0000000000
63003  -51.820  -17.274  20.066 0.0000000000
62025  -52.579  -17.295  20.202 0.0000000000
59888  -50.304  -19.317  18.606 0.0000000000
59889  -51.176  -18.692  18.603 0.0000000000
61005  -51.109  -18.028  19.168 0.0000000000
62053  -51.514  -17.739  19.084 0.0000000000
62038  -52.141  -17.440  19.461 0.0000000000
62040  -53.460  -17.313  19.580 0.0000000000
62057  -53.893  -17.278  19.174 0.0000000000
63026  -54.225  -17.173  18.801 0.0000000000
63027  -54.799  -17.050  18.567 0.0000000000
62065  -53.695  -17.353  17.911 0.0000000000
63033  -54.428  -16.987  18.195 0.0000000000
62058  -55.506  -17.339  18.262 0.0000000000
59919  -51.350  -19.420  15.344 0.0000000000
59913  -54.308  -18.916  16.171 0.0000000000
59914  -54.782  -18.600  15.714 0.0000000000
58963  -58.201  -20.743  13.037 0.0000000000
24014  -3.910  -52.444  44.134 0.0000000000
25184  -4.961  -51.948  44.096 0.0000000000
25186  -6.045  -51.892  44.234 0.0000000000
25188  -3.545  -52.020  43.346 0.0000000000
25189  -3.797  -52.231  43.694 0.0000000000
26326  -5.216  -51.820  44.107 0.0000000000
27428  -4.944  -51.700  43.963 0.0000000000
27439  -6.223  -50.551  43.966 0.0000000000
28578  -6.474  -50.470  43.974 0.0000000000
28590  -5.623  -50.514  43.264 0.0000000000
28616  -7.297  -49.604  41.379 0.0000000000
29774  -9.435  -49.253  44.110 0.0000000000
29781  -9.495  -48.846  43.013 0.0000000000
30877  -11.521  -47.849  44.552 0.0000000000
30885  -10.947  -47.802  44.286 0.0000000000
32002  -11.355  -47.341  43.951 0.0000000000
32133  -17.647  -47.013  35.007 0.0000000000
33092  -13.509  -46.465  39.511 0.0000000000
35218  -19.612  -42.706  34.974 0.0000000000
36294  -19.572  -42.715  37.655 0.0000000000
36326  -19.542  -42.370  35.613 0.0000000000
37394  -19.441  -42.392  36.534 0.0000000000
38398  -30.793  -40.314  40.286 0.0000000000
38437  -20.118  -41.570  36.506 0.0000000000
39338  -25.169  -39.756  42.251 0.0000000000
39490  -32.113  -39.351  36.127 0.0000000000
40367  -24.793  -39.585  42.752 0.0000000000
40395  -23.873  -39.829  42.147 0.0000000000
41403  -22.596  -38.973  35.251 0.0000000000
43509  -22.089  -38.075  33.328 0.0000000000
47705  -34.293  -31.936  34.257 0.0000000000
48725  -34.455  -31.256  34.353 0.0000000000
49742  -34.325  -30.743  32.418 0.0000000000
49817  -31.976  -29.946  28.108 0.0000000000
49848  -33.960  -29.679  24.885 0.0000000000
49858  -36.651  -29.518  24.610 0.0000000000
49868  -35.343  -29.501  23.549 0.0000000000
50746  -43.187  -27.655  27.662 0.0000000000
51633  -39.883  -28.083  33.626 0.0000000000
51642  -39.532  -28.180  32.591 0.0000000000
52622  -42.030  -27.172  31.766 0.0000000000
52656  -41.776  -27.218  24.920 0.0000000000
52686  -40.258  -26.819  22.708 0.0000000000
52704  -40.189  -27.162  22.774 0.0000000000
53607  -41.807  -26.734  33.024 0.0000000000
53608  -42.079  -26.547  33.110 0.0000000000
53639  -43.778  -24.991  28.409 0.0000000000
53640  -43.909  -24.944  28.611 0.0000000000
53694  -42.743  -25.535  25.517 0.0000000000
53695  -43.215  -25.253  25.458 0.0000000000
53743  -42.248  -25.714  23.267 0.0000000000
54719  -43.798  -24.748  28.366 0.0000000000
54722  -45.850  -24.055  28.536 0.0000000000
54735  -45.303  -24.220  28.684 0.0000000000
54767  -43.729  -24.346  25.945 0.0000000000
54818  -39.202  -25.592  22.432 0.0000000000
54844  -45.411  -24.202  23.016 0.0000000000
55770  -43.933  -24.206  28.291 0.0000000000
55772  -45.673  -23.690  28.520 0.0000000000
55783  -45.242  -23.601  28.529 0.0000000000
55801  -45.500  -23.238  26.887 0.0000000000
56836  -45.674  -23.388  28.459 0.0000000000
56837  -45.964  -23.420  28.389 0.0000000000
56842  -45.461  -23.177  28.258 0.0000000000
56856  -45.025  -23.113  27.832 0.0000000000
56858  -46.428  -23.546  27.066 0.0000000000
56894  -46.676  -23.648  25.849 0.0000000000
57887  -49.661  -21.951  26.943 0.0000000000
58855  -50.453  -21.190  25.254 0.0000000000
59861  -51.134  -18.385  20.970 0.0000000000
59923  -55.596  -18.868  15.029 0.0000000000
59953  -53.339  -19.154  12.611 0.0000000000
59968  -56.006  -19.856  10.819 0.0000000000
61007  -52.326  -17.752  18.337 0.0000000000
62063  -46.623  -17.172  16.539 0.0000000000
62074  -53.780  -17.630  17.250 0.0000000000
63001  -51.142  -17.386  20.055 0.0000000000
63011  -51.227  -17.422  19.880 0.0000000000
63013  -52.135  -17.296  19.859 0.0000000000
63014  -54.253  -17.210  19.039 0.0000000000
63015  -54.497  -17.172  19.001 0.0000000000
63023  -51.363  -17.511  19.689 0.0000000000
63024  -51.802  -17.520  19.320 0.0000000000
63025  -54.005  -17.226  18.700 0.0000000000
63034  -55.034  -16.856  17.970 0.0000000000
