#!ascii label  , from subject demencia vox2ras=TkReg
1199
77658  -43.484  -0.517  17.677 0.0000000000
77776  -52.210  0.123  5.749 0.0000000000
81650  -51.012  4.866  20.270 0.0000000000
74927  -50.818  -3.707  12.410 0.0000000000
72075  -49.670  -5.927  20.077 0.0000000000
81711  -48.325  5.094  11.328 0.0000000000
86198  -48.160  9.340  10.258 0.0000000000
91587  -46.443  16.794  7.291 0.0000000000
74793  -41.753  -3.044  24.972 0.0000000000
74893  -46.115  -3.113  14.773 0.0000000000
77702  -47.752  -0.358  11.332 0.0000000000
79259  -45.800  1.998  14.205 0.0000000000
84381  -49.458  8.011  21.278 0.0000000000
83541  -49.256  6.258  15.736 0.0000000000
85293  -45.111  8.799  15.255 0.0000000000
88680  -45.174  12.489  9.697 0.0000000000
90118  -47.060  14.848  13.840 0.0000000000
79341  -48.690  1.861  4.438 0.0000000000
79993  -42.027  2.192  19.713 0.0000000000
80007  -47.704  1.853  19.261 0.0000000000
75819  -55.535  -1.967  15.184 0.0000000000
73056  -50.994  -5.722  16.043 0.0000000000
73022  -44.441  -5.204  17.216 0.0000000000
72041  -42.689  -6.574  21.060 0.0000000000
80089  -49.297  2.598  7.368 0.0000000000
83623  -50.003  6.077  5.912 0.0000000000
80843  -50.592  4.057  15.623 0.0000000000
84466  -52.782  7.285  11.058 0.0000000000
86242  -51.612  9.724  5.588 0.0000000000
87899  -47.144  11.825  5.658 0.0000000000
88693  -44.300  12.615  7.252 0.0000000000
76737  -43.729  -1.403  15.607 0.0000000000
77674  -45.228  -0.392  14.423 0.0000000000
79247  -44.674  0.946  16.155 0.0000000000
86130  -47.694  9.810  20.715 0.0000000000
84404  -46.096  7.921  18.407 0.0000000000
86993  -45.583  10.774  17.622 0.0000000000
88646  -45.099  12.470  14.953 0.0000000000
78558  -50.272  0.496  5.654 0.0000000000
82534  -40.541  5.914  20.603 0.0000000000
81643  -44.175  4.286  19.948 0.0000000000
72093  -49.889  -6.250  18.104 0.0000000000
72099  -47.631  -6.125  16.910 0.0000000000
72083  -47.088  -6.440  18.593 0.0000000000
72956  -41.266  -5.574  23.541 0.0000000000
74831  -38.185  -3.487  20.675 0.0000000000
77643  -38.631  -0.625  20.116 0.0000000000
76701  -35.952  -1.260  20.807 0.0000000000
75885  -52.275  -1.811  10.630 0.0000000000
80061  -47.022  2.457  11.078 0.0000000000
79293  -48.605  1.692  9.023 0.0000000000
80883  -47.732  3.400  9.077 0.0000000000
81747  -49.075  4.357  6.738 0.0000000000
82625  -49.136  5.902  8.802 0.0000000000
80810  -48.992  3.561  19.517 0.0000000000
80011  -49.150  2.958  17.687 0.0000000000
81661  -50.937  4.757  17.340 0.0000000000
84455  -49.287  7.561  13.129 0.0000000000
84448  -52.120  7.443  13.441 0.0000000000
85332  -51.258  8.465  11.393 0.0000000000
85360  -53.309  9.225  8.392 0.0000000000
86221  -50.839  10.069  8.705 0.0000000000
87085  -48.915  10.173  6.894 0.0000000000
87894  -48.264  10.786  7.867 0.0000000000
90848  -45.745  15.472  8.685 0.0000000000
90157  -45.574  14.890  6.180 0.0000000000
90854  -44.515  15.610  7.588 0.0000000000
89441  -43.441  13.636  8.506 0.0000000000
91578  -44.239  16.889  8.643 0.0000000000
74910  -48.484  -3.515  13.388 0.0000000000
76786  -49.001  -2.012  11.415 0.0000000000
76772  -47.275  -1.345  12.799 0.0000000000
78487  -46.266  0.529  12.639 0.0000000000
80048  -46.997  2.917  12.841 0.0000000000
84394  -52.006  7.302  20.168 0.0000000000
83527  -50.562  5.473  17.656 0.0000000000
83518  -48.565  6.750  18.473 0.0000000000
84423  -46.655  7.095  15.882 0.0000000000
85315  -46.062  8.692  12.585 0.0000000000
87052  -46.315  10.676  9.799 0.0000000000
87853  -44.806  11.178  12.550 0.0000000000
89422  -45.047  13.789  11.818 0.0000000000
91561  -47.035  16.096  10.855 0.0000000000
80907  -48.107  3.437  4.055 0.0000000000
78447  -43.086  0.116  19.634 0.0000000000
78459  -45.184  0.624  18.413 0.0000000000
79220  -45.334  1.624  20.200 0.0000000000
81646  -47.020  3.895  20.722 0.0000000000
81630  -48.422  4.630  21.344 0.0000000000
83476  -48.009  6.921  22.612 0.0000000000
82517  -51.647  5.647  22.430 0.0000000000
73983  -53.575  -4.120  13.978 0.0000000000
73950  -53.741  -4.409  15.618 0.0000000000
73967  -51.283  -5.242  14.326 0.0000000000
73066  -48.361  -4.692  14.873 0.0000000000
73932  -45.644  -4.335  15.900 0.0000000000
72034  -49.160  -6.422  22.758 0.0000000000
72943  -44.086  -5.223  24.580 0.0000000000
72030  -45.123  -6.687  22.586 0.0000000000
72059  -46.611  -6.592  20.567 0.0000000000
72070  -43.957  -6.064  19.280 0.0000000000
76711  -42.273  -1.371  18.934 0.0000000000
79315  -53.293  1.651  6.374 0.0000000000
77715  -49.882  -0.725  10.025 0.0000000000
78524  -51.012  1.060  8.230 0.0000000000
79324  -51.819  1.472  6.213 0.0000000000
80111  -50.147  2.363  5.151 0.0000000000
80909  -49.654  3.679  4.556 0.0000000000
82650  -49.047  5.397  4.248 0.0000000000
79243  -47.269  1.839  17.062 0.0000000000
80829  -48.393  3.054  15.206 0.0000000000
81692  -49.869  4.594  13.547 0.0000000000
82565  -51.761  5.365  15.945 0.0000000000
82584  -52.473  5.601  13.536 0.0000000000
83586  -51.069  6.396  11.315 0.0000000000
84489  -51.220  7.577  8.267 0.0000000000
84503  -51.851  7.953  5.289 0.0000000000
84514  -49.089  7.059  4.727 0.0000000000
88695  -46.677  13.057  6.785 0.0000000000
87904  -45.374  12.294  5.223 0.0000000000
87060  -44.035  10.556  7.576 0.0000000000
87873  -43.603  11.493  9.108 0.0000000000
88669  -42.259  12.648  10.292 0.0000000000
76736  -43.152  -1.408  16.374 0.0000000000
77664  -44.136  -0.436  15.694 0.0000000000
78463  -44.180  0.379  17.167 0.0000000000
86981  -46.275  10.236  19.120 0.0000000000
87823  -46.270  11.913  17.234 0.0000000000
78559  -51.493  0.580  5.894 0.0000000000
72076  -50.339  -5.628  19.663 0.0000000000
72084  -48.199  -6.527  18.824 0.0000000000
72074  -48.524  -6.425  19.850 0.0000000000
74830  -37.474  -3.479  21.164 0.0000000000
75779  -37.710  -2.614  20.746 0.0000000000
74940  -52.466  -3.276  11.665 0.0000000000
75874  -51.834  -2.591  11.137 0.0000000000
80870  -47.354  3.357  10.773 0.0000000000
80067  -47.340  2.566  10.115 0.0000000000
81726  -47.767  4.111  9.547 0.0000000000
81727  -48.116  4.691  9.039 0.0000000000
81720  -47.956  5.003  10.045 0.0000000000
81653  -49.586  4.091  19.690 0.0000000000
80815  -50.167  4.137  18.508 0.0000000000
81658  -50.760  4.847  18.540 0.0000000000
85330  -48.893  8.602  11.467 0.0000000000
85319  -50.777  8.162  12.210 0.0000000000
85342  -49.519  8.829  10.759 0.0000000000
86201  -51.072  9.296  10.073 0.0000000000
86209  -49.460  9.488  9.455 0.0000000000
87062  -48.855  10.211  8.256 0.0000000000
87055  -48.421  9.999  8.832 0.0000000000
90849  -46.208  15.774  8.092 0.0000000000
90855  -45.474  15.322  7.224 0.0000000000
90861  -45.488  15.607  6.023 0.0000000000
91585  -44.163  16.252  8.297 0.0000000000
92336  -45.125  17.855  6.178 0.0000000000
75831  -46.934  -3.061  14.158 0.0000000000
75857  -47.767  -2.221  12.974 0.0000000000
75843  -46.342  -2.082  13.844 0.0000000000
78481  -45.392  0.508  14.197 0.0000000000
78482  -45.775  0.530  13.444 0.0000000000
79267  -46.019  1.596  13.395 0.0000000000
80054  -46.563  2.207  12.349 0.0000000000
80040  -46.598  2.681  14.206 0.0000000000
84393  -50.887  7.313  20.457 0.0000000000
83512  -50.515  6.646  19.128 0.0000000000
84400  -49.179  7.291  20.175 0.0000000000
85279  -45.270  8.688  17.410 0.0000000000
84412  -46.325  7.137  17.190 0.0000000000
84422  -45.624  8.039  15.588 0.0000000000
84443  -46.421  8.021  13.844 0.0000000000
85299  -45.388  8.670  14.284 0.0000000000
86183  -45.645  9.454  12.510 0.0000000000
86176  -44.704  10.264  13.756 0.0000000000
89395  -45.708  13.456  14.547 0.0000000000
89404  -45.086  13.353  13.627 0.0000000000
90117  -46.252  14.397  13.560 0.0000000000
90133  -46.173  15.090  11.891 0.0000000000
90829  -46.766  15.380  12.546 0.0000000000
80108  -48.259  2.564  4.155 0.0000000000
79217  -42.916  1.359  19.960 0.0000000000
78441  -44.371  0.962  20.173 0.0000000000
80003  -43.590  2.036  19.612 0.0000000000
82539  -45.517  5.281  20.491 0.0000000000
81644  -45.129  4.265  20.107 0.0000000000
81628  -46.745  4.608  21.086 0.0000000000
81629  -47.464  4.583  21.254 0.0000000000
82525  -47.836  5.343  21.771 0.0000000000
84370  -47.661  7.742  23.147 0.0000000000
83478  -50.379  6.518  23.018 0.0000000000
83464  -52.020  6.542  23.621 0.0000000000
83466  -53.298  6.896  23.207 0.0000000000
84349  -53.244  7.830  24.779 0.0000000000
75832  -54.980  -2.508  13.734 0.0000000000
75818  -55.029  -2.638  14.694 0.0000000000
73934  -53.064  -4.888  17.369 0.0000000000
73057  -52.016  -5.500  16.122 0.0000000000
73968  -52.553  -5.040  14.882 0.0000000000
73069  -50.625  -5.531  15.068 0.0000000000
73067  -48.822  -4.969  14.888 0.0000000000
73054  -49.025  -5.587  15.593 0.0000000000
72089  -46.238  -5.852  17.290 0.0000000000
73035  -46.274  -5.101  16.259 0.0000000000
73920  -44.684  -4.712  16.578 0.0000000000
73851  -43.082  -4.313  24.842 0.0000000000
72970  -43.183  -6.100  22.986 0.0000000000
72028  -42.895  -6.379  22.066 0.0000000000
72044  -45.852  -6.591  21.549 0.0000000000
72042  -43.642  -6.602  21.336 0.0000000000
72057  -44.366  -6.508  20.367 0.0000000000
72056  -43.340  -6.384  20.291 0.0000000000
77650  -41.914  -0.777  19.120 0.0000000000
77645  -40.743  -0.727  19.662 0.0000000000
78538  -54.322  0.942  7.152 0.0000000000
76797  -48.677  -1.011  11.023 0.0000000000
76798  -49.363  -1.454  10.852 0.0000000000
77714  -48.678  -0.308  10.348 0.0000000000
79300  -49.028  1.986  8.389 0.0000000000
78523  -50.089  1.183  8.352 0.0000000000
79302  -50.572  1.558  7.730 0.0000000000
79313  -51.734  1.774  6.819 0.0000000000
79322  -50.456  1.943  6.510 0.0000000000
80102  -50.340  2.149  5.710 0.0000000000
80094  -49.935  2.574  6.194 0.0000000000
82639  -49.293  5.272  6.594 0.0000000000
81748  -49.409  4.477  5.859 0.0000000000
82644  -49.825  5.511  5.221 0.0000000000
81760  -49.183  4.382  4.186 0.0000000000
82652  -50.312  5.943  4.649 0.0000000000
79233  -46.426  1.137  19.089 0.0000000000
79237  -46.146  1.059  18.116 0.0000000000
79238  -47.226  1.546  17.816 0.0000000000
80821  -49.840  3.502  16.674 0.0000000000
80020  -48.847  2.766  16.294 0.0000000000
80830  -49.178  3.210  15.584 0.0000000000
80841  -48.931  3.460  14.726 0.0000000000
81682  -50.094  4.180  14.456 0.0000000000
83532  -49.941  5.833  16.365 0.0000000000
82556  -51.172  5.335  16.759 0.0000000000
83543  -51.229  6.056  15.464 0.0000000000
84459  -53.308  7.705  12.576 0.0000000000
83557  -52.644  6.189  14.108 0.0000000000
83577  -53.124  6.588  12.567 0.0000000000
82595  -51.603  5.732  12.594 0.0000000000
83587  -52.144  6.814  11.314 0.0000000000
84473  -51.145  7.133  10.015 0.0000000000
84474  -51.920  7.253  10.347 0.0000000000
87089  -52.917  10.111  6.503 0.0000000000
85367  -52.752  8.467  6.788 0.0000000000
86250  -51.956  9.145  4.916 0.0000000000
85392  -50.620  7.796  4.312 0.0000000000
85384  -50.025  8.282  4.727 0.0000000000
84507  -48.922  7.479  5.296 0.0000000000
85376  -49.754  8.807  5.465 0.0000000000
87084  -47.879  10.724  6.829 0.0000000000
86238  -47.330  10.000  7.030 0.0000000000
87874  -45.724  11.418  9.638 0.0000000000
87884  -46.543  11.892  8.372 0.0000000000
88687  -45.673  12.766  8.409 0.0000000000
90156  -44.812  14.783  6.603 0.0000000000
90168  -45.661  14.940  4.697 0.0000000000
88701  -44.672  12.936  6.225 0.0000000000
87071  -44.305  10.740  6.563 0.0000000000
87882  -44.248  11.493  7.295 0.0000000000
87059  -43.750  10.508  8.488 0.0000000000
88686  -44.065  12.172  7.943 0.0000000000
90146  -43.198  14.468  9.518 0.0000000000
89435  -42.709  13.404  9.293 0.0000000000
89434  -42.246  13.497  10.013 0.0000000000
89427  -41.918  13.489  10.725 0.0000000000
75828  -44.879  -1.765  14.907 0.0000000000
75842  -45.871  -1.753  13.910 0.0000000000
76749  -45.034  -1.236  14.654 0.0000000000
78475  -44.976  0.450  14.903 0.0000000000
79257  -44.837  1.027  15.454 0.0000000000
84398  -47.550  7.674  19.801 0.0000000000
85268  -46.815  9.099  20.118 0.0000000000
86136  -45.669  9.470  18.770 0.0000000000
86149  -45.000  9.715  16.976 0.0000000000
87010  -44.743  10.752  15.516 0.0000000000
87822  -45.672  11.738  16.757 0.0000000000
88639  -46.122  12.730  16.153 0.0000000000
79332  -49.752  1.166  5.155 0.0000000000
80794  -41.648  3.376  19.993 0.0000000000
80795  -42.823  3.100  19.700 0.0000000000
82536  -42.701  5.304  20.269 0.0000000000
73039  -50.320  -6.060  16.987 0.0000000000
73038  -49.292  -6.154  16.450 0.0000000000
72101  -49.426  -6.337  17.316 0.0000000000
72090  -46.878  -6.317  17.560 0.0000000000
72082  -45.860  -6.192  18.225 0.0000000000
73862  -41.899  -4.624  24.374 0.0000000000
72955  -39.930  -5.509  23.165 0.0000000000
75781  -39.481  -2.646  19.986 0.0000000000
76705  -40.075  -1.688  19.889 0.0000000000
76703  -38.084  -1.636  20.358 0.0000000000
77642  -37.550  -0.610  20.318 0.0000000000
78501  -47.349  0.580  10.865 0.0000000000
78502  -47.924  0.605  10.199 0.0000000000
79285  -48.007  1.283  9.702 0.0000000000
80074  -48.109  2.378  8.981 0.0000000000
80081  -48.536  2.552  8.153 0.0000000000
80890  -49.010  3.135  7.283 0.0000000000
81735  -48.316  4.282  8.096 0.0000000000
82631  -48.747  4.922  7.502 0.0000000000
83615  -49.797  6.234  7.057 0.0000000000
80808  -47.959  2.582  19.341 0.0000000000
80009  -48.041  1.913  18.437 0.0000000000
80814  -49.404  3.400  18.615 0.0000000000
80817  -49.790  3.450  17.515 0.0000000000
80832  -50.609  4.034  16.329 0.0000000000
84446  -49.855  7.003  13.944 0.0000000000
83564  -50.918  6.764  14.169 0.0000000000
84456  -50.335  7.564  12.940 0.0000000000
85320  -51.958  8.356  12.156 0.0000000000
85333  -52.273  8.329  11.251 0.0000000000
84475  -52.723  7.970  9.926 0.0000000000
86202  -51.947  9.249  9.916 0.0000000000
86222  -51.886  10.036  8.552 0.0000000000
87075  -51.658  10.522  7.062 0.0000000000
86240  -49.639  9.383  6.117 0.0000000000
87074  -50.547  10.421  7.183 0.0000000000
87073  -49.019  10.431  7.351 0.0000000000
87072  -48.246  11.056  6.882 0.0000000000
90147  -44.944  14.010  9.853 0.0000000000
89443  -45.456  13.835  8.024 0.0000000000
90153  -45.236  14.849  7.559 0.0000000000
90152  -44.490  14.725  7.837 0.0000000000
89446  -43.981  13.397  7.782 0.0000000000
90151  -43.746  14.652  8.634 0.0000000000
90847  -43.610  15.464  9.436 0.0000000000
74911  -49.430  -3.754  13.179 0.0000000000
74938  -50.468  -3.145  11.826 0.0000000000
75858  -48.386  -2.593  12.535 0.0000000000
76773  -47.953  -1.898  12.536 0.0000000000
76784  -47.630  -0.896  12.022 0.0000000000
76760  -46.248  -1.252  13.416 0.0000000000
77691  -46.685  -0.408  12.647 0.0000000000
78495  -46.757  0.475  11.770 0.0000000000
79279  -46.448  1.443  11.914 0.0000000000
80055  -46.921  2.806  12.014 0.0000000000
81702  -47.648  3.898  12.061 0.0000000000
82546  -52.428  6.006  20.230 0.0000000000
81659  -51.384  5.515  18.982 0.0000000000
83513  -51.639  6.471  19.272 0.0000000000
83519  -49.729  6.485  18.327 0.0000000000
83531  -49.111  6.133  16.644 0.0000000000
83517  -47.410  6.991  18.659 0.0000000000
83529  -47.143  6.473  16.927 0.0000000000
84424  -47.923  6.762  15.532 0.0000000000
84445  -48.367  7.504  13.767 0.0000000000
85308  -47.561  8.037  12.970 0.0000000000
85329  -47.685  8.821  11.258 0.0000000000
86206  -47.012  9.817  10.189 0.0000000000
86190  -46.241  9.393  11.549 0.0000000000
87039  -45.572  10.283  11.373 0.0000000000
88671  -44.652  12.279  10.873 0.0000000000
88652  -44.577  11.978  13.861 0.0000000000
89413  -44.612  12.792  12.824 0.0000000000
89428  -44.787  13.318  10.938 0.0000000000
90141  -45.264  14.551  10.527 0.0000000000
90844  -46.411  15.984  10.454 0.0000000000
91580  -46.635  16.717  8.571 0.0000000000
77652  -43.243  -0.222  19.127 0.0000000000
78452  -43.984  0.163  18.440 0.0000000000
78448  -44.098  0.459  19.582 0.0000000000
78449  -45.200  0.926  20.071 0.0000000000
79221  -46.025  1.812  20.190 0.0000000000
80797  -44.659  3.246  19.814 0.0000000000
79996  -45.854  2.399  20.226 0.0000000000
79997  -46.727  2.282  20.115 0.0000000000
80800  -47.520  3.161  19.972 0.0000000000
81648  -48.999  4.230  20.531 0.0000000000
81649  -50.223  4.566  20.734 0.0000000000
83491  -47.052  6.569  21.846 0.0000000000
83493  -48.822  5.728  22.459 0.0000000000
82527  -49.987  4.872  22.141 0.0000000000
82529  -52.069  5.556  21.697 0.0000000000
83494  -53.239  6.661  21.582 0.0000000000
84384  -52.408  7.665  21.245 0.0000000000
85264  -51.025  8.420  21.804 0.0000000000
74930  -54.123  -2.906  12.420 0.0000000000
73990  -52.760  -4.180  12.939 0.0000000000
74860  -54.449  -3.430  17.314 0.0000000000
74869  -54.537  -3.510  16.326 0.0000000000
74881  -53.996  -4.167  14.911 0.0000000000
73982  -52.983  -4.383  13.663 0.0000000000
74913  -51.127  -4.194  13.039 0.0000000000
73979  -49.873  -4.349  13.706 0.0000000000
73964  -48.462  -4.336  14.276 0.0000000000
73962  -47.126  -4.024  14.609 0.0000000000
73036  -47.351  -5.497  16.182 0.0000000000
73051  -46.553  -4.673  15.692 0.0000000000
74879  -45.599  -3.388  15.305 0.0000000000
74878  -44.828  -3.178  15.526 0.0000000000
72009  -45.987  -5.985  24.571 0.0000000000
73863  -42.666  -4.927  24.503 0.0000000000
72007  -44.685  -6.250  23.962 0.0000000000
72019  -46.626  -6.631  23.551 0.0000000000
72032  -47.286  -6.694  22.575 0.0000000000
72045  -46.946  -6.607  21.600 0.0000000000
72060  -47.709  -6.504  20.698 0.0000000000
72072  -46.254  -6.538  19.470 0.0000000000
72071  -45.080  -6.463  19.355 0.0000000000
73001  -43.788  -5.763  18.595 0.0000000000
76718  -42.941  -0.934  18.709 0.0000000000
77651  -42.618  -0.482  19.149 0.0000000000
78439  -42.578  0.622  19.731 0.0000000000
79225  -41.572  1.882  19.700 0.0000000000
79992  -41.170  2.482  19.910 0.0000000000
78551  -54.578  0.422  6.648 0.0000000000
78550  -53.734  1.060  6.183 0.0000000000
78549  -53.099  0.804  5.751 0.0000000000
75883  -50.303  -2.032  10.816 0.0000000000
76799  -50.593  -1.227  10.239 0.0000000000
77729  -49.007  0.248  9.513 0.0000000000
78511  -50.334  0.430  8.752 0.0000000000
78512  -51.401  0.390  8.766 0.0000000000
79304  -52.458  1.756  7.430 0.0000000000
79314  -52.592  1.832  6.565 0.0000000000
79334  -52.013  1.098  5.896 0.0000000000
79333  -50.571  1.490  5.681 0.0000000000
79342  -49.584  1.995  4.726 0.0000000000
80901  -49.594  3.599  5.433 0.0000000000
80115  -49.292  3.164  3.977 0.0000000000
80914  -48.850  3.484  3.759 0.0000000000
81763  -48.365  4.053  3.904 0.0000000000
82649  -47.986  5.331  4.182 0.0000000000
78464  -44.877  0.680  17.725 0.0000000000
80017  -45.873  1.758  16.507 0.0000000000
80027  -45.853  2.256  15.768 0.0000000000
80013  -48.001  2.029  17.491 0.0000000000
80019  -47.804  2.326  16.503 0.0000000000
80839  -47.241  3.026  14.819 0.0000000000
80840  -47.798  3.167  14.364 0.0000000000
80858  -48.219  3.819  13.095 0.0000000000
81703  -48.383  4.340  12.473 0.0000000000
82552  -50.912  5.164  17.585 0.0000000000
81662  -51.630  4.793  16.962 0.0000000000
81672  -51.350  4.364  15.903 0.0000000000
83556  -52.168  6.362  14.411 0.0000000000
81674  -52.408  5.136  14.790 0.0000000000
81684  -52.080  4.770  14.502 0.0000000000
82582  -51.119  5.088  13.152 0.0000000000
82594  -50.480  5.385  12.541 0.0000000000
81712  -49.155  5.445  11.600 0.0000000000
83596  -49.996  6.520  10.164 0.0000000000
83616  -50.454  6.956  7.608 0.0000000000
84483  -52.717  8.369  8.634 0.0000000000
84496  -51.168  7.633  7.002 0.0000000000
84502  -51.168  7.448  5.748 0.0000000000
83637  -50.462  6.442  4.224 0.0000000000
83636  -49.741  6.341  4.002 0.0000000000
86239  -48.524  9.536  6.791 0.0000000000
87876  -47.328  10.689  9.136 0.0000000000
87893  -47.643  11.752  7.275 0.0000000000
88696  -47.288  12.640  6.255 0.0000000000
89448  -45.854  14.067  6.740 0.0000000000
88702  -46.798  13.417  5.717 0.0000000000
87906  -46.629  12.037  5.252 0.0000000000
87081  -44.865  11.086  5.403 0.0000000000
86228  -44.331  9.809  7.190 0.0000000000
85354  -43.745  9.127  8.430 0.0000000000
88685  -43.486  12.492  8.677 0.0000000000
88670  -42.900  12.154  10.278 0.0000000000
92324  -48.048  17.667  8.429 0.0000000000
93090  -45.788  18.531  7.864 0.0000000000
92322  -44.554  17.742  8.749 0.0000000000
92311  -44.044  17.091  10.215 0.0000000000
91560  -43.461  16.259  11.274 0.0000000000
77660  -43.522  -0.479  16.907 0.0000000000
78462  -43.710  -0.104  17.420 0.0000000000
77763  -51.573  -0.244  5.879 0.0000000000
73003  -50.709  -5.456  20.252 0.0000000000
74823  -36.778  -3.447  21.918 0.0000000000
74939  -51.378  -3.277  11.759 0.0000000000
81710  -47.687  4.099  11.483 0.0000000000
81719  -47.682  4.196  10.510 0.0000000000
81654  -50.520  4.625  19.625 0.0000000000
81655  -51.309  5.155  19.554 0.0000000000
85341  -48.525  8.954  10.751 0.0000000000
86200  -50.030  9.150  10.072 0.0000000000
86199  -49.027  9.255  10.154 0.0000000000
86219  -48.988  9.758  8.918 0.0000000000
86208  -48.479  9.660  9.505 0.0000000000
90856  -46.049  16.025  7.213 0.0000000000
90862  -46.103  16.199  6.417 0.0000000000
91594  -44.962  17.179  5.482 0.0000000000
92337  -45.890  17.869  6.179 0.0000000000
75830  -46.480  -2.756  14.270 0.0000000000
75844  -47.209  -2.511  13.648 0.0000000000
79266  -45.600  1.257  13.982 0.0000000000
84392  -49.793  7.426  20.572 0.0000000000
83504  -49.633  7.132  20.011 0.0000000000
85282  -45.080  8.749  16.292 0.0000000000
84411  -45.701  7.867  16.680 0.0000000000
84433  -45.527  8.297  14.915 0.0000000000
86177  -45.060  9.668  13.604 0.0000000000
86169  -44.778  9.486  14.686 0.0000000000
90105  -46.261  14.007  14.325 0.0000000000
89405  -45.749  13.845  13.872 0.0000000000
90819  -46.715  15.030  13.246 0.0000000000
90820  -47.587  15.297  13.421 0.0000000000
78566  -49.112  1.261  4.757 0.0000000000
78565  -48.292  0.793  4.775 0.0000000000
79340  -47.835  1.677  4.584 0.0000000000
79226  -43.489  1.587  19.825 0.0000000000
79994  -43.000  2.057  19.624 0.0000000000
82540  -46.324  5.273  20.983 0.0000000000
82524  -46.945  5.313  21.500 0.0000000000
83503  -46.563  5.873  21.343 0.0000000000
84361  -51.666  7.146  24.178 0.0000000000
84362  -52.446  7.118  24.257 0.0000000000
73070  -51.518  -5.506  15.258 0.0000000000
73055  -50.000  -5.883  15.789 0.0000000000
73013  -45.693  -5.674  17.405 0.0000000000
73023  -45.378  -5.193  16.837 0.0000000000
73850  -42.116  -3.771  24.803 0.0000000000
76709  -40.858  -1.731  19.457 0.0000000000
78513  -52.441  0.442  8.714 0.0000000000
77703  -48.363  -0.786  11.126 0.0000000000
80082  -49.112  2.243  7.998 0.0000000000
79301  -49.679  1.880  8.072 0.0000000000
79311  -50.126  1.997  7.117 0.0000000000
82645  -50.299  5.962  5.015 0.0000000000
79231  -46.959  1.565  19.302 0.0000000000
79234  -47.130  1.463  18.680 0.0000000000
80831  -49.929  3.644  15.926 0.0000000000
80820  -49.435  3.218  16.215 0.0000000000
80842  -49.907  3.831  15.076 0.0000000000
82563  -50.475  5.751  16.217 0.0000000000
83542  -50.312  6.066  15.707 0.0000000000
85323  -53.623  7.465  12.105 0.0000000000
83568  -53.492  6.950  12.681 0.0000000000
83589  -53.447  6.898  12.125 0.0000000000
83576  -52.384  6.388  12.218 0.0000000000
84465  -52.365  7.114  10.888 0.0000000000
86243  -52.683  9.534  5.703 0.0000000000
86249  -50.966  9.088  5.055 0.0000000000
85383  -49.393  7.942  5.105 0.0000000000
86248  -50.226  9.050  5.388 0.0000000000
87083  -46.822  11.111  6.095 0.0000000000
87883  -45.720  12.102  8.986 0.0000000000
89447  -44.457  13.816  7.086 0.0000000000
89454  -44.827  14.070  5.856 0.0000000000
87891  -44.521  11.780  6.332 0.0000000000
88692  -43.786  12.852  8.006 0.0000000000
90139  -43.137  14.563  10.475 0.0000000000
90145  -42.592  14.112  9.911 0.0000000000
76748  -44.457  -1.256  15.133 0.0000000000
78466  -44.268  0.360  16.252 0.0000000000
78474  -44.581  0.339  15.567 0.0000000000
85269  -47.489  8.685  20.472 0.0000000000
86129  -47.137  9.484  20.303 0.0000000000
86985  -45.769  10.206  18.539 0.0000000000
86980  -45.855  9.878  18.973 0.0000000000
86142  -45.318  9.594  18.036 0.0000000000
86999  -45.044  10.712  16.460 0.0000000000
88624  -46.663  12.451  16.852 0.0000000000
88623  -45.907  12.366  16.411 0.0000000000
89384  -47.193  13.464  15.585 0.0000000000
78547  -50.516  0.065  5.890 0.0000000000
81640  -41.102  4.585  20.175 0.0000000000
81641  -42.193  4.365  20.094 0.0000000000
82535  -41.704  5.527  20.283 0.0000000000
73025  -50.911  -5.673  18.214 0.0000000000
72091  -47.893  -6.410  17.826 0.0000000000
73891  -39.337  -4.690  20.440 0.0000000000
74832  -38.954  -3.606  20.243 0.0000000000
74833  -39.770  -3.630  19.903 0.0000000000
75780  -38.577  -2.619  20.291 0.0000000000
76702  -36.940  -1.697  20.825 0.0000000000
77641  -36.507  -0.507  20.514 0.0000000000
79284  -47.369  1.527  10.326 0.0000000000
80073  -47.643  2.737  9.347 0.0000000000
80080  -47.918  2.847  8.721 0.0000000000
80884  -48.080  3.402  8.336 0.0000000000
80889  -48.661  3.482  7.531 0.0000000000
82624  -48.578  5.196  8.413 0.0000000000
82632  -49.149  5.684  7.744 0.0000000000
80809  -48.412  3.182  19.321 0.0000000000
80813  -48.396  2.675  18.759 0.0000000000
80818  -50.296  4.104  17.933 0.0000000000
80822  -50.501  4.053  17.089 0.0000000000
85345  -52.467  8.572  10.113 0.0000000000
85344  -51.652  8.768  10.569 0.0000000000
86211  -51.507  9.688  9.343 0.0000000000
87064  -51.224  10.400  7.899 0.0000000000
87065  -52.210  10.347  7.770 0.0000000000
87063  -50.069  10.217  7.987 0.0000000000
90148  -45.227  14.598  9.122 0.0000000000
90853  -44.016  15.523  8.502 0.0000000000
91577  -43.903  16.416  9.242 0.0000000000
74925  -49.004  -3.277  12.689 0.0000000000
76759  -45.536  -1.243  14.052 0.0000000000
77681  -45.659  -0.380  13.705 0.0000000000
77682  -46.187  -0.318  13.108 0.0000000000
78488  -46.718  0.040  12.311 0.0000000000
78494  -46.289  0.969  12.172 0.0000000000
80863  -47.290  3.389  11.655 0.0000000000
80857  -47.538  3.546  12.527 0.0000000000
83514  -52.333  6.490  19.857 0.0000000000
83525  -48.930  6.411  17.531 0.0000000000
84397  -46.927  7.892  19.461 0.0000000000
83509  -47.562  7.303  19.232 0.0000000000
83516  -46.778  7.136  18.372 0.0000000000
83539  -47.658  6.623  16.244 0.0000000000
84435  -47.463  7.205  14.695 0.0000000000
85307  -46.481  8.239  13.177 0.0000000000
84444  -47.045  7.737  13.804 0.0000000000
85316  -46.850  8.549  12.093 0.0000000000
86191  -46.960  9.195  11.091 0.0000000000
86184  -46.123  8.952  12.127 0.0000000000
87032  -45.079  10.590  12.656 0.0000000000
87033  -45.368  10.292  12.226 0.0000000000
87862  -45.140  10.872  11.856 0.0000000000
87869  -45.028  11.211  10.882 0.0000000000
87861  -44.815  11.395  11.735 0.0000000000
87833  -44.794  11.595  15.137 0.0000000000
87840  -44.604  11.426  14.281 0.0000000000
88645  -44.772  12.133  14.552 0.0000000000
89414  -45.021  13.535  12.671 0.0000000000
89421  -44.616  13.000  11.855 0.0000000000
89429  -45.071  14.027  11.102 0.0000000000
90132  -45.552  14.521  11.687 0.0000000000
90838  -46.617  15.644  11.401 0.0000000000
91571  -46.736  16.546  9.987 0.0000000000
80107  -47.341  2.544  4.697 0.0000000000
77653  -43.826  0.096  19.007 0.0000000000
79219  -44.593  1.510  20.103 0.0000000000
78442  -44.891  1.215  20.246 0.0000000000
79229  -45.724  1.411  20.056 0.0000000000
81642  -43.215  4.284  19.977 0.0000000000
80796  -43.779  3.392  19.729 0.0000000000
81645  -46.098  4.227  20.569 0.0000000000
80798  -45.558  3.261  20.120 0.0000000000
80799  -46.456  3.187  20.292 0.0000000000
81647  -47.940  4.099  20.586 0.0000000000
81631  -49.453  4.590  21.475 0.0000000000
84371  -48.700  7.628  23.111 0.0000000000
83475  -47.391  7.321  22.485 0.0000000000
83492  -48.239  5.947  22.360 0.0000000000
83477  -49.078  6.377  22.659 0.0000000000
83479  -51.423  6.105  23.028 0.0000000000
82516  -50.677  5.579  22.463 0.0000000000
82528  -50.935  5.084  21.612 0.0000000000
82543  -52.684  5.890  21.031 0.0000000000
82530  -52.829  5.885  21.883 0.0000000000
84374  -53.435  7.596  23.043 0.0000000000
83495  -53.355  7.176  22.022 0.0000000000
85266  -52.599  7.989  21.884 0.0000000000
85265  -52.031  8.223  21.841 0.0000000000
75847  -55.349  -2.010  13.189 0.0000000000
74898  -54.513  -3.247  14.094 0.0000000000
74916  -54.544  -2.949  13.217 0.0000000000
74915  -53.803  -3.712  13.387 0.0000000000
74929  -53.144  -3.649  12.487 0.0000000000
74914  -53.203  -4.046  13.090 0.0000000000
73935  -53.626  -4.396  16.836 0.0000000000
74859  -53.935  -4.005  17.530 0.0000000000
74868  -54.092  -3.853  16.868 0.0000000000
73951  -54.293  -3.977  15.882 0.0000000000
74882  -54.462  -3.614  15.200 0.0000000000
73981  -51.870  -4.649  13.545 0.0000000000
73980  -50.773  -4.577  13.646 0.0000000000
73966  -50.254  -5.008  14.282 0.0000000000
73948  -48.026  -4.502  14.831 0.0000000000
73963  -47.696  -4.147  14.426 0.0000000000
73947  -47.458  -4.437  15.042 0.0000000000
73037  -48.337  -5.803  16.269 0.0000000000
73034  -45.644  -4.837  16.334 0.0000000000
73933  -46.239  -4.473  15.706 0.0000000000
73945  -46.077  -4.016  15.448 0.0000000000
74867  -45.091  -3.812  15.713 0.0000000000
72047  -48.941  -6.441  21.848 0.0000000000
72945  -45.227  -5.607  24.564 0.0000000000
72957  -42.761  -5.454  23.863 0.0000000000
72016  -44.061  -6.393  23.309 0.0000000000
72958  -43.851  -6.088  23.574 0.0000000000
72017  -44.535  -6.405  23.560 0.0000000000
72018  -45.583  -6.576  23.547 0.0000000000
72031  -46.232  -6.711  22.569 0.0000000000
72081  -44.698  -6.031  18.535 0.0000000000
75795  -41.834  -2.476  18.451 0.0000000000
74850  -41.999  -3.055  17.880 0.0000000000
76717  -42.574  -1.719  18.272 0.0000000000
76712  -42.749  -0.742  19.006 0.0000000000
77646  -41.429  -0.515  19.308 0.0000000000
78445  -41.773  -0.224  19.134 0.0000000000
77644  -39.721  -0.663  20.124 0.0000000000
78436  -39.205  0.402  20.116 0.0000000000
79214  -39.740  1.469  20.083 0.0000000000
79991  -40.191  2.518  20.142 0.0000000000
80793  -40.605  3.537  20.181 0.0000000000
78552  -55.162  0.150  6.689 0.0000000000
78537  -53.716  1.502  6.926 0.0000000000
79326  -53.323  1.427  6.076 0.0000000000
75872  -49.654  -2.588  11.456 0.0000000000
78509  -48.572  0.713  9.598 0.0000000000
78525  -52.070  1.165  8.202 0.0000000000
79303  -51.494  1.556  7.576 0.0000000000
79335  -52.499  1.096  5.763 0.0000000000
79343  -50.063  2.223  4.930 0.0000000000
80895  -49.247  3.518  6.663 0.0000000000
81754  -49.557  4.546  4.830 0.0000000000
80110  -49.674  2.891  4.484 0.0000000000
80915  -49.259  3.529  4.011 0.0000000000
80114  -49.126  3.271  3.832 0.0000000000
82651  -49.811  5.510  4.317 0.0000000000
81764  -48.782  4.017  3.851 0.0000000000
81759  -48.539  4.607  3.993 0.0000000000
78453  -44.377  0.328  18.837 0.0000000000
78458  -44.405  0.387  18.097 0.0000000000
79242  -46.428  1.548  17.164 0.0000000000
79241  -45.218  1.134  17.067 0.0000000000
80018  -46.683  2.157  16.465 0.0000000000
80010  -48.564  2.620  18.028 0.0000000000
80014  -48.620  2.581  17.181 0.0000000000
80030  -48.642  2.876  15.686 0.0000000000
80029  -48.079  2.689  15.691 0.0000000000
80028  -46.941  2.795  15.503 0.0000000000
80828  -47.702  2.938  15.120 0.0000000000
80850  -48.690  3.778  13.821 0.0000000000
81691  -48.775  4.151  13.256 0.0000000000
82548  -51.165  5.556  18.505 0.0000000000
82557  -51.679  5.091  16.884 0.0000000000
81665  -51.925  4.747  16.386 0.0000000000
81673  -52.099  4.759  15.423 0.0000000000
83555  -51.446  6.416  14.678 0.0000000000
83565  -51.728  6.824  13.979 0.0000000000
82585  -52.694  5.818  13.846 0.0000000000
82574  -52.498  5.614  14.487 0.0000000000
81685  -52.441  5.288  14.258 0.0000000000
81694  -52.250  5.103  13.884 0.0000000000
81693  -51.472  4.724  13.830 0.0000000000
82583  -51.950  5.320  13.325 0.0000000000
82606  -50.918  6.002  12.069 0.0000000000
82605  -49.954  5.834  11.594 0.0000000000
82613  -49.453  6.139  10.729 0.0000000000
83585  -50.260  6.368  10.887 0.0000000000
84481  -51.221  7.337  9.378 0.0000000000
83604  -50.566  6.905  9.691 0.0000000000
83610  -50.470  6.971  8.741 0.0000000000
85350  -53.052  8.789  9.053 0.0000000000
85359  -53.228  8.679  8.091 0.0000000000
85377  -52.531  8.445  5.787 0.0000000000
84497  -51.923  8.122  6.351 0.0000000000
84509  -51.059  7.446  4.655 0.0000000000
84515  -49.646  7.237  4.247 0.0000000000
84516  -50.365  7.169  3.991 0.0000000000
83635  -48.757  6.299  4.406 0.0000000000
83628  -47.998  6.251  4.919 0.0000000000
87086  -50.017  10.114  6.580 0.0000000000
85373  -46.917  9.376  7.169 0.0000000000
85374  -47.731  8.660  6.825 0.0000000000
87047  -46.465  10.157  10.264 0.0000000000
87053  -47.035  10.345  9.651 0.0000000000
87892  -46.835  12.369  7.498 0.0000000000
88694  -45.985  13.274  7.478 0.0000000000
89460  -45.350  14.225  4.951 0.0000000000
90170  -46.331  14.903  4.460 0.0000000000
88708  -45.722  13.332  4.847 0.0000000000
88709  -46.536  13.382  4.926 0.0000000000
87905  -45.927  12.368  4.959 0.0000000000
87094  -45.786  11.532  5.270 0.0000000000
86218  -43.826  9.673  8.008 0.0000000000
86217  -43.559  9.635  8.784 0.0000000000
87051  -43.491  10.505  9.367 0.0000000000
87867  -43.296  11.493  9.988 0.0000000000
88677  -42.393  12.986  9.705 0.0000000000
87865  -41.977  12.174  10.801 0.0000000000
93082  -46.401  18.990  8.669 0.0000000000
93081  -45.374  18.539  8.657 0.0000000000
92312  -44.437  17.803  10.026 0.0000000000
91569  -43.634  16.307  10.294 0.0000000000
77663  -43.595  -0.725  16.144 0.0000000000
77661  -43.855  -0.116  16.402 0.0000000000
86133  -46.647  9.723  19.782 0.0000000000
86986  -46.514  11.001  18.432 0.0000000000
87815  -46.060  11.534  17.478 0.0000000000
87816  -46.845  11.773  17.736 0.0000000000
88614  -47.317  12.285  17.391 0.0000000000
88625  -47.821  12.585  17.055 0.0000000000
78548  -50.924  0.153  6.019 0.0000000000
73014  -50.927  -5.518  19.338 0.0000000000
72086  -50.162  -5.875  19.058 0.0000000000
72085  -49.277  -6.379  19.001 0.0000000000
74941  -53.459  -2.867  11.762 0.0000000000
80876  -47.507  3.393  9.875 0.0000000000
81734  -47.933  3.978  8.796 0.0000000000
82617  -48.537  5.476  9.418 0.0000000000
81657  -50.105  4.216  18.984 0.0000000000
85318  -49.432  8.075  12.313 0.0000000000
85331  -50.082  8.485  11.479 0.0000000000
85343  -50.611  8.781  10.704 0.0000000000
86210  -50.466  9.571  9.399 0.0000000000
86220  -49.792  9.798  8.733 0.0000000000
87061  -48.155  10.386  8.548 0.0000000000
90860  -44.651  16.002  6.584 0.0000000000
91586  -44.394  16.802  7.588 0.0000000000
74909  -47.755  -3.243  13.643 0.0000000000
75845  -47.918  -2.820  13.238 0.0000000000
76761  -46.801  -1.777  13.462 0.0000000000
79273  -46.290  1.518  12.586 0.0000000000
80047  -46.550  2.339  13.148 0.0000000000
80041  -47.077  2.970  13.585 0.0000000000
83506  -51.119  6.929  19.751 0.0000000000
83505  -50.238  7.009  19.886 0.0000000000
83511  -49.323  6.989  19.391 0.0000000000
84408  -45.827  7.885  17.729 0.0000000000
84409  -46.355  7.352  18.081 0.0000000000
84434  -46.191  7.821  14.568 0.0000000000
85300  -45.992  8.262  13.817 0.0000000000
85306  -45.683  8.766  13.296 0.0000000000
87025  -45.230  10.132  12.871 0.0000000000
87024  -44.851  10.552  13.267 0.0000000000
89382  -45.424  12.886  15.035 0.0000000000
89394  -44.967  12.821  14.388 0.0000000000
90116  -45.534  13.865  13.264 0.0000000000
90124  -45.583  14.157  12.603 0.0000000000
90125  -46.179  14.760  12.592 0.0000000000
90839  -47.479  16.040  11.505 0.0000000000
78440  -43.503  0.738  20.040 0.0000000000
79218  -43.842  1.250  20.047 0.0000000000
79227  -44.052  1.653  19.809 0.0000000000
79228  -44.495  1.969  19.878 0.0000000000
82538  -44.580  5.255  20.140 0.0000000000
84372  -49.584  7.223  23.263 0.0000000000
83463  -51.269  6.801  23.488 0.0000000000
83480  -52.272  6.018  23.035 0.0000000000
83481  -53.034  6.253  22.646 0.0000000000
83465  -52.823  6.553  23.589 0.0000000000
84363  -53.277  7.456  24.111 0.0000000000
75833  -55.462  -1.916  14.127 0.0000000000
73949  -53.012  -5.108  16.337 0.0000000000
73068  -49.671  -5.338  14.946 0.0000000000
73053  -48.071  -5.027  15.429 0.0000000000
72098  -46.751  -5.832  16.783 0.0000000000
72097  -46.300  -5.568  16.817 0.0000000000
73921  -45.262  -4.698  16.332 0.0000000000
73931  -44.910  -4.285  16.087 0.0000000000
73930  -44.290  -4.194  16.295 0.0000000000
72969  -42.125  -5.967  22.666 0.0000000000
72029  -43.895  -6.589  22.716 0.0000000000
72043  -44.722  -6.613  21.504 0.0000000000
72058  -45.479  -6.620  20.463 0.0000000000
72069  -42.935  -6.016  19.513 0.0000000000
75794  -41.301  -3.063  18.567 0.0000000000
75787  -41.115  -2.580  19.081 0.0000000000
75788  -41.731  -2.020  18.999 0.0000000000
76710  -41.559  -1.623  19.168 0.0000000000
77649  -41.307  -1.112  19.334 0.0000000000
78526  -53.420  1.036  8.041 0.0000000000
79305  -53.210  1.888  7.080 0.0000000000
78510  -49.360  0.872  8.937 0.0000000000
78522  -49.577  1.359  8.473 0.0000000000
79312  -50.898  1.675  6.991 0.0000000000
79323  -50.873  1.627  6.301 0.0000000000
80095  -50.433  2.058  6.128 0.0000000000
78460  -45.797  0.761  18.920 0.0000000000
80015  -49.285  3.014  17.000 0.0000000000
80021  -49.350  3.105  16.560 0.0000000000
80851  -49.514  3.946  14.328 0.0000000000
82551  -50.674  5.412  17.205 0.0000000000
82555  -50.567  5.567  16.668 0.0000000000
82564  -50.979  5.675  16.146 0.0000000000
84449  -52.937  7.337  13.151 0.0000000000
83566  -52.465  6.762  13.679 0.0000000000
83567  -53.015  6.626  13.256 0.0000000000
82596  -52.485  5.895  12.898 0.0000000000
83575  -51.624  6.315  11.951 0.0000000000
83597  -50.949  6.741  10.467 0.0000000000
83598  -51.551  6.808  10.865 0.0000000000
84482  -52.054  7.801  9.048 0.0000000000
87067  -53.305  10.026  7.403 0.0000000000
85369  -53.450  9.195  7.671 0.0000000000
86244  -53.277  9.642  6.594 0.0000000000
85387  -52.824  8.842  5.411 0.0000000000
85386  -52.190  8.514  4.993 0.0000000000
84510  -51.654  8.051  4.799 0.0000000000
85385  -51.255  8.338  4.667 0.0000000000
85391  -50.169  7.670  4.155 0.0000000000
84508  -49.415  7.614  4.738 0.0000000000
83629  -48.524  6.757  5.137 0.0000000000
87875  -46.789  11.050  9.213 0.0000000000
88688  -46.340  12.665  7.672 0.0000000000
90161  -45.243  14.939  5.451 0.0000000000
88707  -45.177  13.192  5.425 0.0000000000
87898  -44.937  12.200  5.682 0.0000000000
87881  -43.971  11.423  8.213 0.0000000000
88668  -41.571  12.657  10.806 0.0000000000
75829  -45.544  -2.255  14.608 0.0000000000
77673  -44.746  -0.421  15.061 0.0000000000
79258  -45.260  1.556  14.857 0.0000000000
84391  -48.760  7.782  20.784 0.0000000000
84390  -48.047  7.924  20.422 0.0000000000
85274  -47.037  8.175  19.862 0.0000000000
85273  -46.413  8.605  19.517 0.0000000000
85272  -45.831  9.020  19.099 0.0000000000
85276  -45.711  8.630  18.519 0.0000000000
86161  -44.741  9.749  15.766 0.0000000000
86160  -44.625  10.185  14.996 0.0000000000
87834  -45.068  11.444  15.939 0.0000000000
88638  -45.416  12.317  15.690 0.0000000000
89383  -46.118  13.182  15.494 0.0000000000
89396  -46.605  13.729  14.932 0.0000000000
90106  -47.122  14.341  14.552 0.0000000000
82537  -43.641  5.227  20.169 0.0000000000
73040  -51.402  -5.556  17.085 0.0000000000
72100  -48.587  -6.342  17.090 0.0000000000
72092  -48.904  -6.479  18.018 0.0000000000
73012  -45.059  -5.617  17.741 0.0000000000
73849  -41.194  -3.691  24.640 0.0000000000
73861  -40.364  -4.544  24.172 0.0000000000
76704  -39.093  -1.647  20.037 0.0000000000
77713  -47.890  0.095  10.659 0.0000000000
79292  -47.774  1.998  9.535 0.0000000000
80088  -48.827  2.924  7.552 0.0000000000
81741  -48.728  4.269  7.307 0.0000000000
82638  -48.925  4.706  7.022 0.0000000000
80812  -48.177  2.212  18.995 0.0000000000
84437  -49.698  6.666  14.683 0.0000000000
83553  -49.707  6.468  15.166 0.0000000000
84447  -51.093  7.277  13.573 0.0000000000
84457  -51.502  7.945  12.945 0.0000000000
84458  -52.588  8.011  12.830 0.0000000000
85321  -52.940  8.139  12.028 0.0000000000
85334  -53.073  7.848  11.279 0.0000000000
85351  -53.064  9.276  8.799 0.0000000000
86212  -52.539  9.434  9.110 0.0000000000
86223  -52.753  10.017  8.338 0.0000000000
87066  -52.977  10.287  7.637 0.0000000000
87088  -52.134  10.214  6.294 0.0000000000
87087  -51.123  10.201  6.363 0.0000000000
86241  -50.626  9.628  5.805 0.0000000000
87900  -47.557  11.830  6.180 0.0000000000
89437  -45.203  13.507  9.173 0.0000000000
89442  -43.970  14.060  7.972 0.0000000000
90842  -43.443  15.382  10.400 0.0000000000
74912  -50.295  -3.986  13.066 0.0000000000
74926  -49.799  -3.373  12.371 0.0000000000
75859  -49.066  -2.941  12.092 0.0000000000
75871  -48.827  -2.378  11.790 0.0000000000
76785  -48.321  -1.476  11.749 0.0000000000
76771  -46.609  -0.833  12.990 0.0000000000
77692  -47.151  -0.411  12.162 0.0000000000
79280  -46.837  1.410  11.214 0.0000000000
80060  -46.635  2.090  11.669 0.0000000000
82545  -51.993  5.804  19.493 0.0000000000
83521  -51.356  5.957  18.740 0.0000000000
83520  -50.740  5.889  18.360 0.0000000000
83526  -50.008  5.803  17.359 0.0000000000
84399  -48.472  7.407  20.003 0.0000000000
83510  -48.132  7.126  19.278 0.0000000000
83523  -46.878  6.759  17.864 0.0000000000
83524  -47.826  6.481  17.741 0.0000000000
83530  -48.171  6.361  16.849 0.0000000000
83540  -48.446  6.450  16.081 0.0000000000
84425  -48.601  6.555  15.539 0.0000000000
84436  -48.833  6.758  14.852 0.0000000000
85309  -48.545  7.885  12.854 0.0000000000
85317  -48.150  8.320  12.155 0.0000000000
85340  -47.933  9.087  10.692 0.0000000000
86197  -47.425  9.371  10.580 0.0000000000
86196  -46.677  9.629  10.738 0.0000000000
87040  -46.113  9.984  10.855 0.0000000000
86189  -45.705  9.864  11.921 0.0000000000
87046  -45.792  10.568  10.424 0.0000000000
88672  -45.106  11.829  10.254 0.0000000000
88679  -44.820  12.848  10.379 0.0000000000
86168  -44.606  10.166  14.271 0.0000000000
87017  -44.575  10.743  13.948 0.0000000000
87846  -44.611  11.302  13.488 0.0000000000
89403  -44.658  12.588  13.657 0.0000000000
88658  -44.538  11.976  13.064 0.0000000000
88664  -44.546  12.034  12.031 0.0000000000
90140  -44.942  13.861  10.499 0.0000000000
90843  -45.728  15.467  10.190 0.0000000000
90837  -45.806  15.102  11.169 0.0000000000
91570  -46.101  16.000  9.685 0.0000000000
91579  -46.264  16.126  9.004 0.0000000000
77655  -43.538  -0.293  18.491 0.0000000000
77656  -43.906  0.114  18.731 0.0000000000
78454  -45.110  0.607  19.288 0.0000000000
78455  -45.801  0.981  19.556 0.0000000000
79230  -46.324  1.529  19.756 0.0000000000
80006  -47.096  1.861  19.693 0.0000000000
80806  -43.619  2.642  19.600 0.0000000000
80807  -44.160  2.774  19.647 0.0000000000
79995  -45.010  2.326  20.083 0.0000000000
79998  -47.452  2.338  19.714 0.0000000000
80801  -48.451  3.694  19.942 0.0000000000
80802  -49.018  3.837  19.936 0.0000000000
82541  -50.971  4.967  20.820 0.0000000000
82526  -48.929  5.204  22.148 0.0000000000
82515  -49.689  5.593  22.526 0.0000000000
81632  -50.157  4.676  21.552 0.0000000000
82542  -51.719  5.388  20.589 0.0000000000
83507  -52.825  6.558  20.509 0.0000000000
84402  -52.572  6.960  20.106 0.0000000000
84395  -52.958  7.302  20.723 0.0000000000
84383  -51.504  7.723  21.142 0.0000000000
84382  -50.432  7.862  21.205 0.0000000000
85257  -51.627  9.036  22.388 0.0000000000
75846  -54.957  -2.479  13.002 0.0000000000
74928  -51.984  -4.013  12.548 0.0000000000
74897  -54.022  -3.929  14.335 0.0000000000
73969  -53.491  -4.375  14.554 0.0000000000
73989  -52.399  -4.364  13.148 0.0000000000
73978  -49.113  -4.153  13.747 0.0000000000
73965  -49.368  -4.686  14.308 0.0000000000
74896  -47.913  -3.797  13.918 0.0000000000
74895  -47.321  -3.485  14.120 0.0000000000
74894  -46.688  -3.491  14.582 0.0000000000
73052  -47.060  -4.847  15.620 0.0000000000
73946  -46.662  -4.231  15.195 0.0000000000
74880  -46.218  -3.665  15.049 0.0000000000
75817  -45.148  -2.755  15.232 0.0000000000
75816  -44.490  -2.278  15.298 0.0000000000
75815  -43.344  -2.438  15.935 0.0000000000
76724  -43.136  -1.111  18.020 0.0000000000
72062  -49.600  -6.079  21.207 0.0000000000
71999  -46.651  -5.772  25.016 0.0000000000
72000  -47.549  -6.198  25.061 0.0000000000
72010  -47.068  -6.354  24.354 0.0000000000
72942  -43.105  -5.079  24.585 0.0000000000
72959  -44.281  -6.175  23.752 0.0000000000
72944  -44.501  -6.040  24.084 0.0000000000
72008  -45.066  -6.240  24.147 0.0000000000
72020  -47.640  -6.603  23.486 0.0000000000
72033  -48.270  -6.566  22.627 0.0000000000
72046  -47.987  -6.545  21.686 0.0000000000
72061  -48.753  -6.355  20.875 0.0000000000
72073  -47.406  -6.525  19.663 0.0000000000
73011  -44.150  -5.679  18.025 0.0000000000
72055  -42.454  -6.367  20.207 0.0000000000
72999  -42.488  -5.627  18.922 0.0000000000
73000  -43.227  -5.693  18.812 0.0000000000
73010  -43.420  -5.487  18.169 0.0000000000
73021  -43.625  -5.139  17.531 0.0000000000
76723  -42.759  -1.780  17.474 0.0000000000
78446  -42.318  0.018  19.176 0.0000000000
79216  -41.947  1.304  19.679 0.0000000000
80002  -41.741  2.070  19.699 0.0000000000
79215  -40.948  1.551  19.750 0.0000000000
79224  -41.282  2.026  19.721 0.0000000000
81639  -39.977  4.672  20.161 0.0000000000
80792  -39.538  3.583  20.224 0.0000000000
77765  -53.972  0.077  6.349 0.0000000000
77764  -53.358  0.331  5.994 0.0000000000
77777  -52.822  0.203  5.794 0.0000000000
78560  -52.471  0.780  5.710 0.0000000000
75873  -50.806  -2.578  11.302 0.0000000000
75884  -51.253  -1.907  10.691 0.0000000000
77730  -49.581  -0.116  9.363 0.0000000000
77731  -50.655  -0.385  9.448 0.0000000000
79325  -52.807  1.310  5.970 0.0000000000
80101  -50.085  2.942  5.150 0.0000000000
80109  -49.072  2.779  3.948 0.0000000000
80908  -48.569  3.067  3.791 0.0000000000
80913  -48.559  3.763  3.821 0.0000000000
81765  -49.036  3.853  3.840 0.0000000000
81758  -47.795  4.331  4.208 0.0000000000
78457  -43.833  0.054  17.900 0.0000000000
79240  -44.565  0.733  16.662 0.0000000000
79236  -45.385  0.828  17.825 0.0000000000
79248  -45.229  1.517  15.976 0.0000000000
80039  -45.936  2.495  14.882 0.0000000000
80849  -47.707  3.371  13.379 0.0000000000
82553  -51.448  4.961  17.219 0.0000000000
81664  -51.241  4.499  16.679 0.0000000000
83554  -50.459  6.492  14.831 0.0000000000
83544  -51.970  5.964  15.112 0.0000000000
83545  -52.371  5.913  14.681 0.0000000000
82566  -52.256  5.452  15.105 0.0000000000
81683  -51.013  4.330  14.799 0.0000000000
81704  -49.361  5.110  12.191 0.0000000000
82612  -48.676  5.659  10.440 0.0000000000
82618  -49.216  6.078  9.807 0.0000000000
83624  -50.495  6.833  6.388 0.0000000000
85358  -52.933  8.481  7.564 0.0000000000
84490  -52.207  8.199  7.714 0.0000000000
83631  -50.544  6.513  5.156 0.0000000000
85375  -49.077  8.451  5.799 0.0000000000
86207  -47.626  9.767  9.864 0.0000000000
87054  -47.786  10.244  9.124 0.0000000000
87885  -47.639  10.987  8.492 0.0000000000
87907  -47.188  12.260  5.498 0.0000000000
89455  -46.120  14.623  5.798 0.0000000000
89449  -46.392  13.982  5.983 0.0000000000
88710  -46.970  12.635  5.222 0.0000000000
87095  -46.221  11.344  5.501 0.0000000000
86236  -45.237  9.995  6.032 0.0000000000
86235  -44.624  10.169  6.272 0.0000000000
85363  -44.711  9.415  7.437 0.0000000000
86205  -43.305  9.542  9.615 0.0000000000
88678  -43.020  12.465  9.680 0.0000000000
90808  -47.723  14.813  14.145 0.0000000000
91562  -47.908  16.383  10.898 0.0000000000
91572  -47.773  17.113  9.815 0.0000000000
91581  -47.499  17.394  8.885 0.0000000000
92331  -46.638  17.750  7.468 0.0000000000
93092  -47.789  18.733  7.888 0.0000000000
93091  -46.675  18.576  7.886 0.0000000000
92330  -45.811  18.114  7.107 0.0000000000
92329  -44.991  17.894  7.411 0.0000000000
92321  -44.224  17.201  9.380 0.0000000000
72080  -44.141  -5.891  18.619 0.0000000000
72971  -43.603  -6.291  23.114 0.0000000000
73024  -45.984  -5.446  16.950 0.0000000000
73936  -54.115  -4.091  16.332 0.0000000000
74931  -54.647  -2.622  12.710 0.0000000000
75862  -55.438  -1.634  12.733 0.0000000000
76735  -42.951  -1.698  16.491 0.0000000000
76850  -52.138  -0.337  5.727 0.0000000000
78450  -45.754  1.214  19.889 0.0000000000
79294  -49.229  1.544  8.565 0.0000000000
80001  -41.515  2.154  19.731 0.0000000000
80004  -44.105  2.207  19.653 0.0000000000
80005  -44.516  2.470  19.794 0.0000000000
80805  -43.248  2.438  19.597 0.0000000000
80894  -48.932  3.904  7.065 0.0000000000
81695  -52.493  5.426  13.899 0.0000000000
82514  -49.113  5.647  22.489 0.0000000000
82518  -52.421  5.763  22.400 0.0000000000
82549  -51.607  5.887  18.926 0.0000000000
82597  -52.803  6.122  13.235 0.0000000000
82604  -49.045  5.717  11.197 0.0000000000
83482  -53.365  6.964  22.472 0.0000000000
83578  -53.578  7.011  12.327 0.0000000000
83588  -53.036  6.813  11.814 0.0000000000
83630  -50.220  5.993  5.288 0.0000000000
84348  -52.808  7.662  25.073 0.0000000000
84373  -53.267  7.901  22.534 0.0000000000
84385  -53.095  7.641  21.808 0.0000000000
84386  -53.358  7.449  22.360 0.0000000000
84401  -52.226  6.858  19.772 0.0000000000
84405  -46.637  7.668  18.823 0.0000000000
84406  -47.199  7.486  19.197 0.0000000000
84450  -53.414  7.217  12.836 0.0000000000
84460  -53.614  7.353  12.362 0.0000000000
84467  -53.438  7.264  11.884 0.0000000000
84491  -52.841  8.425  8.001 0.0000000000
85245  -53.235  8.057  25.101 0.0000000000
85270  -48.211  8.303  20.804 0.0000000000
85277  -46.173  8.187  18.830 0.0000000000
85322  -53.483  7.721  12.047 0.0000000000
85328  -46.903  8.942  11.466 0.0000000000
85335  -53.486  7.520  11.883 0.0000000000
85368  -53.278  8.766  7.217 0.0000000000
85378  -53.263  8.885  6.227 0.0000000000
85379  -53.464  9.205  6.984 0.0000000000
86132  -46.034  9.492  19.274 0.0000000000
86213  -53.057  9.568  8.541 0.0000000000
86224  -53.336  9.785  7.958 0.0000000000
86231  -53.415  9.640  7.277 0.0000000000
86251  -52.527  9.030  5.099 0.0000000000
86994  -46.192  11.311  17.868 0.0000000000
87009  -44.606  10.807  14.697 0.0000000000
87076  -52.559  10.441  7.033 0.0000000000
87077  -53.129  10.231  7.048 0.0000000000
87078  -53.333  9.947  7.011 0.0000000000
87082  -45.807  10.765  5.685 0.0000000000
87090  -53.216  10.018  6.765 0.0000000000
87093  -45.490  11.785  5.227 0.0000000000
87854  -45.104  10.743  12.328 0.0000000000
87868  -44.673  11.703  11.365 0.0000000000
87886  -48.215  10.592  8.249 0.0000000000
88637  -44.975  12.148  15.100 0.0000000000
88703  -47.186  12.755  5.555 0.0000000000
89393  -44.694  12.401  14.118 0.0000000000
89436  -44.895  13.336  10.069 0.0000000000
89456  -46.426  14.420  5.184 0.0000000000
89461  -45.938  14.330  4.334 0.0000000000
89462  -46.351  14.620  4.583 0.0000000000
90162  -46.014  15.172  5.155 0.0000000000
90163  -46.341  14.956  4.702 0.0000000000
90169  -46.138  15.060  4.439 0.0000000000
90865  -44.916  16.396  5.697 0.0000000000
90866  -45.512  16.344  5.525 0.0000000000
90872  -45.272  16.726  5.370 0.0000000000
90873  -45.617  16.768  5.347 0.0000000000
91589  -44.591  17.064  6.342 0.0000000000
91590  -45.963  16.194  5.776 0.0000000000
91591  -46.311  16.833  6.183 0.0000000000
91595  -45.965  16.643  5.463 0.0000000000
91596  -46.190  17.094  5.471 0.0000000000
91600  -45.489  17.112  5.267 0.0000000000
91601  -45.907  17.067  5.236 0.0000000000
91602  -46.130  17.284  5.236 0.0000000000
92323  -46.927  17.396  8.184 0.0000000000
92338  -46.288  17.460  5.930 0.0000000000
92342  -45.490  17.589  5.482 0.0000000000
92343  -45.952  17.539  5.478 0.0000000000
92344  -46.188  17.413  5.449 0.0000000000
92351  -45.781  17.337  5.271 0.0000000000
92352  -46.048  17.308  5.282 0.0000000000
92353  -46.181  17.350  5.298 0.0000000000
93797  -48.085  19.156  8.065 0.0000000000
