#!ascii label  , from subject demencia vox2ras=TkReg
702
27541  -16.450  -50.035  36.597 0.0000000000
44444  -36.881  -34.973  39.967 0.0000000000
51571  -40.270  -28.269  37.949 0.0000000000
52596  -47.354  -26.069  32.636 0.0000000000
41361  -33.928  -38.184  40.333 0.0000000000
54646  -43.043  -25.566  35.197 0.0000000000
55803  -47.273  -24.249  26.547 0.0000000000
58836  -51.058  -21.461  27.419 0.0000000000
43397  -38.961  -35.536  40.928 0.0000000000
47598  -40.906  -31.360  40.515 0.0000000000
47631  -38.382  -31.355  39.295 0.0000000000
26369  -19.174  -51.343  40.301 0.0000000000
28626  -22.302  -49.714  40.336 0.0000000000
34051  -21.146  -44.181  41.912 0.0000000000
38343  -23.772  -40.554  44.124 0.0000000000
37312  -28.594  -41.658  43.418 0.0000000000
37325  -34.179  -41.298  42.156 0.0000000000
40398  -36.719  -38.020  40.182 0.0000000000
51555  -43.498  -27.663  38.473 0.0000000000
58839  -52.977  -20.792  27.232 0.0000000000
45461  -38.241  -34.766  41.116 0.0000000000
46517  -38.790  -33.539  41.339 0.0000000000
46541  -37.577  -33.634  39.962 0.0000000000
28640  -19.418  -50.108  40.033 0.0000000000
26371  -21.295  -50.481  39.837 0.0000000000
39342  -29.289  -40.687  42.418 0.0000000000
37322  -31.781  -41.423  43.033 0.0000000000
39345  -32.478  -40.565  42.034 0.0000000000
43409  -35.428  -36.662  39.975 0.0000000000
42350  -35.232  -37.886  40.851 0.0000000000
43382  -36.741  -36.498  40.373 0.0000000000
42373  -37.991  -36.648  40.541 0.0000000000
50564  -40.175  -29.010  40.475 0.0000000000
49651  -42.186  -29.392  39.523 0.0000000000
52486  -41.994  -27.064  39.370 0.0000000000
53581  -44.628  -25.201  34.310 0.0000000000
54632  -45.867  -25.515  36.454 0.0000000000
53574  -47.822  -26.115  34.611 0.0000000000
51648  -48.583  -27.631  32.724 0.0000000000
111472  -49.925  -25.113  26.684 0.0000000000
52650  -47.864  -27.069  26.573 0.0000000000
39406  -32.172  -39.977  39.690 0.0000000000
51647  -43.876  -27.146  32.177 0.0000000000
56861  -49.021  -22.850  27.181 0.0000000000
54753  -52.295  -25.344  27.378 0.0000000000
56899  -52.826  -22.114  26.200 0.0000000000
43441  -39.983  -35.187  38.429 0.0000000000
45473  -40.198  -33.372  40.805 0.0000000000
48638  -39.803  -30.909  40.738 0.0000000000
26415  -17.522  -51.078  38.750 0.0000000000
29843  -22.887  -48.532  38.915 0.0000000000
30916  -22.107  -47.067  40.806 0.0000000000
33094  -22.528  -45.974  39.976 0.0000000000
36254  -22.567  -43.319  40.382 0.0000000000
36220  -23.428  -41.912  41.994 0.0000000000
35061  -26.183  -42.399  42.914 0.0000000000
38333  -25.743  -41.009  43.935 0.0000000000
35085  -30.304  -43.180  41.998 0.0000000000
40383  -33.844  -39.569  41.986 0.0000000000
39347  -35.668  -39.964  42.286 0.0000000000
38412  -36.395  -40.136  39.434 0.0000000000
39409  -38.016  -38.642  39.177 0.0000000000
40413  -38.885  -37.589  38.976 0.0000000000
54595  -43.887  -25.513  38.274 0.0000000000
53643  -46.549  -26.044  28.793 0.0000000000
52627  -48.121  -26.957  30.748 0.0000000000
27509  -15.917  -50.303  38.049 0.0000000000
44434  -37.725  -34.990  40.786 0.0000000000
45471  -38.138  -34.460  40.723 0.0000000000
45480  -37.232  -34.308  39.942 0.0000000000
39382  -29.905  -40.091  40.762 0.0000000000
39343  -30.326  -40.757  42.266 0.0000000000
39383  -30.972  -40.343  40.765 0.0000000000
43410  -35.926  -36.346  39.956 0.0000000000
43394  -36.187  -36.544  40.271 0.0000000000
43395  -36.809  -36.169  40.322 0.0000000000
44422  -37.165  -35.928  40.484 0.0000000000
51526  -41.142  -28.176  40.072 0.0000000000
51553  -40.919  -27.512  39.093 0.0000000000
52580  -46.431  -26.131  33.266 0.0000000000
53584  -47.423  -25.824  34.402 0.0000000000
53598  -47.867  -25.772  33.702 0.0000000000
51628  -48.289  -27.459  33.788 0.0000000000
52598  -48.593  -26.663  32.484 0.0000000000
50775  -51.241  -27.526  27.123 0.0000000000
50774  -49.548  -27.546  26.547 0.0000000000
50749  -50.461  -28.454  27.340 0.0000000000
56881  -49.203  -22.325  26.811 0.0000000000
56862  -50.294  -22.620  27.749 0.0000000000
55806  -50.427  -23.637  27.480 0.0000000000
55787  -51.405  -22.926  27.967 0.0000000000
56847  -51.828  -22.463  28.005 0.0000000000
57891  -53.089  -21.496  26.700 0.0000000000
43411  -39.609  -35.167  40.128 0.0000000000
44456  -39.926  -34.402  39.837 0.0000000000
44445  -39.825  -34.389  40.449 0.0000000000
47595  -38.779  -32.176  40.622 0.0000000000
48625  -39.410  -31.790  40.856 0.0000000000
48637  -39.193  -31.305  40.463 0.0000000000
49633  -39.573  -30.441  40.306 0.0000000000
48667  -38.825  -30.789  39.111 0.0000000000
27523  -18.482  -50.881  37.612 0.0000000000
26384  -19.473  -51.453  39.603 0.0000000000
26372  -22.018  -50.628  40.025 0.0000000000
33061  -21.017  -44.613  42.155 0.0000000000
32018  -21.540  -45.432  41.143 0.0000000000
33076  -22.286  -46.364  40.483 0.0000000000
34061  -21.991  -44.720  41.180 0.0000000000
34079  -22.534  -44.956  39.995 0.0000000000
35079  -22.023  -43.634  41.403 0.0000000000
36199  -23.658  -41.785  42.779 0.0000000000
36221  -24.449  -41.930  42.407 0.0000000000
36185  -25.042  -41.551  43.781 0.0000000000
39307  -28.042  -40.893  43.228 0.0000000000
39305  -26.420  -40.901  43.767 0.0000000000
38335  -27.106  -41.295  43.807 0.0000000000
35048  -27.254  -42.105  43.442 0.0000000000
36189  -28.426  -42.209  43.615 0.0000000000
35084  -29.531  -42.744  42.112 0.0000000000
36203  -29.577  -42.292  42.835 0.0000000000
37323  -32.589  -41.366  42.544 0.0000000000
36224  -32.105  -42.399  42.526 0.0000000000
36225  -33.243  -42.084  42.144 0.0000000000
36227  -34.473  -41.630  41.740 0.0000000000
40403  -32.800  -39.547  40.568 0.0000000000
41351  -33.778  -38.292  40.986 0.0000000000
41341  -36.079  -38.052  40.579 0.0000000000
40371  -35.692  -38.970  42.028 0.0000000000
39349  -35.898  -38.894  41.073 0.0000000000
38399  -35.920  -40.189  40.389 0.0000000000
39386  -36.614  -38.711  39.923 0.0000000000
40405  -37.271  -38.086  39.952 0.0000000000
42374  -38.591  -36.231  40.565 0.0000000000
41362  -38.334  -37.352  39.935 0.0000000000
42395  -39.080  -36.282  40.032 0.0000000000
42413  -39.567  -35.884  39.027 0.0000000000
27470  -18.766  -50.575  41.179 0.0000000000
26358  -18.171  -50.935  41.295 0.0000000000
26382  -17.746  -50.978  40.113 0.0000000000
45482  -40.985  -32.707  39.812 0.0000000000
46556  -41.489  -31.684  39.367 0.0000000000
50567  -42.733  -28.095  39.175 0.0000000000
54627  -42.514  -25.803  35.766 0.0000000000
53530  -42.277  -25.985  37.600 0.0000000000
54609  -43.215  -25.283  37.062 0.0000000000
52550  -46.529  -26.607  36.211 0.0000000000
53547  -45.695  -26.086  36.943 0.0000000000
51706  -47.545  -28.050  27.621 0.0000000000
53654  -46.876  -26.141  28.191 0.0000000000
52643  -47.260  -27.024  28.275 0.0000000000
52637  -47.459  -27.093  29.902 0.0000000000
51691  -47.738  -27.815  29.975 0.0000000000
50694  -48.048  -28.652  30.592 0.0000000000
58846  -51.471  -20.795  26.765 0.0000000000
58838  -52.159  -20.864  27.410 0.0000000000
59798  -52.040  -19.913  26.172 0.0000000000
59808  -52.868  -19.323  25.557 0.0000000000
43385  -38.417  -35.395  41.201 0.0000000000
45463  -39.113  -33.972  41.815 0.0000000000
46516  -38.519  -34.153  41.171 0.0000000000
46528  -38.348  -33.580  40.569 0.0000000000
46555  -37.644  -32.518  39.499 0.0000000000
27471  -19.428  -50.673  40.339 0.0000000000
26370  -19.861  -50.971  39.817 0.0000000000
28624  -21.862  -49.224  40.610 0.0000000000
38359  -29.041  -41.118  42.828 0.0000000000
38348  -30.256  -41.346  42.833 0.0000000000
38360  -30.103  -41.199  42.664 0.0000000000
39323  -31.746  -40.829  42.524 0.0000000000
39324  -32.769  -40.732  42.220 0.0000000000
42391  -34.483  -37.723  40.285 0.0000000000
42369  -34.152  -37.802  40.779 0.0000000000
42371  -35.567  -37.014  40.383 0.0000000000
42351  -35.662  -37.514  40.535 0.0000000000
41342  -36.591  -37.593  40.323 0.0000000000
41353  -37.232  -37.437  40.234 0.0000000000
42353  -37.164  -36.822  40.424 0.0000000000
43384  -37.910  -35.803  40.930 0.0000000000
28639  -18.739  -49.754  40.312 0.0000000000
49635  -41.015  -29.643  40.798 0.0000000000
48654  -41.543  -30.282  39.917 0.0000000000
50552  -41.402  -28.722  40.261 0.0000000000
51528  -42.407  -27.708  39.405 0.0000000000
53491  -43.212  -27.082  39.253 0.0000000000
54661  -43.515  -25.449  34.653 0.0000000000
54648  -44.474  -24.982  35.758 0.0000000000
54663  -45.197  -25.054  35.275 0.0000000000
53573  -47.205  -25.899  35.277 0.0000000000
54771  -48.914  -24.454  26.547 0.0000000000
54769  -47.301  -24.943  26.509 0.0000000000
111478  -48.588  -26.228  26.206 0.0000000000
51714  -48.296  -28.151  26.789 0.0000000000
43440  -35.885  -35.483  38.540 0.0000000000
42412  -35.471  -36.498  39.186 0.0000000000
51592  -40.647  -27.704  37.361 0.0000000000
54672  -42.422  -26.321  33.656 0.0000000000
53610  -43.332  -26.080  33.341 0.0000000000
53611  -44.155  -26.267  33.086 0.0000000000
52595  -46.204  -26.667  32.461 0.0000000000
55804  -48.595  -23.607  26.723 0.0000000000
54772  -49.743  -24.183  26.846 0.0000000000
53663  -50.605  -25.055  27.038 0.0000000000
111463  -52.227  -26.880  27.300 0.0000000000
57874  -52.482  -21.692  27.439 0.0000000000
55828  -52.752  -23.727  26.240 0.0000000000
43427  -40.254  -34.546  38.642 0.0000000000
45481  -40.601  -33.171  40.102 0.0000000000
46532  -40.802  -32.052  40.549 0.0000000000
46518  -39.275  -33.170  41.261 0.0000000000
47596  -40.115  -32.227  41.151 0.0000000000
48639  -40.453  -30.817  40.848 0.0000000000
49634  -40.203  -29.763  40.688 0.0000000000
49649  -39.739  -29.593  40.084 0.0000000000
45502  -36.804  -33.655  38.586 0.0000000000
46565  -37.193  -32.657  38.606 0.0000000000
48680  -37.598  -31.263  37.831 0.0000000000
27522  -17.211  -50.795  37.750 0.0000000000
27543  -17.910  -50.478  36.787 0.0000000000
30989  -23.318  -47.233  37.438 0.0000000000
29816  -21.503  -48.397  40.223 0.0000000000
29802  -21.753  -48.239  40.720 0.0000000000
29804  -22.280  -47.946  40.789 0.0000000000
32065  -22.991  -46.998  39.935 0.0000000000
36255  -23.058  -42.520  39.978 0.0000000000
36240  -23.284  -42.121  41.068 0.0000000000
39315  -23.646  -39.898  43.552 0.0000000000
39303  -24.747  -39.985  43.847 0.0000000000
37294  -24.972  -40.804  44.077 0.0000000000
36186  -25.945  -41.625  43.789 0.0000000000
35062  -27.060  -42.311  42.901 0.0000000000
36205  -31.216  -42.145  43.072 0.0000000000
39384  -32.002  -40.208  40.669 0.0000000000
40382  -33.268  -40.147  41.864 0.0000000000
39325  -33.789  -40.244  42.181 0.0000000000
40384  -34.688  -38.873  42.004 0.0000000000
40369  -34.645  -39.439  42.477 0.0000000000
38365  -34.896  -40.230  42.554 0.0000000000
37350  -35.186  -41.088  41.449 0.0000000000
37372  -35.712  -41.085  39.788 0.0000000000
39450  -38.067  -39.235  37.638 0.0000000000
40406  -37.988  -38.080  39.986 0.0000000000
40412  -38.599  -38.026  39.279 0.0000000000
40425  -38.844  -37.939  38.546 0.0000000000
40439  -39.260  -37.283  37.768 0.0000000000
27510  -16.762  -50.872  38.813 0.0000000000
52518  -41.789  -26.714  38.138 0.0000000000
53516  -42.914  -25.790  38.631 0.0000000000
53518  -43.650  -26.548  38.685 0.0000000000
54611  -44.651  -25.512  37.434 0.0000000000
53534  -44.717  -26.345  37.936 0.0000000000
51574  -44.276  -27.259  38.035 0.0000000000
51663  -44.945  -26.912  30.996 0.0000000000
52612  -46.939  -26.610  31.473 0.0000000000
54768  -46.741  -25.147  26.887 0.0000000000
53653  -46.313  -25.468  28.209 0.0000000000
52635  -46.298  -26.288  29.400 0.0000000000
52626  -47.388  -26.797  30.577 0.0000000000
52613  -47.868  -26.426  31.557 0.0000000000
52614  -48.621  -26.836  31.798 0.0000000000
28689  -15.877  -49.630  36.399 0.0000000000
45470  -37.470  -34.745  40.399 0.0000000000
39364  -30.683  -40.482  41.640 0.0000000000
38397  -30.504  -40.256  40.441 0.0000000000
44443  -36.473  -35.699  39.900 0.0000000000
44432  -36.539  -36.103  40.155 0.0000000000
44433  -37.133  -35.521  40.379 0.0000000000
51552  -40.320  -28.110  38.890 0.0000000000
51572  -40.727  -27.612  38.300 0.0000000000
53597  -47.042  -25.772  33.760 0.0000000000
53612  -47.671  -25.769  33.287 0.0000000000
53599  -48.308  -26.173  33.522 0.0000000000
53613  -48.074  -25.882  33.054 0.0000000000
51708  -52.352  -28.238  27.252 0.0000000000
58845  -50.952  -21.324  27.197 0.0000000000
57872  -50.787  -21.727  27.551 0.0000000000
56845  -50.953  -22.553  28.000 0.0000000000
57857  -51.134  -22.173  27.906 0.0000000000
56863  -51.657  -22.799  27.911 0.0000000000
57858  -51.774  -22.076  27.993 0.0000000000
44435  -39.450  -34.521  41.101 0.0000000000
47614  -38.528  -31.627  40.050 0.0000000000
48653  -38.971  -30.945  39.879 0.0000000000
26383  -18.627  -51.437  39.906 0.0000000000
27474  -22.198  -50.191  40.266 0.0000000000
26373  -22.242  -50.522  40.012 0.0000000000
34050  -21.010  -44.113  42.265 0.0000000000
33063  -21.432  -44.978  41.673 0.0000000000
33064  -21.997  -44.876  41.170 0.0000000000
34052  -21.598  -44.324  41.577 0.0000000000
37307  -23.378  -41.183  43.691 0.0000000000
36184  -24.029  -41.495  43.482 0.0000000000
36200  -24.664  -41.913  43.246 0.0000000000
37308  -24.586  -41.015  44.095 0.0000000000
38346  -27.985  -41.239  43.461 0.0000000000
39306  -27.373  -40.989  43.553 0.0000000000
37299  -27.828  -41.499  43.756 0.0000000000
37311  -28.076  -42.088  43.998 0.0000000000
35050  -28.957  -42.171  42.999 0.0000000000
36190  -29.338  -42.037  43.079 0.0000000000
37324  -33.478  -41.384  42.263 0.0000000000
36207  -32.894  -41.678  42.412 0.0000000000
36226  -34.132  -41.824  41.811 0.0000000000
40404  -33.464  -38.872  40.427 0.0000000000
40387  -36.079  -38.366  40.542 0.0000000000
39367  -36.093  -38.790  40.714 0.0000000000
26359  -19.059  -51.181  40.953 0.0000000000
26368  -18.417  -51.259  40.686 0.0000000000
46544  -41.147  -32.023  39.994 0.0000000000
47615  -41.314  -31.082  39.914 0.0000000000
51541  -43.188  -27.457  38.928 0.0000000000
50581  -42.952  -28.256  38.809 0.0000000000
51573  -43.701  -27.821  37.821 0.0000000000
54608  -42.631  -25.560  36.805 0.0000000000
54628  -43.073  -25.233  36.122 0.0000000000
55785  -46.722  -24.220  26.915 0.0000000000
51701  -47.346  -27.305  29.296 0.0000000000
44424  -38.239  -35.043  41.277 0.0000000000
45462  -38.586  -34.340  41.541 0.0000000000
46542  -37.776  -32.929  40.111 0.0000000000
28642  -21.363  -49.512  40.123 0.0000000000
39362  -28.951  -40.175  41.705 0.0000000000
38374  -28.578  -40.881  42.822 0.0000000000
39321  -29.964  -40.981  42.480 0.0000000000
39344  -31.301  -40.691  42.227 0.0000000000
42392  -34.951  -36.994  40.117 0.0000000000
43381  -36.119  -36.903  40.424 0.0000000000
42352  -36.377  -37.166  40.439 0.0000000000
44423  -37.703  -35.431  40.818 0.0000000000
43383  -37.353  -36.087  40.603 0.0000000000
28623  -19.080  -50.150  40.772 0.0000000000
50550  -40.346  -29.202  40.689 0.0000000000
50551  -40.688  -28.900  40.657 0.0000000000
51540  -41.420  -27.546  39.567 0.0000000000
51527  -41.850  -27.792  39.637 0.0000000000
52476  -42.047  -27.138  39.550 0.0000000000
52487  -42.483  -26.719  39.180 0.0000000000
54662  -44.352  -25.143  34.740 0.0000000000
53582  -45.141  -25.172  34.474 0.0000000000
52559  -46.959  -26.667  35.553 0.0000000000
51622  -47.863  -27.428  34.579 0.0000000000
111471  -49.372  -24.731  26.572 0.0000000000
53678  -48.879  -25.291  26.278 0.0000000000
111477  -49.401  -26.183  26.285 0.0000000000
43425  -35.865  -35.969  39.364 0.0000000000
54673  -42.749  -26.166  33.734 0.0000000000
51646  -43.184  -27.130  32.359 0.0000000000
52594  -44.793  -26.807  32.393 0.0000000000
56880  -48.496  -22.930  26.465 0.0000000000
55826  -49.122  -23.828  26.876 0.0000000000
55805  -49.500  -23.326  27.324 0.0000000000
54752  -51.089  -24.640  27.291 0.0000000000
111464  -52.781  -27.279  27.198 0.0000000000
111466  -52.757  -26.646  27.162 0.0000000000
55808  -52.373  -23.773  27.028 0.0000000000
59793  -52.816  -20.309  27.127 0.0000000000
56883  -52.915  -21.887  26.382 0.0000000000
56882  -52.646  -22.404  26.728 0.0000000000
43442  -40.332  -34.696  38.031 0.0000000000
44446  -40.159  -33.866  40.229 0.0000000000
44457  -40.381  -33.901  39.295 0.0000000000
46531  -40.465  -32.572  40.772 0.0000000000
47576  -39.638  -32.252  41.103 0.0000000000
48626  -39.906  -31.459  41.043 0.0000000000
48627  -40.210  -31.423  41.052 0.0000000000
49648  -39.337  -30.296  39.674 0.0000000000
26416  -18.193  -51.289  38.462 0.0000000000
26417  -19.149  -51.422  38.233 0.0000000000
26385  -20.380  -51.027  39.362 0.0000000000
29857  -22.649  -48.751  37.126 0.0000000000
29852  -22.919  -48.113  37.851 0.0000000000
29858  -22.756  -47.927  36.789 0.0000000000
30941  -21.236  -47.516  40.092 0.0000000000
29794  -22.224  -47.548  40.795 0.0000000000
30930  -22.423  -47.498  40.611 0.0000000000
33085  -22.557  -46.448  40.200 0.0000000000
32080  -23.119  -46.851  39.191 0.0000000000
33095  -22.731  -46.270  39.748 0.0000000000
33107  -22.857  -45.877  38.884 0.0000000000
35097  -22.351  -44.115  40.748 0.0000000000
34090  -22.551  -44.879  39.297 0.0000000000
35115  -22.655  -43.826  39.874 0.0000000000
36198  -22.606  -42.060  42.265 0.0000000000
36241  -24.354  -41.805  41.426 0.0000000000
36222  -25.337  -42.204  42.737 0.0000000000
36242  -25.244  -42.144  41.832 0.0000000000
35080  -25.956  -42.542  42.119 0.0000000000
35099  -26.512  -42.654  41.456 0.0000000000
39296  -26.009  -41.010  43.929 0.0000000000
39304  -25.538  -40.335  43.719 0.0000000000
39295  -25.584  -40.818  43.905 0.0000000000
39294  -25.014  -40.445  43.980 0.0000000000
37295  -25.348  -40.967  44.037 0.0000000000
37309  -25.514  -41.160  43.916 0.0000000000
36173  -25.945  -41.794  43.986 0.0000000000
35063  -27.997  -42.356  42.818 0.0000000000
35082  -27.753  -42.544  42.143 0.0000000000
34063  -29.737  -43.127  41.660 0.0000000000
35102  -30.417  -43.438  41.356 0.0000000000
38349  -30.735  -41.270  43.012 0.0000000000
36192  -30.756  -41.694  43.204 0.0000000000
40397  -33.475  -39.101  41.219 0.0000000000
40396  -32.873  -39.992  41.472 0.0000000000
39346  -33.315  -40.321  42.036 0.0000000000
41352  -34.317  -38.016  41.117 0.0000000000
41339  -34.886  -38.248  41.298 0.0000000000
39328  -35.603  -39.306  42.292 0.0000000000
40370  -35.259  -39.095  42.354 0.0000000000
39327  -35.317  -39.743  42.545 0.0000000000
38376  -35.245  -40.549  42.138 0.0000000000
38385  -35.452  -40.667  41.672 0.0000000000
39408  -37.258  -39.142  39.151 0.0000000000
41354  -37.789  -37.407  40.221 0.0000000000
40399  -37.443  -37.756  40.110 0.0000000000
41369  -38.730  -37.427  39.441 0.0000000000
40438  -38.851  -37.833  37.643 0.0000000000
40426  -39.145  -37.447  38.390 0.0000000000
41377  -39.468  -36.683  38.159 0.0000000000
42432  -39.737  -35.837  38.121 0.0000000000
26398  -17.434  -50.954  39.409 0.0000000000
26381  -17.413  -50.846  39.770 0.0000000000
49650  -41.772  -29.826  39.767 0.0000000000
48655  -41.846  -30.144  39.513 0.0000000000
52547  -41.196  -27.248  36.780 0.0000000000
52534  -41.269  -27.225  37.745 0.0000000000
54594  -43.205  -25.336  38.006 0.0000000000
53531  -42.634  -25.648  38.137 0.0000000000
53517  -43.518  -25.987  38.665 0.0000000000
54649  -45.168  -25.113  35.960 0.0000000000
54630  -44.550  -25.180  36.576 0.0000000000
54631  -45.250  -25.356  36.547 0.0000000000
53546  -45.014  -26.068  37.574 0.0000000000
52536  -44.891  -26.636  37.538 0.0000000000
52520  -44.562  -26.668  38.099 0.0000000000
51575  -44.704  -26.946  37.681 0.0000000000
52611  -45.714  -26.850  31.203 0.0000000000
53677  -47.786  -25.737  26.398 0.0000000000
53676  -47.115  -25.524  26.841 0.0000000000
51678  -48.437  -27.689  31.097 0.0000000000
46527  -37.828  -34.177  40.229 0.0000000000
45490  -37.149  -33.923  39.413 0.0000000000
39363  -29.837  -40.429  41.810 0.0000000000
39365  -31.746  -40.424  41.550 0.0000000000
43424  -35.567  -36.476  39.693 0.0000000000
42393  -35.593  -36.701  40.156 0.0000000000
50565  -40.531  -28.374  40.128 0.0000000000
50579  -40.494  -28.051  39.558 0.0000000000
51554  -40.989  -27.578  39.342 0.0000000000
52501  -41.250  -27.209  38.920 0.0000000000
53596  -45.808  -25.687  33.938 0.0000000000
53585  -48.110  -25.945  34.130 0.0000000000
52569  -48.263  -26.607  34.149 0.0000000000
52581  -48.648  -26.825  33.114 0.0000000000
52582  -48.838  -27.008  32.718 0.0000000000
53664  -50.881  -26.017  26.816 0.0000000000
57871  -49.822  -22.121  27.292 0.0000000000
55786  -50.995  -22.987  28.088 0.0000000000
55807  -51.554  -23.531  27.603 0.0000000000
56864  -52.136  -22.686  27.618 0.0000000000
59794  -53.330  -20.282  26.848 0.0000000000
57875  -53.139  -21.169  27.139 0.0000000000
58848  -53.606  -20.699  26.750 0.0000000000
56898  -52.655  -22.619  25.783 0.0000000000
43426  -39.924  -34.842  39.197 0.0000000000
44436  -39.953  -33.998  40.856 0.0000000000
46529  -38.767  -32.955  40.843 0.0000000000
47575  -39.109  -32.661  41.022 0.0000000000
48668  -39.063  -30.433  38.735 0.0000000000
26399  -18.060  -51.323  39.309 0.0000000000
26400  -18.875  -51.725  39.087 0.0000000000
26401  -19.814  -51.554  38.860 0.0000000000
32033  -22.188  -46.630  40.643 0.0000000000
32032  -21.939  -45.804  41.092 0.0000000000
33075  -21.958  -45.695  40.799 0.0000000000
33084  -22.259  -45.805  40.435 0.0000000000
34080  -22.528  -45.757  39.972 0.0000000000
34070  -22.194  -45.110  40.751 0.0000000000
36201  -25.591  -42.038  43.482 0.0000000000
39319  -27.204  -40.629  43.186 0.0000000000
39318  -26.315  -40.159  43.242 0.0000000000
38345  -26.870  -40.976  43.764 0.0000000000
38334  -26.403  -40.847  43.994 0.0000000000
36174  -26.555  -41.845  43.899 0.0000000000
35049  -28.154  -42.171  43.290 0.0000000000
35065  -29.676  -42.503  42.628 0.0000000000
36204  -30.111  -42.290  42.912 0.0000000000
36206  -32.339  -41.869  42.737 0.0000000000
36245  -34.606  -41.886  41.233 0.0000000000
40410  -32.971  -39.410  39.624 0.0000000000
41340  -35.483  -38.225  40.955 0.0000000000
40386  -35.737  -38.716  41.231 0.0000000000
39348  -35.938  -39.406  41.804 0.0000000000
38386  -35.773  -40.269  41.475 0.0000000000
39366  -36.039  -39.437  40.770 0.0000000000
39385  -36.239  -39.507  39.964 0.0000000000
39407  -36.682  -39.414  39.480 0.0000000000
39387  -37.458  -38.447  39.641 0.0000000000
42394  -38.518  -36.701  40.168 0.0000000000
41363  -38.683  -36.959  39.724 0.0000000000
41370  -39.105  -36.955  39.132 0.0000000000
28622  -18.289  -49.834  41.155 0.0000000000
27459  -18.033  -50.432  41.435 0.0000000000
26351  -17.815  -50.647  41.355 0.0000000000
50580  -42.591  -28.708  39.215 0.0000000000
49663  -42.684  -29.177  38.800 0.0000000000
53544  -42.152  -26.111  36.585 0.0000000000
54593  -42.753  -25.469  37.566 0.0000000000
53561  -46.266  -25.946  36.505 0.0000000000
54613  -45.820  -25.758  36.723 0.0000000000
53662  -47.220  -26.189  27.233 0.0000000000
52644  -47.279  -27.006  29.204 0.0000000000
52636  -46.961  -26.698  29.313 0.0000000000
58837  -51.347  -21.273  27.417 0.0000000000
57873  -51.615  -21.578  27.754 0.0000000000
58847  -52.305  -20.217  26.942 0.0000000000
59799  -53.077  -19.772  26.521 0.0000000000
59800  -53.989  -19.930  26.362 0.0000000000
44425  -38.763  -34.796  41.503 0.0000000000
47594  -38.369  -32.755  40.475 0.0000000000
47613  -38.094  -32.264  40.131 0.0000000000
47630  -37.962  -31.917  39.444 0.0000000000
26360  -19.466  -51.095  40.367 0.0000000000
26361  -21.754  -50.446  40.204 0.0000000000
27473  -21.786  -50.104  40.338 0.0000000000
28625  -22.154  -49.473  40.532 0.0000000000
38342  -22.952  -40.672  43.597 0.0000000000
38373  -28.189  -40.886  42.959 0.0000000000
38358  -28.308  -40.875  42.985 0.0000000000
38347  -29.234  -41.409  42.946 0.0000000000
38361  -31.080  -41.089  42.902 0.0000000000
39322  -30.778  -40.913  42.595 0.0000000000
38362  -32.166  -40.997  42.672 0.0000000000
38363  -33.149  -40.923  42.323 0.0000000000
42370  -34.865  -37.599  40.705 0.0000000000
42372  -37.563  -37.083  40.321 0.0000000000
42354  -37.570  -36.307  40.661 0.0000000000
43396  -38.366  -35.913  40.884 0.0000000000
48640  -41.191  -30.448  40.459 0.0000000000
49636  -41.646  -29.473  40.082 0.0000000000
50553  -42.008  -28.486  39.733 0.0000000000
50554  -42.474  -28.087  39.388 0.0000000000
51529  -43.098  -27.722  38.988 0.0000000000
54647  -43.680  -25.135  35.480 0.0000000000
54650  -45.803  -25.253  35.933 0.0000000000
53583  -46.249  -25.366  34.970 0.0000000000
54664  -45.611  -25.177  35.568 0.0000000000
53572  -46.456  -25.528  35.914 0.0000000000
53562  -46.755  -26.072  35.945 0.0000000000
55825  -48.276  -24.172  26.526 0.0000000000
55824  -47.708  -24.501  26.409 0.0000000000
54770  -48.117  -24.805  26.299 0.0000000000
111470  -48.843  -26.721  26.171 0.0000000000
51707  -47.947  -28.522  27.211 0.0000000000
44454  -36.436  -35.235  39.310 0.0000000000
41368  -34.191  -38.130  39.567 0.0000000000
42410  -34.718  -37.555  39.610 0.0000000000
42411  -35.194  -36.932  39.530 0.0000000000
51591  -40.120  -28.342  36.939 0.0000000000
51608  -40.561  -27.780  36.349 0.0000000000
52557  -41.055  -27.228  35.769 0.0000000000
53571  -42.108  -26.268  35.048 0.0000000000
54645  -42.623  -26.083  34.773 0.0000000000
54660  -42.970  -25.886  34.371 0.0000000000
54674  -43.385  -25.718  33.909 0.0000000000
53595  -44.390  -25.593  33.766 0.0000000000
52579  -45.405  -26.283  33.255 0.0000000000
56860  -48.086  -23.619  26.473 0.0000000000
54751  -50.411  -24.478  27.069 0.0000000000
111458  -52.332  -27.786  27.270 0.0000000000
57859  -52.117  -22.217  27.919 0.0000000000
57890  -52.768  -21.848  26.993 0.0000000000
45491  -40.855  -33.145  39.430 0.0000000000
46543  -40.828  -32.516  40.262 0.0000000000
45472  -39.649  -33.630  41.266 0.0000000000
46530  -39.883  -32.852  41.152 0.0000000000
47597  -40.481  -31.738  40.981 0.0000000000
50601  -39.763  -28.949  37.519 0.0000000000
44455  -36.816  -34.536  39.414 0.0000000000
45513  -36.656  -33.084  38.174 0.0000000000
46554  -37.332  -33.197  39.414 0.0000000000
46566  -37.671  -32.221  38.986 0.0000000000
47646  -37.642  -31.682  38.393 0.0000000000
47647  -38.282  -31.146  38.736 0.0000000000
27542  -16.940  -50.355  36.605 0.0000000000
27561  -17.494  -50.060  36.055 0.0000000000
29817  -22.260  -48.954  40.582 0.0000000000
30958  -23.143  -47.680  39.496 0.0000000000
32049  -22.627  -46.964  40.382 0.0000000000
30974  -23.256  -47.489  38.573 0.0000000000
36239  -22.490  -42.952  40.880 0.0000000000
36257  -25.475  -42.144  40.756 0.0000000000
39301  -23.366  -40.148  43.927 0.0000000000
39317  -25.272  -39.750  43.204 0.0000000000
40359  -24.327  -39.878  43.828 0.0000000000
38331  -24.633  -40.485  44.122 0.0000000000
36187  -26.579  -42.082  43.777 0.0000000000
36202  -26.418  -42.084  43.519 0.0000000000
35081  -26.806  -42.557  42.194 0.0000000000
37313  -29.667  -41.669  42.986 0.0000000000
35066  -30.661  -42.654  42.636 0.0000000000
36223  -31.524  -42.526  42.671 0.0000000000
35086  -31.478  -42.867  42.166 0.0000000000
38364  -34.278  -40.674  42.265 0.0000000000
41338  -34.141  -38.621  41.505 0.0000000000
40385  -35.342  -38.665  41.715 0.0000000000
40368  -34.254  -39.762  42.345 0.0000000000
39326  -34.556  -39.972  42.535 0.0000000000
38375  -34.605  -41.108  42.104 0.0000000000
37337  -34.739  -41.326  41.815 0.0000000000
37364  -35.511  -40.801  40.877 0.0000000000
41384  -39.139  -37.309  37.367 0.0000000000
27521  -16.326  -50.227  37.086 0.0000000000
47616  -41.612  -30.659  39.602 0.0000000000
52517  -41.264  -27.205  38.569 0.0000000000
52502  -41.564  -26.976  39.004 0.0000000000
53515  -42.254  -26.192  38.480 0.0000000000
53499  -42.098  -26.229  38.934 0.0000000000
53500  -42.879  -26.346  38.982 0.0000000000
53501  -43.187  -26.695  38.962 0.0000000000
52503  -43.593  -26.888  38.739 0.0000000000
54629  -43.807  -25.074  36.407 0.0000000000
54610  -43.889  -25.246  37.324 0.0000000000
53545  -44.630  -25.792  37.907 0.0000000000
54596  -44.416  -25.657  38.065 0.0000000000
53533  -44.325  -26.076  38.379 0.0000000000
52519  -44.053  -26.759  38.527 0.0000000000
51556  -43.670  -27.151  38.650 0.0000000000
51662  -44.335  -27.197  31.428 0.0000000000
52610  -44.940  -26.901  31.508 0.0000000000
54750  -46.776  -24.696  26.791 0.0000000000
55802  -46.638  -24.443  27.009 0.0000000000
54749  -46.426  -24.863  27.385 0.0000000000
53661  -46.756  -25.549  27.432 0.0000000000
54736  -46.102  -24.572  28.253 0.0000000000
52634  -45.634  -26.096  29.132 0.0000000000
52624  -45.778  -26.512  30.038 0.0000000000
52625  -46.575  -26.604  30.327 0.0000000000
52597  -47.934  -26.217  32.361 0.0000000000
52615  -48.751  -26.891  32.198 0.0000000000
51664  -48.694  -27.604  32.053 0.0000000000
50662  -48.398  -28.540  32.487 0.0000000000
26362  -22.009  -50.476  40.270 0.0000000000
26387  -22.116  -50.521  39.687 0.0000000000
26388  -22.308  -50.370  39.854 0.0000000000
27488  -22.241  -50.423  40.096 0.0000000000
28643  -22.325  -49.247  40.432 0.0000000000
28690  -16.612  -49.927  36.274 0.0000000000
29801  -21.555  -47.864  40.542 0.0000000000
29815  -21.420  -48.182  40.179 0.0000000000
35051  -29.328  -42.273  42.851 0.0000000000
35067  -31.230  -42.591  42.699 0.0000000000
36191  -30.272  -41.872  43.097 0.0000000000
37296  -26.049  -41.219  43.860 0.0000000000
37297  -26.710  -41.325  43.820 0.0000000000
37298  -27.132  -41.637  44.067 0.0000000000
37310  -25.978  -41.367  43.823 0.0000000000
37314  -30.479  -41.494  43.048 0.0000000000
37315  -31.022  -41.440  43.187 0.0000000000
37335  -33.935  -41.650  42.088 0.0000000000
37336  -34.394  -41.520  41.982 0.0000000000
37351  -35.486  -40.710  41.418 0.0000000000
38332  -25.200  -40.761  43.998 0.0000000000
38336  -27.538  -41.443  43.801 0.0000000000
38344  -26.640  -40.810  44.007 0.0000000000
38377  -35.773  -40.083  42.060 0.0000000000
38410  -30.268  -40.241  40.255 0.0000000000
39293  -24.625  -40.245  44.048 0.0000000000
39302  -24.128  -39.980  44.074 0.0000000000
39320  -27.844  -40.899  43.171 0.0000000000
40360  -24.459  -39.800  43.645 0.0000000000
40365  -24.160  -39.760  43.627 0.0000000000
47577  -40.054  -31.787  41.155 0.0000000000
49637  -42.057  -28.998  39.761 0.0000000000
49661  -39.250  -30.350  39.182 0.0000000000
50566  -42.347  -28.626  39.506 0.0000000000
50748  -48.431  -28.873  27.115 0.0000000000
51539  -40.919  -27.826  39.704 0.0000000000
51542  -43.410  -27.169  38.825 0.0000000000
51636  -48.726  -27.123  32.790 0.0000000000
51649  -48.759  -27.192  32.488 0.0000000000
51665  -48.796  -27.105  32.159 0.0000000000
52477  -42.365  -27.190  39.334 0.0000000000
52478  -42.783  -27.195  39.224 0.0000000000
52488  -43.089  -27.144  39.113 0.0000000000
52489  -43.292  -27.021  38.968 0.0000000000
52578  -44.680  -26.257  33.159 0.0000000000
52599  -48.785  -26.944  32.491 0.0000000000
53490  -42.802  -26.803  39.179 0.0000000000
53502  -43.386  -26.818  38.850 0.0000000000
53532  -43.912  -25.814  38.508 0.0000000000
53594  -43.659  -25.759  33.677 0.0000000000
53614  -48.367  -26.322  32.941 0.0000000000
53642  -46.066  -25.740  28.916 0.0000000000
54577  -43.331  -25.570  38.409 0.0000000000
54578  -43.391  -25.710  38.544 0.0000000000
54675  -43.875  -25.423  34.254 0.0000000000
54684  -42.883  -26.185  33.523 0.0000000000
54685  -43.056  -26.030  33.663 0.0000000000
55827  -49.706  -23.674  27.181 0.0000000000
56846  -51.389  -22.547  28.026 0.0000000000
111456  -52.707  -27.791  27.233 0.0000000000
111459  -52.659  -27.564  27.247 0.0000000000
111476  -48.935  -26.374  26.171 0.0000000000
