#!ascii label  , from subject demencia vox2ras=TkReg
870
41457  -31.691  -37.156  30.969 0.0000000000
40555  -17.412  -38.650  29.078 0.0000000000
43592  -23.167  -36.664  30.374 0.0000000000
65747  -42.190  -13.918  20.053 0.0000000000
65762  -48.857  -13.243  15.808 0.0000000000
38454  -10.726  -40.025  34.060 0.0000000000
62992  -39.009  -16.484  21.427 0.0000000000
45617  -33.082  -33.538  29.109 0.0000000000
41470  -26.955  -37.603  30.002 0.0000000000
39540  -14.004  -39.867  31.160 0.0000000000
34154  -14.848  -45.361  33.597 0.0000000000
44621  -27.230  -35.202  28.282 0.0000000000
45638  -29.229  -33.662  26.448 0.0000000000
43590  -20.564  -36.157  29.245 0.0000000000
44581  -24.961  -34.169  30.121 0.0000000000
55890  -34.803  -24.058  21.363 0.0000000000
57937  -37.740  -22.007  20.730 0.0000000000
58927  -41.597  -20.204  19.288 0.0000000000
34133  -6.308  -44.655  35.610 0.0000000000
30977  -2.887  -46.669  37.638 0.0000000000
48869  -29.000  -30.917  25.833 0.0000000000
50798  -29.163  -28.127  24.453 0.0000000000
51774  -31.663  -26.938  21.515 0.0000000000
34137  -10.429  -45.121  34.801 0.0000000000
37485  -18.260  -42.374  30.106 0.0000000000
38490  -19.596  -40.506  30.968 0.0000000000
41472  -29.491  -37.677  30.244 0.0000000000
40496  -15.671  -36.768  31.430 0.0000000000
39552  -15.529  -39.463  29.890 0.0000000000
35269  -16.111  -43.263  30.268 0.0000000000
44560  -27.059  -34.206  30.795 0.0000000000
43614  -26.271  -35.287  28.997 0.0000000000
57923  -33.803  -21.387  21.230 0.0000000000
56924  -36.443  -22.652  21.526 0.0000000000
59843  -35.671  -19.538  20.699 0.0000000000
60981  -39.467  -18.443  19.437 0.0000000000
62047  -41.421  -16.850  18.660 0.0000000000
59872  -43.691  -19.454  19.094 0.0000000000
63021  -43.541  -16.314  17.935 0.0000000000
63983  -44.878  -15.412  17.431 0.0000000000
48827  -27.102  -31.048  28.936 0.0000000000
46763  -28.921  -32.275  26.170 0.0000000000
49815  -26.213  -29.251  29.005 0.0000000000
52666  -27.606  -26.184  25.169 0.0000000000
52668  -29.152  -25.526  24.541 0.0000000000
50835  -30.577  -28.094  22.970 0.0000000000
53721  -30.322  -25.397  23.230 0.0000000000
54832  -31.179  -24.071  22.524 0.0000000000
44579  -21.796  -35.727  29.976 0.0000000000
36339  -8.381  -42.385  34.352 0.0000000000
36341  -10.192  -42.189  33.422 0.0000000000
28648  -3.830  -49.688  39.545 0.0000000000
28630  -2.311  -50.225  40.512 0.0000000000
61998  -36.873  -17.397  21.932 0.0000000000
47789  -33.225  -31.634  29.567 0.0000000000
41468  -24.954  -37.759  30.282 0.0000000000
38465  -12.444  -40.037  32.477 0.0000000000
36358  -12.326  -42.690  32.408 0.0000000000
36374  -13.814  -43.031  31.618 0.0000000000
65769  -49.832  -13.256  14.971 0.0000000000
42595  -29.340  -36.363  28.227 0.0000000000
43633  -31.039  -35.176  28.020 0.0000000000
44637  -27.906  -34.466  27.116 0.0000000000
42547  -16.706  -36.311  30.942 0.0000000000
42572  -19.163  -36.718  28.845 0.0000000000
45595  -18.334  -34.089  30.283 0.0000000000
46689  -20.168  -32.982  29.185 0.0000000000
46691  -22.227  -32.873  29.106 0.0000000000
46653  -23.886  -31.938  31.391 0.0000000000
45614  -23.777  -33.897  29.232 0.0000000000
42576  -25.113  -36.495  29.042 0.0000000000
42578  -27.151  -36.776  28.675 0.0000000000
51756  -35.998  -27.601  22.068 0.0000000000
60967  -37.263  -18.793  20.168 0.0000000000
57968  -39.307  -21.188  19.459 0.0000000000
63031  -46.253  -16.323  16.400 0.0000000000
32119  -5.024  -46.268  36.725 0.0000000000
29836  -5.801  -48.782  38.637 0.0000000000
45627  -31.914  -33.847  27.627 0.0000000000
47822  -31.345  -31.748  26.442 0.0000000000
48857  -30.833  -30.632  26.259 0.0000000000
51710  -26.126  -27.303  26.697 0.0000000000
50757  -29.009  -29.412  25.435 0.0000000000
50733  -31.368  -29.741  26.480 0.0000000000
50761  -32.474  -29.434  26.178 0.0000000000
49854  -33.601  -29.521  24.552 0.0000000000
50839  -34.585  -28.567  22.351 0.0000000000
53750  -32.740  -25.365  21.393 0.0000000000
56920  -32.406  -22.505  21.390 0.0000000000
40514  -20.680  -38.974  31.915 0.0000000000
36308  -7.059  -42.833  36.186 0.0000000000
34135  -8.302  -44.794  34.804 0.0000000000
34152  -12.769  -45.046  33.635 0.0000000000
27477  -0.986  -50.498  40.041 0.0000000000
38521  -17.568  -40.622  29.053 0.0000000000
38505  -19.006  -40.975  30.423 0.0000000000
39568  -18.892  -39.626  29.248 0.0000000000
41456  -30.431  -37.847  31.177 0.0000000000
40529  -15.961  -37.432  30.479 0.0000000000
40528  -15.717  -37.998  30.649 0.0000000000
39566  -16.686  -39.482  29.195 0.0000000000
37505  -17.123  -41.453  29.262 0.0000000000
59834  -34.107  -19.334  21.635 0.0000000000
58890  -34.557  -20.360  21.109 0.0000000000
60954  -34.766  -18.661  21.706 0.0000000000
64832  -41.287  -14.590  20.205 0.0000000000
63009  -40.410  -16.306  19.441 0.0000000000
63978  -41.523  -15.511  18.839 0.0000000000
63020  -42.627  -16.285  18.304 0.0000000000
63979  -42.291  -15.350  18.588 0.0000000000
63980  -43.270  -15.381  18.227 0.0000000000
49807  -26.789  -30.008  29.571 0.0000000000
53670  -28.946  -24.320  25.640 0.0000000000
53705  -29.959  -25.213  24.126 0.0000000000
54803  -30.483  -24.371  24.807 0.0000000000
54804  -30.947  -23.793  24.628 0.0000000000
44580  -22.185  -36.004  30.382 0.0000000000
44557  -22.154  -36.621  31.189 0.0000000000
42561  -22.994  -36.878  30.948 0.0000000000
37418  -9.861  -41.082  34.511 0.0000000000
37432  -10.682  -41.231  33.421 0.0000000000
64847  -48.254  -14.182  15.851 0.0000000000
28631  -3.434  -49.920  40.532 0.0000000000
44564  -33.876  -34.439  31.373 0.0000000000
46694  -33.240  -32.507  29.305 0.0000000000
41469  -25.821  -37.624  30.157 0.0000000000
40535  -26.974  -38.616  31.693 0.0000000000
39530  -14.823  -38.558  31.715 0.0000000000
39517  -13.572  -38.930  32.737 0.0000000000
40494  -13.248  -38.723  33.273 0.0000000000
38475  -13.269  -40.291  31.668 0.0000000000
37464  -12.881  -41.088  31.725 0.0000000000
37466  -14.115  -41.276  30.830 0.0000000000
35257  -17.285  -43.968  30.999 0.0000000000
34182  -16.577  -44.251  31.271 0.0000000000
42594  -28.406  -36.442  28.133 0.0000000000
43631  -28.776  -35.945  27.558 0.0000000000
43643  -27.981  -35.423  26.986 0.0000000000
44532  -17.197  -34.518  31.919 0.0000000000
44554  -17.769  -34.546  30.738 0.0000000000
45569  -18.023  -33.535  32.006 0.0000000000
47764  -19.288  -31.943  30.705 0.0000000000
47766  -20.924  -31.199  30.367 0.0000000000
46690  -21.178  -32.906  29.216 0.0000000000
47767  -22.117  -31.099  30.370 0.0000000000
45583  -24.870  -33.178  31.575 0.0000000000
45598  -24.803  -33.432  30.482 0.0000000000
45597  -24.245  -33.048  29.783 0.0000000000
44604  -24.434  -34.657  29.324 0.0000000000
43612  -24.180  -35.750  29.039 0.0000000000
44605  -25.184  -34.681  29.737 0.0000000000
43615  -26.650  -35.142  28.789 0.0000000000
42592  -26.745  -36.134  28.406 0.0000000000
42593  -27.444  -36.380  28.191 0.0000000000
42579  -28.098  -36.933  28.684 0.0000000000
52739  -35.327  -26.120  21.574 0.0000000000
52721  -36.498  -26.797  21.930 0.0000000000
54854  -36.118  -25.203  21.556 0.0000000000
56938  -37.435  -22.625  21.304 0.0000000000
55891  -37.577  -23.408  21.625 0.0000000000
61999  -37.810  -16.972  22.159 0.0000000000
62008  -36.559  -17.951  20.932 0.0000000000
62022  -38.045  -17.363  20.146 0.0000000000
59869  -41.044  -19.336  19.320 0.0000000000
58925  -39.629  -20.305  19.379 0.0000000000
57970  -41.235  -21.099  19.377 0.0000000000
57952  -40.812  -21.877  19.837 0.0000000000
63984  -45.572  -15.295  17.043 0.0000000000
64843  -46.177  -14.335  17.057 0.0000000000
64844  -46.858  -14.222  16.633 0.0000000000
35182  -5.433  -44.231  36.677 0.0000000000
34123  -4.983  -44.768  36.859 0.0000000000
33146  -5.306  -45.559  36.379 0.0000000000
30965  -6.266  -48.139  38.084 0.0000000000
29808  -5.885  -49.275  39.850 0.0000000000
44639  -29.926  -34.185  27.017 0.0000000000
44624  -31.363  -34.415  27.663 0.0000000000
45639  -30.268  -33.524  26.637 0.0000000000
47841  -27.705  -31.116  26.521 0.0000000000
46764  -29.805  -32.225  26.094 0.0000000000
47844  -30.375  -31.713  26.133 0.0000000000
48858  -31.565  -30.934  26.877 0.0000000000
48870  -30.074  -31.028  26.087 0.0000000000
52647  -26.253  -26.350  27.439 0.0000000000
51727  -28.168  -27.389  24.540 0.0000000000
50779  -27.282  -28.201  25.167 0.0000000000
50780  -28.368  -28.371  24.892 0.0000000000
50758  -30.028  -29.599  25.559 0.0000000000
50759  -30.823  -29.632  25.725 0.0000000000
50760  -31.599  -29.519  25.971 0.0000000000
50783  -31.142  -29.433  25.121 0.0000000000
51751  -30.635  -27.264  22.056 0.0000000000
50820  -32.041  -28.856  23.401 0.0000000000
50837  -32.488  -28.519  22.463 0.0000000000
50822  -34.163  -29.200  23.100 0.0000000000
51753  -33.043  -27.996  21.773 0.0000000000
51776  -33.647  -27.290  21.542 0.0000000000
52736  -32.341  -26.311  21.490 0.0000000000
56902  -30.958  -22.312  23.971 0.0000000000
55871  -31.699  -23.305  21.854 0.0000000000
57913  -31.390  -21.117  23.127 0.0000000000
43609  -19.852  -36.216  29.119 0.0000000000
41465  -20.448  -37.961  29.725 0.0000000000
42548  -20.810  -37.180  30.184 0.0000000000
35212  -9.026  -43.282  34.034 0.0000000000
35211  -8.154  -43.254  34.408 0.0000000000
34136  -9.392  -44.934  34.853 0.0000000000
34158  -12.990  -44.579  32.717 0.0000000000
35216  -12.385  -44.282  32.856 0.0000000000
35258  -18.299  -43.887  31.216 0.0000000000
37451  -19.137  -42.218  32.127 0.0000000000
37452  -19.280  -41.644  32.501 0.0000000000
38477  -19.562  -40.831  32.219 0.0000000000
41471  -28.263  -37.780  30.218 0.0000000000
40536  -28.003  -38.661  31.889 0.0000000000
39502  -15.344  -37.452  32.488 0.0000000000
39531  -15.330  -38.079  31.528 0.0000000000
39551  -14.640  -39.936  30.459 0.0000000000
37482  -14.846  -41.391  30.237 0.0000000000
37483  -15.614  -41.488  29.740 0.0000000000
36408  -17.623  -42.940  29.989 0.0000000000
44608  -27.079  -34.163  29.271 0.0000000000
45616  -27.416  -33.718  29.288 0.0000000000
44559  -25.688  -34.271  31.537 0.0000000000
43593  -25.734  -34.810  29.878 0.0000000000
43594  -26.280  -34.689  30.207 0.0000000000
56922  -34.517  -22.632  21.024 0.0000000000
54834  -35.733  -24.044  21.456 0.0000000000
57924  -34.816  -21.899  21.091 0.0000000000
57935  -36.142  -21.581  21.148 0.0000000000
58892  -36.453  -20.840  20.795 0.0000000000
63007  -38.692  -16.958  19.941 0.0000000000
63008  -39.372  -16.696  19.975 0.0000000000
60982  -40.485  -18.400  19.245 0.0000000000
60983  -41.489  -18.429  18.968 0.0000000000
58928  -42.491  -20.120  19.292 0.0000000000
60997  -42.027  -18.019  18.729 0.0000000000
62049  -43.061  -17.179  18.262 0.0000000000
62050  -43.935  -17.256  17.830 0.0000000000
63981  -44.113  -15.429  17.784 0.0000000000
64838  -44.034  -14.379  18.128 0.0000000000
33148  -7.373  -46.099  35.784 0.0000000000
32121  -6.836  -46.676  36.285 0.0000000000
32104  -8.556  -47.536  37.343 0.0000000000
47805  -27.730  -32.391  27.944 0.0000000000
46735  -28.385  -32.807  26.796 0.0000000000
47804  -27.390  -31.677  27.905 0.0000000000
48841  -27.071  -30.839  27.735 0.0000000000
49826  -26.769  -29.993  27.336 0.0000000000
53667  -26.652  -25.445  27.199 0.0000000000
53686  -27.662  -25.173  25.706 0.0000000000
52682  -28.353  -26.579  24.455 0.0000000000
51728  -28.805  -27.291  24.234 0.0000000000
50817  -29.626  -28.192  24.128 0.0000000000
52700  -29.631  -26.926  23.476 0.0000000000
52701  -29.989  -26.452  23.084 0.0000000000
52717  -30.601  -26.062  22.413 0.0000000000
52718  -31.190  -25.806  22.103 0.0000000000
54831  -30.708  -24.596  23.145 0.0000000000
44578  -21.191  -35.632  29.443 0.0000000000
43567  -21.246  -36.652  30.313 0.0000000000
44555  -21.638  -36.335  30.456 0.0000000000
36340  -9.305  -42.251  33.899 0.0000000000
35213  -10.125  -43.363  33.709 0.0000000000
29834  -3.430  -48.455  38.210 0.0000000000
30962  -2.522  -47.279  38.100 0.0000000000
29833  -2.430  -48.582  38.694 0.0000000000
29821  -1.961  -48.976  39.212 0.0000000000
28629  -1.281  -49.693  39.875 0.0000000000
48829  -33.010  -30.976  29.828 0.0000000000
42574  -23.652  -37.046  30.153 0.0000000000
41449  -23.597  -37.854  31.485 0.0000000000
39497  -11.738  -39.019  34.146 0.0000000000
38455  -11.387  -39.787  33.457 0.0000000000
37433  -11.552  -41.433  32.716 0.0000000000
37448  -11.990  -40.979  32.438 0.0000000000
35241  -13.019  -43.175  32.180 0.0000000000
35232  -14.175  -44.493  32.556 0.0000000000
36390  -14.868  -43.007  30.652 0.0000000000
35244  -15.517  -44.238  31.764 0.0000000000
33189  -15.342  -45.315  33.119 0.0000000000
65768  -49.321  -13.241  15.427 0.0000000000
42563  -30.839  -36.744  29.332 0.0000000000
42564  -31.433  -36.570  29.557 0.0000000000
43616  -30.673  -36.221  28.589 0.0000000000
43644  -29.100  -35.351  26.854 0.0000000000
45637  -28.255  -33.718  26.886 0.0000000000
45626  -27.745  -33.718  28.147 0.0000000000
46693  -27.774  -33.075  29.505 0.0000000000
46714  -27.947  -33.015  28.069 0.0000000000
47769  -27.539  -31.682  29.797 0.0000000000
42570  -17.171  -37.132  29.116 0.0000000000
41480  -17.885  -37.849  28.753 0.0000000000
42559  -17.794  -36.210  29.626 0.0000000000
43588  -18.305  -35.810  29.655 0.0000000000
43589  -19.390  -35.624  29.405 0.0000000000
46652  -18.693  -32.347  31.075 0.0000000000
45582  -18.690  -32.924  30.347 0.0000000000
44599  -20.189  -34.405  29.435 0.0000000000
45611  -20.852  -33.842  29.322 0.0000000000
45612  -21.778  -33.940  29.214 0.0000000000
44602  -22.332  -35.197  29.537 0.0000000000
47768  -23.126  -31.448  30.808 0.0000000000
46668  -22.766  -31.891  29.700 0.0000000000
45613  -22.781  -33.990  28.922 0.0000000000
43611  -23.187  -36.116  29.695 0.0000000000
42575  -24.175  -36.764  29.387 0.0000000000
41485  -25.028  -37.333  29.510 0.0000000000
41486  -25.975  -37.166  29.333 0.0000000000
42577  -26.214  -36.306  28.855 0.0000000000
41487  -26.775  -37.158  29.106 0.0000000000
41488  -27.670  -37.355  29.285 0.0000000000
41489  -28.732  -37.357  29.406 0.0000000000
41490  -29.666  -37.198  29.423 0.0000000000
42538  -16.183  -36.218  31.494 0.0000000000
54836  -37.531  -24.877  22.044 0.0000000000
60955  -35.517  -18.563  21.162 0.0000000000
59851  -36.345  -19.572  20.512 0.0000000000
58907  -37.662  -20.538  20.082 0.0000000000
60980  -38.429  -18.478  19.589 0.0000000000
58924  -38.547  -20.419  19.502 0.0000000000
57950  -39.005  -21.907  19.730 0.0000000000
56955  -40.321  -22.354  20.512 0.0000000000
63036  -46.940  -16.312  16.070 0.0000000000
64846  -47.540  -14.186  16.259 0.0000000000
65761  -48.222  -13.251  16.269 0.0000000000
33128  -4.400  -45.333  37.462 0.0000000000
30992  -3.949  -46.720  37.278 0.0000000000
32102  -6.344  -47.143  36.888 0.0000000000
30979  -4.741  -47.219  37.283 0.0000000000
29846  -4.423  -47.853  37.652 0.0000000000
28664  -5.128  -49.245  38.867 0.0000000000
43618  -31.973  -35.344  29.107 0.0000000000
44610  -32.567  -34.600  28.911 0.0000000000
45628  -32.568  -33.606  28.081 0.0000000000
46736  -29.557  -32.885  26.247 0.0000000000
45641  -32.089  -33.282  27.358 0.0000000000
46715  -32.892  -32.671  28.413 0.0000000000
47824  -32.705  -32.008  27.910 0.0000000000
48843  -32.568  -30.874  28.380 0.0000000000
49818  -32.364  -30.292  28.502 0.0000000000
50732  -25.908  -28.368  27.244 0.0000000000
49838  -27.246  -29.767  26.316 0.0000000000
51716  -26.580  -27.277  25.768 0.0000000000
50755  -26.588  -28.444  26.028 0.0000000000
49839  -28.470  -30.039  25.792 0.0000000000
49840  -30.045  -30.262  25.909 0.0000000000
49828  -31.321  -30.202  26.730 0.0000000000
50801  -31.598  -29.157  24.337 0.0000000000
50784  -32.109  -29.479  25.217 0.0000000000
50840  -35.598  -28.437  22.416 0.0000000000
52738  -34.540  -26.633  21.568 0.0000000000
54851  -33.558  -24.514  21.146 0.0000000000
53736  -32.303  -24.793  21.557 0.0000000000
55887  -32.460  -23.532  21.359 0.0000000000
56935  -33.342  -22.921  20.873 0.0000000000
57922  -32.719  -21.349  21.561 0.0000000000
59832  -32.702  -20.040  22.512 0.0000000000
40557  -19.372  -39.023  29.064 0.0000000000
40530  -20.356  -39.135  30.614 0.0000000000
41438  -20.996  -38.139  32.192 0.0000000000
35196  -6.396  -43.911  35.468 0.0000000000
36323  -7.333  -42.649  35.199 0.0000000000
34146  -7.221  -43.730  34.763 0.0000000000
33163  -7.845  -45.512  35.214 0.0000000000
33164  -9.000  -45.671  35.338 0.0000000000
36356  -11.028  -42.277  33.004 0.0000000000
35214  -11.143  -43.824  33.603 0.0000000000
34151  -11.705  -44.811  34.033 0.0000000000
27449  -2.185  -51.016  41.739 0.0000000000
27478  -1.665  -50.604  40.598 0.0000000000
28628  -0.499  -49.326  39.809 0.0000000000
42551  -31.834  -36.676  30.253 0.0000000000
39567  -17.989  -39.643  29.029 0.0000000000
38522  -18.654  -40.571  29.537 0.0000000000
41473  -30.690  -37.180  29.935 0.0000000000
41479  -16.990  -37.842  29.161 0.0000000000
40544  -16.346  -38.202  29.669 0.0000000000
60946  -34.379  -18.398  22.725 0.0000000000
64830  -41.783  -14.113  20.489 0.0000000000
63975  -41.080  -15.237  19.538 0.0000000000
63976  -41.753  -14.968  19.005 0.0000000000
64836  -42.275  -14.641  18.934 0.0000000000
65751  -42.939  -13.863  19.001 0.0000000000
53689  -29.932  -24.810  24.846 0.0000000000
43610  -22.525  -35.929  30.044 0.0000000000
43591  -22.661  -36.499  30.641 0.0000000000
38445  -10.212  -39.925  35.245 0.0000000000
64854  -48.562  -14.467  15.431 0.0000000000
64848  -48.814  -13.866  15.518 0.0000000000
45601  -33.868  -33.863  30.718 0.0000000000
46673  -33.986  -32.907  30.789 0.0000000000
45600  -33.635  -33.272  29.966 0.0000000000
41453  -26.486  -38.074  30.907 0.0000000000
39529  -14.156  -39.115  31.880 0.0000000000
39518  -14.339  -38.546  32.649 0.0000000000
39528  -13.314  -39.674  32.010 0.0000000000
39539  -13.539  -40.074  31.519 0.0000000000
38487  -13.614  -40.583  31.281 0.0000000000
38488  -14.082  -40.476  30.875 0.0000000000
43630  -27.560  -35.812  27.688 0.0000000000
44622  -27.463  -34.639  28.172 0.0000000000
48789  -21.058  -30.243  31.768 0.0000000000
47744  -20.331  -30.945  31.513 0.0000000000
47745  -21.468  -30.554  31.123 0.0000000000
44558  -25.221  -33.899  31.095 0.0000000000
45615  -24.462  -33.839  29.720 0.0000000000
43629  -26.925  -35.557  28.439 0.0000000000
54852  -34.490  -24.613  21.268 0.0000000000
53753  -35.665  -25.522  21.532 0.0000000000
54853  -35.406  -24.613  21.453 0.0000000000
56939  -38.568  -22.728  20.738 0.0000000000
62010  -38.252  -16.773  21.278 0.0000000000
62009  -37.400  -17.298  21.106 0.0000000000
58926  -40.630  -20.250  19.386 0.0000000000
65757  -46.112  -13.403  17.544 0.0000000000
34124  -5.593  -44.757  36.151 0.0000000000
33147  -6.287  -45.632  35.964 0.0000000000
48868  -27.900  -30.729  26.112 0.0000000000
47843  -29.405  -31.637  25.987 0.0000000000
50797  -28.618  -27.807  24.511 0.0000000000
50781  -29.429  -28.946  24.984 0.0000000000
50782  -30.284  -29.280  25.042 0.0000000000
50799  -29.849  -28.681  24.463 0.0000000000
50836  -31.333  -28.439  22.528 0.0000000000
51752  -31.899  -27.872  21.721 0.0000000000
51775  -32.641  -27.170  21.440 0.0000000000
42560  -20.336  -36.871  29.256 0.0000000000
34149  -9.750  -44.223  34.303 0.0000000000
34159  -13.722  -44.867  32.973 0.0000000000
34153  -14.092  -45.403  33.887 0.0000000000
32098  -2.983  -46.022  37.543 0.0000000000
32083  -2.984  -46.174  38.304 0.0000000000
44563  -33.540  -34.798  30.901 0.0000000000
36409  -18.453  -42.788  30.447 0.0000000000
36393  -18.948  -42.998  31.311 0.0000000000
38489  -19.140  -41.286  31.292 0.0000000000
41455  -29.050  -38.376  31.425 0.0000000000
41427  -15.680  -36.689  32.581 0.0000000000
40495  -15.493  -37.101  31.932 0.0000000000
40543  -15.723  -38.512  30.047 0.0000000000
39542  -15.343  -38.590  30.812 0.0000000000
39541  -14.746  -39.204  30.967 0.0000000000
38503  -15.139  -40.560  30.003 0.0000000000
38504  -15.903  -40.593  29.555 0.0000000000
37506  -18.071  -41.743  29.615 0.0000000000
36425  -17.222  -42.185  29.490 0.0000000000
36392  -18.196  -43.411  30.700 0.0000000000
44584  -26.710  -34.292  29.941 0.0000000000
44585  -27.237  -33.899  30.207 0.0000000000
43569  -25.921  -34.908  30.998 0.0000000000
43595  -26.740  -34.529  30.801 0.0000000000
58891  -35.544  -20.495  20.874 0.0000000000
57934  -35.155  -21.287  21.100 0.0000000000
58905  -36.135  -20.165  20.624 0.0000000000
63000  -39.908  -15.949  20.667 0.0000000000
63018  -41.064  -16.538  18.800 0.0000000000
62035  -40.989  -17.384  18.832 0.0000000000
62036  -41.618  -17.767  18.765 0.0000000000
65752  -43.689  -13.463  18.927 0.0000000000
47787  -27.547  -31.875  28.760 0.0000000000
49816  -26.695  -30.064  28.417 0.0000000000
48856  -27.334  -30.651  26.825 0.0000000000
53688  -29.332  -24.902  25.140 0.0000000000
53687  -28.381  -25.080  25.347 0.0000000000
52667  -28.647  -25.723  24.712 0.0000000000
51738  -29.477  -27.526  23.849 0.0000000000
52683  -29.220  -26.203  23.941 0.0000000000
52684  -29.819  -25.799  23.564 0.0000000000
53734  -30.972  -25.193  22.554 0.0000000000
54816  -30.495  -24.528  23.925 0.0000000000
43547  -22.234  -37.382  31.986 0.0000000000
44536  -21.799  -37.003  31.762 0.0000000000
28663  -4.180  -49.265  38.749 0.0000000000
28662  -3.271  -49.241  38.810 0.0000000000
28647  -2.668  -49.654  39.421 0.0000000000
28646  -1.838  -49.532  39.619 0.0000000000
46672  -33.639  -32.270  30.132 0.0000000000
47771  -33.474  -31.472  30.367 0.0000000000
41484  -24.317  -37.422  29.938 0.0000000000
41483  -23.993  -37.491  30.298 0.0000000000
41451  -24.795  -38.021  30.993 0.0000000000
39516  -12.585  -39.167  32.964 0.0000000000
39498  -12.915  -38.524  33.946 0.0000000000
39515  -11.811  -39.461  33.282 0.0000000000
38464  -11.828  -40.203  32.790 0.0000000000
38473  -12.291  -40.648  32.339 0.0000000000
36388  -13.435  -42.345  31.555 0.0000000000
37450  -13.047  -42.061  31.744 0.0000000000
35242  -13.465  -43.474  32.047 0.0000000000
35243  -14.564  -44.001  31.875 0.0000000000
36406  -15.268  -42.301  30.089 0.0000000000
36405  -14.621  -42.074  30.572 0.0000000000
36391  -15.656  -43.060  30.262 0.0000000000
34170  -16.277  -44.597  31.822 0.0000000000
33204  -15.832  -45.092  32.572 0.0000000000
34169  -15.392  -44.569  32.329 0.0000000000
42581  -30.198  -36.648  28.872 0.0000000000
43659  -28.247  -35.256  26.618 0.0000000000
43660  -28.798  -34.788  26.481 0.0000000000
44654  -28.432  -34.419  26.638 0.0000000000
47770  -27.803  -32.353  30.567 0.0000000000
47788  -27.743  -32.428  29.128 0.0000000000
42558  -17.184  -36.487  29.939 0.0000000000
43565  -17.445  -35.630  30.532 0.0000000000
43566  -17.988  -35.164  30.170 0.0000000000
44576  -18.631  -34.793  29.891 0.0000000000
47765  -19.946  -31.672  30.593 0.0000000000
46665  -19.342  -32.462  29.950 0.0000000000
46688  -19.544  -33.226  29.441 0.0000000000
45610  -20.018  -33.920  29.377 0.0000000000
44600  -20.597  -34.549  29.405 0.0000000000
46654  -24.472  -32.445  31.957 0.0000000000
46639  -24.072  -31.733  32.551 0.0000000000
47747  -23.283  -31.335  31.886 0.0000000000
46669  -23.723  -32.199  30.230 0.0000000000
44603  -23.399  -34.942  29.209 0.0000000000
42591  -26.414  -35.853  28.612 0.0000000000
42580  -29.105  -36.912  28.732 0.0000000000
43544  -16.743  -35.620  31.560 0.0000000000
41447  -16.325  -36.866  30.580 0.0000000000
50841  -36.451  -28.260  22.419 0.0000000000
53738  -36.774  -25.717  22.030 0.0000000000
52722  -37.552  -26.874  22.326 0.0000000000
55874  -36.027  -23.531  21.475 0.0000000000
55875  -37.048  -23.735  21.619 0.0000000000
61986  -36.362  -17.598  22.744 0.0000000000
60947  -35.411  -18.071  22.280 0.0000000000
61997  -36.060  -17.866  21.681 0.0000000000
60966  -36.557  -18.811  20.486 0.0000000000
59852  -37.044  -19.597  20.286 0.0000000000
59853  -37.651  -19.560  19.919 0.0000000000
62033  -38.940  -17.534  19.622 0.0000000000
59867  -39.036  -19.414  19.322 0.0000000000
57967  -38.637  -21.265  19.653 0.0000000000
56954  -39.394  -22.368  20.328 0.0000000000
57951  -39.846  -21.788  19.916 0.0000000000
56956  -41.385  -22.628  20.493 0.0000000000
59871  -42.834  -19.424  19.023 0.0000000000
63029  -45.125  -16.225  17.134 0.0000000000
63030  -45.673  -16.192  16.753 0.0000000000
63988  -46.661  -15.578  16.056 0.0000000000
65758  -46.839  -13.424  17.097 0.0000000000
65760  -47.482  -13.389  16.704 0.0000000000
33145  -4.576  -45.575  36.858 0.0000000000
34122  -4.660  -45.114  37.142 0.0000000000
33144  -4.018  -45.792  37.226 0.0000000000
32118  -4.354  -46.443  37.083 0.0000000000
32103  -7.370  -47.404  36.972 0.0000000000
30980  -5.813  -47.592  37.360 0.0000000000
30964  -5.283  -48.111  37.773 0.0000000000
29835  -4.596  -48.648  38.111 0.0000000000
28633  -5.746  -49.654  40.263 0.0000000000
43617  -31.309  -35.874  28.685 0.0000000000
43596  -31.866  -35.909  29.442 0.0000000000
44609  -31.783  -35.003  28.378 0.0000000000
44625  -32.075  -34.314  28.116 0.0000000000
46762  -28.345  -32.212  26.543 0.0000000000
46737  -30.694  -32.641  26.311 0.0000000000
46738  -31.796  -32.612  26.845 0.0000000000
46739  -32.533  -32.661  27.528 0.0000000000
48859  -32.223  -31.016  27.603 0.0000000000
48842  -32.027  -30.475  27.703 0.0000000000
51704  -26.010  -27.359  27.894 0.0000000000
49837  -26.314  -29.275  26.862 0.0000000000
52654  -27.238  -25.601  25.846 0.0000000000
52653  -26.699  -26.178  26.205 0.0000000000
52665  -26.919  -26.697  25.505 0.0000000000
50756  -27.826  -29.030  25.637 0.0000000000
49841  -30.722  -29.951  26.056 0.0000000000
49817  -31.976  -29.946  28.108 0.0000000000
50715  -31.790  -29.618  27.438 0.0000000000
50818  -30.123  -28.302  23.758 0.0000000000
50819  -30.988  -28.775  23.508 0.0000000000
50802  -32.765  -29.208  24.310 0.0000000000
49855  -34.448  -29.565  24.035 0.0000000000
49867  -34.780  -29.457  23.350 0.0000000000
50823  -35.157  -29.179  22.891 0.0000000000
52737  -33.306  -26.392  21.415 0.0000000000
51777  -34.293  -27.382  21.701 0.0000000000
53751  -33.928  -25.507  21.335 0.0000000000
53735  -31.784  -25.183  21.913 0.0000000000
56919  -31.352  -22.410  22.105 0.0000000000
56934  -32.833  -23.141  21.091 0.0000000000
55888  -33.180  -23.673  20.999 0.0000000000
56921  -33.468  -22.166  21.009 0.0000000000
42571  -18.101  -36.656  28.960 0.0000000000
41481  -19.410  -37.936  28.739 0.0000000000
40531  -20.656  -38.677  30.783 0.0000000000
40546  -20.448  -38.654  30.182 0.0000000000
40513  -20.487  -39.121  31.232 0.0000000000
39533  -20.377  -39.580  32.279 0.0000000000
42539  -21.327  -37.553  31.190 0.0000000000
35184  -6.437  -43.378  35.919 0.0000000000
36324  -7.909  -42.173  35.006 0.0000000000
36309  -7.719  -42.116  35.910 0.0000000000
36338  -7.755  -42.688  34.627 0.0000000000
34147  -7.810  -43.914  34.660 0.0000000000
34134  -7.091  -44.438  34.920 0.0000000000
36357  -11.732  -42.519  32.736 0.0000000000
35215  -11.851  -44.167  33.266 0.0000000000
26363  -1.398  -51.353  40.645 0.0000000000
27460  -1.614  -51.078  40.945 0.0000000000
37486  -18.667  -41.923  30.607 0.0000000000
37507  -18.619  -41.311  30.040 0.0000000000
38506  -19.388  -40.283  30.032 0.0000000000
40512  -15.695  -37.033  31.071 0.0000000000
40511  -15.550  -37.513  31.283 0.0000000000
39553  -16.036  -38.853  29.596 0.0000000000
39565  -16.175  -40.024  29.385 0.0000000000
38520  -16.627  -40.612  29.197 0.0000000000
43571  -26.947  -34.283  31.582 0.0000000000
58881  -33.765  -20.323  21.509 0.0000000000
57933  -34.385  -21.089  21.175 0.0000000000
59842  -34.891  -19.449  21.013 0.0000000000
63974  -40.519  -15.592  20.248 0.0000000000
63010  -41.068  -15.922  18.921 0.0000000000
63019  -41.681  -16.235  18.568 0.0000000000
62048  -42.004  -17.220  18.554 0.0000000000
64837  -42.998  -14.461  18.661 0.0000000000
49806  -26.436  -29.163  30.105 0.0000000000
53704  -29.496  -25.315  24.494 0.0000000000
44556  -21.882  -36.285  30.760 0.0000000000
43568  -22.470  -36.890  31.318 0.0000000000
42549  -22.721  -37.230  31.610 0.0000000000
63992  -47.963  -15.525  15.432 0.0000000000
63990  -48.150  -14.912  15.532 0.0000000000
28612  -3.032  -50.271  41.253 0.0000000000
28611  -2.567  -50.362  41.085 0.0000000000
41452  -25.525  -38.027  30.921 0.0000000000
40534  -25.976  -38.573  31.547 0.0000000000
39519  -14.930  -38.096  32.420 0.0000000000
39499  -13.722  -38.462  33.608 0.0000000000
39527  -12.780  -39.807  32.362 0.0000000000
38474  -12.797  -40.469  32.007 0.0000000000
38486  -13.166  -40.774  31.619 0.0000000000
37465  -13.307  -41.522  31.448 0.0000000000
36389  -14.050  -42.371  31.103 0.0000000000
35270  -16.643  -43.381  30.319 0.0000000000
35256  -15.811  -43.837  30.960 0.0000000000
34183  -16.910  -44.525  31.406 0.0000000000
34171  -17.486  -45.022  31.797 0.0000000000
44553  -17.247  -35.072  31.180 0.0000000000
44533  -17.774  -33.992  31.392 0.0000000000
45581  -18.223  -33.457  30.878 0.0000000000
47743  -19.402  -31.624  31.365 0.0000000000
46666  -20.486  -32.083  29.712 0.0000000000
46667  -21.606  -31.930  29.643 0.0000000000
46670  -24.429  -32.645  30.881 0.0000000000
43613  -25.273  -35.359  28.970 0.0000000000
44606  -26.519  -34.948  28.943 0.0000000000
43628  -26.607  -35.699  28.570 0.0000000000
52720  -35.485  -26.847  21.739 0.0000000000
53737  -36.021  -26.110  21.667 0.0000000000
53754  -36.167  -25.633  21.673 0.0000000000
56925  -37.139  -23.049  21.714 0.0000000000
62021  -37.273  -17.979  20.418 0.0000000000
60968  -37.748  -18.302  19.992 0.0000000000
59868  -40.047  -19.361  19.489 0.0000000000
57969  -40.238  -21.125  19.463 0.0000000000
57953  -41.886  -21.802  19.851 0.0000000000
63985  -46.205  -15.213  16.487 0.0000000000
44623  -30.476  -34.722  27.555 0.0000000000
44640  -30.685  -34.081  27.180 0.0000000000
47842  -28.244  -31.616  26.266 0.0000000000
47823  -32.252  -31.706  27.178 0.0000000000
48871  -30.860  -31.161  26.290 0.0000000000
51726  -27.631  -27.060  24.761 0.0000000000
51717  -27.117  -27.274  25.129 0.0000000000
51718  -27.657  -27.698  24.785 0.0000000000
50821  -33.125  -28.875  23.287 0.0000000000
50803  -33.624  -29.283  23.859 0.0000000000
50838  -33.565  -28.614  22.396 0.0000000000
51754  -34.023  -27.957  21.876 0.0000000000
55861  -30.910  -23.153  23.338 0.0000000000
55870  -31.156  -23.078  22.525 0.0000000000
56911  -30.896  -22.413  22.983 0.0000000000
57921  -31.715  -21.503  22.049 0.0000000000
43608  -19.174  -36.167  29.205 0.0000000000
41482  -19.912  -37.187  28.956 0.0000000000
41448  -21.036  -38.136  30.978 0.0000000000
34148  -8.733  -44.071  34.481 0.0000000000
35230  -12.808  -43.618  32.432 0.0000000000
35229  -12.060  -43.426  32.776 0.0000000000
44586  -33.387  -34.503  30.069 0.0000000000
35246  -18.643  -44.221  32.100 0.0000000000
36376  -19.216  -43.022  32.532 0.0000000000
37467  -18.914  -41.971  31.501 0.0000000000
41454  -27.627  -38.263  30.980 0.0000000000
39520  -15.285  -37.645  32.112 0.0000000000
39550  -14.298  -40.207  30.745 0.0000000000
38502  -14.488  -40.614  30.498 0.0000000000
36407  -16.339  -42.555  29.690 0.0000000000
37484  -16.387  -41.454  29.406 0.0000000000
44582  -25.481  -34.471  30.566 0.0000000000
44583  -26.441  -34.718  29.351 0.0000000000
44607  -26.832  -34.774  28.836 0.0000000000
55872  -34.679  -23.219  21.150 0.0000000000
55873  -35.083  -23.526  21.457 0.0000000000
56923  -35.412  -22.725  21.373 0.0000000000
57925  -35.589  -22.064  21.251 0.0000000000
56937  -36.798  -22.034  21.453 0.0000000000
57936  -37.066  -21.567  21.037 0.0000000000
57948  -37.531  -21.354  20.491 0.0000000000
62998  -38.742  -16.706  20.564 0.0000000000
62999  -39.303  -16.363  20.818 0.0000000000
62034  -39.892  -17.446  19.300 0.0000000000
59870  -41.956  -19.388  19.048 0.0000000000
60984  -42.355  -18.683  18.789 0.0000000000
60985  -43.197  -18.756  18.695 0.0000000000
60998  -42.696  -17.983  18.560 0.0000000000
63022  -44.363  -16.332  17.457 0.0000000000
64841  -44.665  -14.749  17.722 0.0000000000
64839  -44.867  -14.080  17.831 0.0000000000
32122  -7.928  -46.993  36.303 0.0000000000
47821  -27.835  -32.095  27.023 0.0000000000
47820  -27.499  -31.391  27.005 0.0000000000
53668  -27.234  -24.971  26.491 0.0000000000
53669  -28.069  -24.168  25.968 0.0000000000
52681  -27.902  -26.785  24.644 0.0000000000
51739  -30.059  -27.440  23.191 0.0000000000
52734  -30.966  -26.380  21.899 0.0000000000
52735  -31.603  -26.167  21.737 0.0000000000
54817  -30.829  -23.862  23.654 0.0000000000
56903  -31.354  -22.373  24.732 0.0000000000
43545  -21.690  -37.056  31.297 0.0000000000
44535  -21.895  -36.767  31.289 0.0000000000
43546  -21.936  -37.237  31.782 0.0000000000
37416  -8.323  -41.914  34.840 0.0000000000
37417  -8.834  -41.618  34.745 0.0000000000
34150  -10.783  -44.441  34.207 0.0000000000
30963  -3.368  -47.719  37.905 0.0000000000
29832  -1.755  -48.321  39.051 0.0000000000
29820  -1.314  -48.609  39.432 0.0000000000
62000  -38.913  -16.685  22.376 0.0000000000
48828  -32.762  -30.525  29.142 0.0000000000
41466  -23.798  -37.586  30.763 0.0000000000
41450  -24.205  -38.060  31.262 0.0000000000
38463  -11.170  -40.508  33.243 0.0000000000
37434  -12.032  -42.075  32.532 0.0000000000
37449  -12.473  -41.663  32.074 0.0000000000
36372  -12.619  -42.515  32.149 0.0000000000
35231  -13.617  -44.223  32.395 0.0000000000
36375  -14.399  -43.227  31.263 0.0000000000
35255  -14.799  -43.674  31.058 0.0000000000
34160  -14.691  -44.863  32.903 0.0000000000
66696  -49.344  -12.715  15.700 0.0000000000
41474  -31.437  -36.926  30.175 0.0000000000
43632  -30.080  -35.686  27.971 0.0000000000
43645  -29.720  -34.848  27.281 0.0000000000
45658  -28.942  -33.759  26.453 0.0000000000
48810  -27.192  -30.783  30.264 0.0000000000
43587  -17.693  -36.031  29.972 0.0000000000
43607  -18.680  -36.318  29.189 0.0000000000
44577  -19.928  -34.823  29.449 0.0000000000
46637  -18.451  -32.378  32.293 0.0000000000
46651  -18.393  -32.949  31.588 0.0000000000
45596  -18.974  -33.678  29.811 0.0000000000
44601  -21.417  -34.789  29.496 0.0000000000
47746  -22.493  -30.867  31.421 0.0000000000
46692  -23.357  -32.858  29.165 0.0000000000
41428  -15.737  -36.559  31.775 0.0000000000
42523  -16.025  -36.065  32.191 0.0000000000
41437  -15.956  -36.589  31.137 0.0000000000
41463  -16.612  -37.316  29.823 0.0000000000
51758  -37.498  -27.624  22.403 0.0000000000
54835  -36.409  -24.534  21.554 0.0000000000
60956  -36.115  -18.498  20.874 0.0000000000
60965  -35.990  -18.984  20.672 0.0000000000
58906  -36.780  -20.276  20.476 0.0000000000
58893  -37.104  -20.905  20.603 0.0000000000
60979  -37.829  -18.923  19.794 0.0000000000
59866  -38.215  -19.471  19.571 0.0000000000
58923  -37.964  -20.010  19.683 0.0000000000
58908  -38.252  -20.984  19.813 0.0000000000
57949  -38.219  -21.679  20.105 0.0000000000
56940  -39.761  -22.814  21.098 0.0000000000
63989  -47.426  -15.194  15.733 0.0000000000
63986  -46.879  -14.820  16.154 0.0000000000
66692  -48.021  -12.263  16.849 0.0000000000
33127  -4.013  -45.645  37.820 0.0000000000
33143  -3.665  -45.798  37.463 0.0000000000
32099  -3.219  -46.584  37.359 0.0000000000
32120  -5.839  -46.387  36.455 0.0000000000
32101  -5.442  -46.866  36.968 0.0000000000
32100  -4.897  -46.673  37.047 0.0000000000
30993  -4.159  -46.896  37.265 0.0000000000
30978  -3.641  -47.164  37.469 0.0000000000
29845  -3.882  -47.990  37.830 0.0000000000
28650  -5.513  -49.275  39.531 0.0000000000
28649  -4.829  -49.473  39.579 0.0000000000
42565  -32.003  -36.189  29.976 0.0000000000
45640  -31.305  -33.528  27.017 0.0000000000
47807  -32.887  -31.718  28.664 0.0000000000
47806  -32.548  -31.424  27.941 0.0000000000
48844  -32.958  -31.086  29.109 0.0000000000
50714  -26.052  -28.332  28.431 0.0000000000
51693  -26.121  -27.398  29.034 0.0000000000
49825  -26.217  -29.255  27.880 0.0000000000
50778  -26.778  -27.826  25.433 0.0000000000
49827  -30.818  -30.342  26.181 0.0000000000
49809  -32.540  -29.893  29.054 0.0000000000
50734  -31.924  -29.254  26.875 0.0000000000
50800  -30.642  -28.973  24.387 0.0000000000
51755  -34.930  -27.541  21.989 0.0000000000
53752  -34.896  -25.496  21.452 0.0000000000
53749  -32.112  -25.763  21.601 0.0000000000
54833  -32.003  -24.216  21.714 0.0000000000
54850  -32.692  -24.360  21.297 0.0000000000
55889  -34.250  -23.543  20.974 0.0000000000
56936  -33.961  -22.748  20.759 0.0000000000
58880  -32.997  -20.446  21.878 0.0000000000
59833  -33.231  -19.374  22.496 0.0000000000
40556  -18.508  -38.790  28.981 0.0000000000
39554  -19.530  -39.614  29.598 0.0000000000
41464  -20.170  -38.245  29.207 0.0000000000
40545  -20.176  -38.876  29.548 0.0000000000
39543  -19.903  -39.697  30.378 0.0000000000
39532  -20.075  -39.683  31.549 0.0000000000
39522  -20.626  -39.684  33.032 0.0000000000
42562  -23.166  -37.171  30.996 0.0000000000
42550  -23.129  -37.657  31.908 0.0000000000
35183  -5.921  -43.914  36.198 0.0000000000
35210  -7.424  -43.234  34.682 0.0000000000
35197  -6.803  -43.354  35.163 0.0000000000
33162  -6.922  -45.312  35.387 0.0000000000
33149  -8.491  -46.409  35.751 0.0000000000
35227  -10.771  -43.016  33.254 0.0000000000
35228  -11.441  -43.211  33.083 0.0000000000
34140  -13.423  -45.503  34.671 0.0000000000
34139  -12.489  -45.344  35.060 0.0000000000
34138  -11.437  -45.248  34.953 0.0000000000
64855  -49.115  -14.187  15.062 0.0000000000
27462  -2.486  -50.643  41.388 0.0000000000
27479  -2.031  -50.642  40.981 0.0000000000
27448  -1.913  -51.168  41.457 0.0000000000
27461  -1.904  -50.902  41.268 0.0000000000
27491  -0.226  -50.618  39.494 0.0000000000
27490  0.235  -50.033  39.228 0.0000000000
27476  -0.116  -49.805  39.762 0.0000000000
28665  -5.606  -49.104  39.112 0.0000000000
29822  -5.945  -49.030  39.463 0.0000000000
32116  -3.354  -45.857  37.408 0.0000000000
32117  -3.602  -46.311  37.242 0.0000000000
33111  -3.271  -45.885  38.080 0.0000000000
33126  -3.505  -45.789  37.825 0.0000000000
33179  -15.351  -45.797  33.874 0.0000000000
33203  -15.322  -44.940  32.751 0.0000000000
34111  -4.808  -44.923  37.587 0.0000000000
36359  -12.756  -42.940  32.234 0.0000000000
36373  -13.054  -42.671  31.941 0.0000000000
36424  -16.778  -41.933  29.410 0.0000000000
38476  -19.160  -41.567  31.952 0.0000000000
38523  -19.143  -40.035  29.573 0.0000000000
40493  -13.028  -38.671  33.495 0.0000000000
41467  -24.330  -37.741  30.558 0.0000000000
42573  -19.713  -36.574  28.997 0.0000000000
42582  -30.920  -36.440  29.000 0.0000000000
44534  -21.790  -36.599  30.963 0.0000000000
44587  -33.707  -34.424  30.753 0.0000000000
44638  -29.263  -34.491  26.603 0.0000000000
44655  -28.778  -34.368  26.483 0.0000000000
45657  -28.579  -34.114  26.596 0.0000000000
51773  -31.164  -26.696  21.694 0.0000000000
52719  -34.985  -27.014  21.760 0.0000000000
57920  -31.108  -21.777  22.682 0.0000000000
62007  -36.046  -18.212  21.167 0.0000000000
62020  -36.893  -18.375  20.483 0.0000000000
64833  -41.898  -14.355  19.568 0.0000000000
64834  -42.539  -14.164  19.110 0.0000000000
