#!ascii label  , from subject demencia vox2ras=TkReg
913
87809  -47.967  11.671  18.723 0.0000000000
98222  -41.922  27.054  19.434 0.0000000000
91478  -42.277  16.463  22.087 0.0000000000
94406  -51.629  20.452  18.915 0.0000000000
100665  -47.081  30.732  21.437 0.0000000000
96326  -48.449  24.101  22.187 0.0000000000
98226  -50.575  26.433  19.907 0.0000000000
95081  -49.262  21.204  17.765 0.0000000000
84346  -51.185  7.586  24.795 0.0000000000
88574  -50.949  13.134  24.042 0.0000000000
100712  -36.525  30.654  17.643 0.0000000000
101296  -42.467  32.156  17.058 0.0000000000
103569  -47.653  35.350  17.640 0.0000000000
89354  -47.827  13.767  19.847 0.0000000000
95024  -42.656  21.097  22.045 0.0000000000
93714  -48.583  19.608  21.113 0.0000000000
90086  -52.826  14.100  17.117 0.0000000000
93032  -50.494  18.296  13.630 0.0000000000
93038  -45.552  18.190  13.090 0.0000000000
89370  -47.554  13.005  16.349 0.0000000000
101264  -48.067  31.592  20.302 0.0000000000
99410  -49.416  28.944  21.550 0.0000000000
99448  -49.463  28.210  18.197 0.0000000000
97619  -48.593  25.715  17.551 0.0000000000
86934  -51.677  10.412  25.076 0.0000000000
86948  -48.955  11.120  25.190 0.0000000000
101268  -33.604  31.208  19.032 0.0000000000
102492  -44.411  33.367  17.776 0.0000000000
89339  -46.389  13.412  21.295 0.0000000000
90762  -45.069  15.731  19.441 0.0000000000
98207  -39.369  26.361  19.762 0.0000000000
96959  -42.791  24.108  20.863 0.0000000000
95672  -50.137  22.355  22.844 0.0000000000
95010  -48.144  21.020  23.340 0.0000000000
93717  -50.865  19.226  21.049 0.0000000000
92226  -50.667  17.364  18.462 0.0000000000
92229  -52.708  17.393  18.299 0.0000000000
90813  -52.318  16.306  14.939 0.0000000000
93755  -52.198  19.393  15.567 0.0000000000
93759  -48.102  19.045  15.445 0.0000000000
99439  -45.056  29.036  20.067 0.0000000000
97605  -45.166  25.652  20.848 0.0000000000
98214  -47.359  27.406  21.349 0.0000000000
97581  -49.784  25.414  22.341 0.0000000000
96339  -50.975  23.902  19.768 0.0000000000
95084  -51.135  21.557  17.288 0.0000000000
96345  -49.486  23.679  18.525 0.0000000000
95707  -48.140  22.807  18.569 0.0000000000
85258  -52.768  8.577  22.658 0.0000000000
86121  -50.115  10.263  22.771 0.0000000000
87795  -49.463  11.733  21.091 0.0000000000
99416  -34.575  28.295  20.921 0.0000000000
99430  -36.889  28.700  20.034 0.0000000000
100065  -39.581  29.041  19.063 0.0000000000
100683  -42.073  30.226  19.171 0.0000000000
101263  -44.312  31.524  19.737 0.0000000000
101887  -46.629  33.124  20.020 0.0000000000
101905  -47.326  33.047  17.619 0.0000000000
102520  -48.507  34.056  15.880 0.0000000000
88570  -47.580  12.276  22.951 0.0000000000
89341  -48.753  13.323  21.532 0.0000000000
88611  -49.804  12.866  19.223 0.0000000000
92940  -43.238  18.385  23.121 0.0000000000
95685  -45.767  22.372  21.501 0.0000000000
94371  -45.613  19.942  23.502 0.0000000000
92206  -44.997  17.771  22.107 0.0000000000
91493  -47.258  16.762  19.002 0.0000000000
90072  -50.208  14.799  18.059 0.0000000000
89373  -50.301  13.435  17.262 0.0000000000
90109  -50.128  14.552  14.595 0.0000000000
91546  -49.980  16.288  12.668 0.0000000000
92326  -49.525  18.663  8.588 0.0000000000
93753  -50.211  19.872  15.502 0.0000000000
93050  -47.780  18.707  11.886 0.0000000000
93069  -46.094  18.776  9.749 0.0000000000
86982  -47.243  10.819  19.394 0.0000000000
87808  -47.195  11.506  18.359 0.0000000000
88615  -47.953  12.207  17.874 0.0000000000
100705  -47.608  30.504  18.875 0.0000000000
100688  -48.615  30.282  20.046 0.0000000000
99446  -48.099  29.071  18.165 0.0000000000
99454  -48.833  28.116  17.445 0.0000000000
90758  -43.711  16.147  20.316 0.0000000000
98209  -40.824  26.643  19.661 0.0000000000
95046  -51.436  21.320  20.470 0.0000000000
94401  -50.704  20.573  21.766 0.0000000000
93718  -51.300  19.463  20.431 0.0000000000
92973  -51.514  18.511  19.574 0.0000000000
93733  -51.773  19.539  18.320 0.0000000000
93007  -52.423  18.499  17.038 0.0000000000
93745  -51.831  19.629  17.157 0.0000000000
100050  -45.518  29.812  20.701 0.0000000000
98795  -46.859  27.984  20.918 0.0000000000
99422  -47.395  28.923  21.265 0.0000000000
98798  -50.435  27.196  20.395 0.0000000000
98196  -49.735  26.862  21.998 0.0000000000
97607  -50.493  25.737  20.743 0.0000000000
96966  -50.398  24.653  21.268 0.0000000000
96979  -50.650  24.728  20.266 0.0000000000
96346  -50.486  23.646  18.809 0.0000000000
97615  -50.181  25.248  18.909 0.0000000000
96983  -48.118  24.421  18.264 0.0000000000
86949  -51.391  11.280  24.869 0.0000000000
86965  -51.610  10.550  24.025 0.0000000000
86963  -50.555  11.442  23.087 0.0000000000
86971  -49.690  11.293  22.147 0.0000000000
87792  -50.507  12.556  22.724 0.0000000000
100694  -34.738  30.736  18.345 0.0000000000
100060  -35.140  29.648  19.953 0.0000000000
100682  -36.950  29.645  19.158 0.0000000000
99432  -38.395  28.507  19.646 0.0000000000
100080  -38.042  29.557  18.931 0.0000000000
100724  -40.756  31.029  16.743 0.0000000000
100700  -41.206  30.273  18.220 0.0000000000
100718  -42.263  30.856  18.214 0.0000000000
100703  -43.268  30.730  19.060 0.0000000000
101271  -43.568  31.338  18.776 0.0000000000
103057  -46.277  34.820  17.152 0.0000000000
102486  -45.367  33.677  18.589 0.0000000000
103049  -47.040  34.915  18.520 0.0000000000
102487  -47.303  33.726  18.962 0.0000000000
103059  -48.241  34.699  17.936 0.0000000000
102508  -47.896  33.758  17.170 0.0000000000
103578  -48.605  35.046  16.301 0.0000000000
86959  -43.622  10.209  23.387 0.0000000000
86113  -43.795  9.715  24.165 0.0000000000
86969  -45.036  10.904  23.363 0.0000000000
86961  -46.206  10.822  24.175 0.0000000000
87790  -46.450  11.900  23.017 0.0000000000
89349  -47.091  13.771  20.534 0.0000000000
89340  -47.638  13.273  21.569 0.0000000000
89350  -48.339  13.490  20.712 0.0000000000
89351  -49.360  13.221  20.995 0.0000000000
89355  -49.101  13.490  19.793 0.0000000000
94399  -41.157  20.954  21.932 0.0000000000
93698  -41.822  19.530  22.773 0.0000000000
93699  -42.821  19.666  22.796 0.0000000000
96963  -47.033  24.420  21.400 0.0000000000
96962  -45.739  24.572  21.130 0.0000000000
96325  -47.741  23.242  22.000 0.0000000000
93704  -48.405  19.905  22.787 0.0000000000
94373  -47.488  20.352  23.196 0.0000000000
93702  -46.665  19.232  23.011 0.0000000000
92943  -45.501  18.907  23.219 0.0000000000
92957  -46.416  18.597  21.886 0.0000000000
92213  -46.437  17.765  19.748 0.0000000000
92968  -47.268  18.467  19.789 0.0000000000
91510  -51.921  15.941  18.303 0.0000000000
91497  -50.404  16.265  18.039 0.0000000000
90779  -51.326  15.045  17.821 0.0000000000
90073  -50.733  14.222  17.668 0.0000000000
90084  -50.645  14.047  16.701 0.0000000000
89387  -49.983  13.568  16.537 0.0000000000
90097  -51.210  14.385  16.017 0.0000000000
92281  -50.876  17.239  13.558 0.0000000000
91537  -50.941  16.325  13.786 0.0000000000
92291  -50.473  17.592  12.509 0.0000000000
91564  -49.853  17.195  10.874 0.0000000000
93053  -50.172  18.333  10.922 0.0000000000
95082  -50.149  21.414  17.534 0.0000000000
94439  -50.760  20.446  15.706 0.0000000000
94438  -50.109  20.230  16.225 0.0000000000
93029  -47.303  18.614  13.988 0.0000000000
93030  -48.227  19.026  13.939 0.0000000000
93040  -47.543  18.655  12.975 0.0000000000
93059  -46.921  18.762  10.819 0.0000000000
93048  -45.554  18.301  12.015 0.0000000000
93057  -44.847  18.332  10.939 0.0000000000
85270  -48.211  8.303  20.804 0.0000000000
90093  -47.202  13.853  15.061 0.0000000000
101866  -47.903  31.900  21.452 0.0000000000
100032  -48.431  29.971  21.626 0.0000000000
100667  -49.027  30.592  21.157 0.0000000000
99423  -49.661  28.817  20.551 0.0000000000
98813  -50.469  27.195  19.324 0.0000000000
98229  -50.098  26.051  18.088 0.0000000000
98820  -50.014  27.179  17.400 0.0000000000
85234  -52.284  8.573  25.509 0.0000000000
86090  -50.982  9.646  26.104 0.0000000000
87766  -50.639  12.379  24.876 0.0000000000
101278  -35.154  31.778  17.225 0.0000000000
101915  -43.136  32.941  17.327 0.0000000000
103068  -46.490  34.665  16.112 0.0000000000
103079  -47.279  34.839  15.509 0.0000000000
88582  -44.885  12.179  22.001 0.0000000000
90054  -45.448  14.300  20.057 0.0000000000
90061  -45.828  14.883  19.644 0.0000000000
95682  -42.653  22.533  21.288 0.0000000000
95671  -49.289  22.794  23.091 0.0000000000
95670  -48.517  22.256  23.191 0.0000000000
95012  -49.667  21.313  23.527 0.0000000000
93706  -49.806  20.226  22.391 0.0000000000
93715  -49.392  19.605  21.037 0.0000000000
92970  -49.462  18.251  19.303 0.0000000000
92972  -51.038  18.278  19.831 0.0000000000
92228  -52.081  17.483  18.889 0.0000000000
90782  -53.420  15.477  17.626 0.0000000000
90800  -52.623  15.378  15.528 0.0000000000
91529  -52.907  16.484  15.850 0.0000000000
92283  -52.181  18.298  14.638 0.0000000000
93033  -51.507  18.758  14.430 0.0000000000
93751  -48.688  19.493  16.165 0.0000000000
92198  -41.840  16.841  22.576 0.0000000000
98809  -43.582  27.969  19.389 0.0000000000
98211  -44.207  26.328  20.188 0.0000000000
98212  -45.202  26.876  20.195 0.0000000000
98213  -46.461  26.588  20.897 0.0000000000
97592  -48.352  25.441  22.121 0.0000000000
99409  -48.910  28.874  21.978 0.0000000000
98195  -48.906  26.541  22.125 0.0000000000
96950  -48.867  24.658  22.558 0.0000000000
96327  -50.245  23.446  21.766 0.0000000000
96328  -50.739  22.950  21.063 0.0000000000
95692  -51.520  22.231  19.905 0.0000000000
95050  -51.539  21.401  18.464 0.0000000000
96347  -51.194  22.804  18.553 0.0000000000
95710  -50.805  22.484  18.054 0.0000000000
95064  -49.699  21.990  18.200 0.0000000000
96997  -49.161  24.877  18.183 0.0000000000
96344  -48.559  23.637  18.531 0.0000000000
86117  -52.913  9.350  24.104 0.0000000000
86123  -52.001  9.556  23.135 0.0000000000
85263  -49.914  8.585  21.779 0.0000000000
86127  -48.860  10.008  21.669 0.0000000000
86973  -48.192  10.358  20.907 0.0000000000
87798  -48.667  11.383  20.166 0.0000000000
98203  -35.673  26.525  20.770 0.0000000000
99417  -35.471  28.307  20.589 0.0000000000
98791  -36.891  27.440  20.183 0.0000000000
98793  -38.546  27.219  19.942 0.0000000000
98805  -39.793  27.788  19.473 0.0000000000
98806  -40.653  27.852  19.334 0.0000000000
101281  -38.011  31.226  16.977 0.0000000000
100698  -39.307  30.058  18.014 0.0000000000
100066  -40.509  29.095  18.924 0.0000000000
99436  -41.970  28.731  19.297 0.0000000000
100069  -43.440  29.766  19.540 0.0000000000
100070  -44.566  30.061  20.063 0.0000000000
100674  -45.538  30.822  20.832 0.0000000000
101894  -44.610  32.914  18.580 0.0000000000
101876  -45.122  32.192  20.118 0.0000000000
101877  -46.077  32.324  20.360 0.0000000000
101888  -47.315  32.714  19.848 0.0000000000
101274  -47.431  31.545  19.038 0.0000000000
101904  -47.096  32.078  17.074 0.0000000000
101916  -47.140  32.152  16.001 0.0000000000
103090  -48.378  34.551  14.752 0.0000000000
87764  -48.389  11.463  24.581 0.0000000000
88572  -49.513  12.720  23.450 0.0000000000
88596  -46.649  12.868  21.930 0.0000000000
88585  -48.070  12.843  22.356 0.0000000000
88587  -50.008  13.143  22.701 0.0000000000
88603  -49.678  12.747  21.073 0.0000000000
87805  -49.418  12.108  20.292 0.0000000000
88610  -49.064  12.244  18.898 0.0000000000
92200  -43.307  17.530  22.504 0.0000000000
96977  -44.310  24.863  20.891 0.0000000000
96322  -44.192  23.336  21.263 0.0000000000
95041  -44.136  21.601  21.597 0.0000000000
95029  -47.239  21.484  22.527 0.0000000000
95027  -45.517  21.001  22.509 0.0000000000
94389  -44.117  20.314  22.608 0.0000000000
93685  -44.392  19.355  23.299 0.0000000000
92951  -44.524  18.297  22.912 0.0000000000
91483  -43.775  17.113  21.371 0.0000000000
91488  -44.773  17.179  20.427 0.0000000000
91492  -46.347  16.653  19.348 0.0000000000
90764  -47.464  15.555  18.956 0.0000000000
92224  -48.552  17.583  18.564 0.0000000000
90768  -48.579  15.543  18.430 0.0000000000
90066  -48.774  14.832  18.708 0.0000000000
89358  -50.126  13.493  18.587 0.0000000000
88617  -49.822  12.672  18.317 0.0000000000
88616  -48.974  12.401  18.064 0.0000000000
89371  -48.587  12.866  16.532 0.0000000000
90095  -48.854  13.862  15.300 0.0000000000
90107  -48.244  14.404  14.675 0.0000000000
90812  -51.639  15.848  14.677 0.0000000000
90810  -49.524  15.050  13.953 0.0000000000
90821  -48.666  15.474  13.243 0.0000000000
91554  -48.829  16.491  11.758 0.0000000000
91573  -48.721  17.364  9.895 0.0000000000
94434  -51.282  20.784  16.769 0.0000000000
94444  -51.187  20.104  14.923 0.0000000000
93769  -49.978  19.078  13.942 0.0000000000
93760  -48.786  19.307  14.978 0.0000000000
93768  -49.140  19.305  14.007 0.0000000000
93042  -49.620  18.620  12.997 0.0000000000
93061  -48.987  18.818  10.590 0.0000000000
93083  -47.691  19.197  8.564 0.0000000000
86987  -47.219  11.255  18.727 0.0000000000
87817  -47.492  11.781  18.164 0.0000000000
100072  -48.258  29.892  19.101 0.0000000000
100086  -47.883  29.589  18.507 0.0000000000
91485  -43.034  15.892  20.699 0.0000000000
91486  -43.315  16.292  20.722 0.0000000000
97610  -42.017  26.260  19.720 0.0000000000
97611  -42.554  26.024  19.927 0.0000000000
94402  -51.257  20.448  20.971 0.0000000000
94404  -51.480  20.379  19.969 0.0000000000
93720  -51.631  19.424  19.362 0.0000000000
100675  -46.201  30.540  21.196 0.0000000000
100051  -46.686  29.808  21.265 0.0000000000
100052  -47.272  29.646  21.356 0.0000000000
98215  -50.468  26.610  20.729 0.0000000000
97612  -50.519  25.517  19.628 0.0000000000
96981  -50.426  24.609  19.426 0.0000000000
84347  -51.959  7.433  24.954 0.0000000000
87767  -51.122  12.319  24.454 0.0000000000
86964  -51.255  11.382  23.866 0.0000000000
87783  -51.068  12.638  23.516 0.0000000000
87782  -50.962  12.096  23.276 0.0000000000
87793  -51.006  12.966  23.094 0.0000000000
100711  -35.502  30.901  17.612 0.0000000000
100695  -35.933  30.333  18.415 0.0000000000
100696  -37.123  29.973  18.534 0.0000000000
101913  -41.936  32.661  16.615 0.0000000000
101294  -40.506  31.861  16.526 0.0000000000
101295  -41.707  31.570  16.871 0.0000000000
100717  -41.806  30.828  17.680 0.0000000000
101283  -42.104  31.207  17.413 0.0000000000
101270  -42.986  31.133  18.444 0.0000000000
101284  -42.654  31.377  17.822 0.0000000000
103048  -46.067  34.794  18.198 0.0000000000
103559  -47.466  35.212  18.190 0.0000000000
103553  -47.622  35.064  18.430 0.0000000000
103560  -48.059  35.249  18.107 0.0000000000
103060  -48.511  34.748  17.226 0.0000000000
103570  -48.180  35.356  17.188 0.0000000000
86967  -43.369  10.883  22.674 0.0000000000
86968  -44.428  10.820  23.040 0.0000000000
87789  -45.280  11.570  22.965 0.0000000000
89353  -47.188  13.992  19.970 0.0000000000
90063  -48.447  14.407  19.139 0.0000000000
95039  -42.178  21.793  21.588 0.0000000000
94400  -41.848  21.228  21.938 0.0000000000
94387  -42.067  20.463  22.403 0.0000000000
94388  -43.169  20.344  22.458 0.0000000000
96964  -47.979  24.560  21.862 0.0000000000
93708  -47.993  19.612  21.858 0.0000000000
93703  -47.386  19.472  22.706 0.0000000000
92958  -47.176  19.044  21.788 0.0000000000
92954  -46.749  18.996  22.506 0.0000000000
92961  -46.720  18.513  20.816 0.0000000000
92962  -47.788  19.142  20.646 0.0000000000
90075  -52.893  14.689  17.876 0.0000000000
90780  -52.169  15.231  18.158 0.0000000000
90074  -52.028  14.467  17.582 0.0000000000
90085  -51.733  13.969  16.893 0.0000000000
90098  -52.317  14.434  16.169 0.0000000000
92297  -50.484  17.839  11.363 0.0000000000
93043  -50.235  18.258  12.137 0.0000000000
94432  -49.757  20.668  17.013 0.0000000000
93028  -46.245  18.268  14.101 0.0000000000
93039  -46.487  18.391  13.027 0.0000000000
93049  -46.689  18.500  11.938 0.0000000000
92296  -44.915  18.115  12.443 0.0000000000
85261  -47.984  9.283  21.024 0.0000000000
89369  -46.721  13.030  16.124 0.0000000000
89384  -47.193  13.464  15.585 0.0000000000
101256  -48.259  31.667  21.214 0.0000000000
101248  -48.522  31.074  21.415 0.0000000000
101257  -48.628  31.143  20.877 0.0000000000
99440  -49.009  29.195  18.949 0.0000000000
100054  -49.284  29.431  20.001 0.0000000000
99441  -49.400  28.849  19.284 0.0000000000
98797  -50.041  27.950  19.961 0.0000000000
98812  -50.042  27.878  18.813 0.0000000000
98821  -50.224  27.219  17.837 0.0000000000
98819  -49.222  27.221  16.898 0.0000000000
85220  -49.776  9.062  26.353 0.0000000000
87756  -50.420  11.553  25.432 0.0000000000
87755  -49.646  11.139  25.469 0.0000000000
101899  -34.678  32.572  17.629 0.0000000000
102507  -45.536  34.304  16.464 0.0000000000
103078  -46.515  34.563  15.229 0.0000000000
103087  -45.992  34.342  14.537 0.0000000000
90059  -44.009  14.992  19.841 0.0000000000
90053  -44.479  14.319  20.073 0.0000000000
90060  -44.806  14.928  19.636 0.0000000000
97599  -39.042  25.609  19.994 0.0000000000
96321  -43.193  23.330  21.150 0.0000000000
95658  -49.547  21.952  23.432 0.0000000000
95659  -49.953  21.742  23.386 0.0000000000
93712  -51.045  19.842  21.348 0.0000000000
94396  -50.198  20.633  22.620 0.0000000000
93711  -50.388  19.918  21.798 0.0000000000
93710  -49.667  19.872  21.831 0.0000000000
93716  -50.191  19.402  21.084 0.0000000000
92964  -49.890  18.981  20.260 0.0000000000
92965  -50.623  18.779  20.433 0.0000000000
92988  -52.168  18.459  18.705 0.0000000000
91500  -52.622  16.549  18.367 0.0000000000
91511  -53.195  16.426  17.831 0.0000000000
91520  -53.217  16.650  16.896 0.0000000000
92245  -52.897  17.446  17.457 0.0000000000
93746  -52.176  19.253  16.338 0.0000000000
93014  -52.441  18.597  15.980 0.0000000000
93022  -52.333  18.833  15.156 0.0000000000
93772  -52.044  19.468  14.689 0.0000000000
98810  -44.531  28.209  19.678 0.0000000000
98224  -44.303  27.241  19.694 0.0000000000
98225  -44.997  27.712  19.916 0.0000000000
98193  -46.998  25.983  21.439 0.0000000000
98194  -47.676  26.482  21.690 0.0000000000
99402  -49.102  29.452  21.876 0.0000000000
99408  -48.329  29.227  21.657 0.0000000000
98182  -49.873  26.109  21.999 0.0000000000
98181  -49.472  26.047  22.236 0.0000000000
97579  -48.943  25.613  22.432 0.0000000000
97580  -49.307  25.392  22.492 0.0000000000
96951  -49.496  24.601  22.583 0.0000000000
96952  -50.011  24.564  22.138 0.0000000000
96336  -50.718  23.802  20.746 0.0000000000
96337  -51.174  23.061  20.292 0.0000000000
95695  -51.484  22.190  18.947 0.0000000000
96340  -51.296  23.044  19.341 0.0000000000
95709  -50.049  22.802  18.302 0.0000000000
98235  -49.702  26.243  17.594 0.0000000000
97614  -49.937  25.658  18.254 0.0000000000
97620  -49.298  25.390  18.003 0.0000000000
96343  -47.543  23.611  18.372 0.0000000000
86091  -51.899  9.511  25.379 0.0000000000
86092  -52.754  8.871  25.322 0.0000000000
86106  -52.175  9.822  24.673 0.0000000000
86114  -50.831  10.637  23.388 0.0000000000
86115  -51.435  10.271  23.665 0.0000000000
86122  -51.080  9.793  23.013 0.0000000000
85256  -50.540  9.206  22.382 0.0000000000
85255  -49.593  9.437  22.080 0.0000000000
86120  -49.415  10.198  22.052 0.0000000000
86975  -49.522  11.571  21.488 0.0000000000
86974  -48.881  10.928  21.204 0.0000000000
86978  -48.682  11.195  20.571 0.0000000000
87799  -49.166  11.623  20.530 0.0000000000
99407  -34.043  27.917  21.346 0.0000000000
98777  -33.923  27.149  21.735 0.0000000000
98778  -34.533  27.322  21.261 0.0000000000
98202  -35.032  26.772  21.142 0.0000000000
98789  -35.209  27.451  20.862 0.0000000000
101261  -33.275  31.023  19.762 0.0000000000
100679  -34.213  30.264  19.515 0.0000000000
100061  -36.021  29.558  19.812 0.0000000000
100047  -35.745  29.081  20.332 0.0000000000
99418  -36.347  28.335  20.235 0.0000000000
99419  -37.117  28.132  20.047 0.0000000000
98792  -37.918  27.566  20.100 0.0000000000
99431  -37.610  28.506  19.870 0.0000000000
100064  -38.690  29.089  19.296 0.0000000000
99433  -39.236  28.447  19.439 0.0000000000
99434  -40.135  28.467  19.232 0.0000000000
100714  -38.625  30.622  17.481 0.0000000000
100084  -41.434  30.109  18.853 0.0000000000
100083  -40.818  29.737  18.637 0.0000000000
100067  -41.452  29.459  19.142 0.0000000000
100068  -42.437  29.578  19.411 0.0000000000
99437  -42.968  28.848  19.410 0.0000000000
101262  -43.919  31.166  19.355 0.0000000000
100685  -43.796  30.701  19.496 0.0000000000
100686  -44.289  30.836  20.025 0.0000000000
100673  -44.747  31.012  20.472 0.0000000000
101253  -44.836  31.618  20.323 0.0000000000
102491  -43.804  33.213  17.497 0.0000000000
101903  -44.148  32.881  18.098 0.0000000000
102485  -44.800  33.330  18.321 0.0000000000
102475  -45.921  33.814  19.217 0.0000000000
101886  -45.701  33.089  19.556 0.0000000000
101878  -46.985  32.410  20.725 0.0000000000
101897  -47.258  32.927  18.669 0.0000000000
101896  -46.985  32.085  18.090 0.0000000000
102519  -48.086  33.675  16.384 0.0000000000
101917  -47.539  33.028  16.607 0.0000000000
101920  -47.989  33.135  15.487 0.0000000000
103080  -48.171  35.153  15.808 0.0000000000
86946  -46.976  10.272  25.150 0.0000000000
87779  -47.362  11.602  23.703 0.0000000000
87780  -48.792  12.183  23.960 0.0000000000
88571  -48.439  12.395  23.135 0.0000000000
88595  -45.618  12.851  21.648 0.0000000000
88583  -45.955  12.350  22.394 0.0000000000
89330  -48.382  13.218  21.895 0.0000000000
89331  -48.935  13.241  22.119 0.0000000000
89332  -49.457  13.209  22.320 0.0000000000
89342  -49.495  13.253  21.903 0.0000000000
88598  -49.991  13.013  21.780 0.0000000000
88607  -49.493  12.660  20.180 0.0000000000
88606  -49.415  12.433  19.513 0.0000000000
93683  -42.613  19.005  23.163 0.0000000000
92195  -42.314  17.795  22.888 0.0000000000
97604  -43.938  25.551  20.508 0.0000000000
96978  -44.955  24.841  21.094 0.0000000000
96323  -45.252  23.367  21.227 0.0000000000
95684  -44.683  22.440  21.389 0.0000000000
95042  -45.130  21.606  21.830 0.0000000000
95031  -48.392  21.549  23.367 0.0000000000
95030  -47.945  21.580  23.090 0.0000000000
94393  -47.588  20.949  23.011 0.0000000000
94372  -46.512  20.079  23.375 0.0000000000
94392  -46.893  20.616  22.888 0.0000000000
94391  -45.980  20.487  23.047 0.0000000000
94390  -45.001  20.383  23.050 0.0000000000
93701  -44.447  19.908  23.101 0.0000000000
93686  -45.231  19.371  23.400 0.0000000000
92956  -45.711  18.185  21.961 0.0000000000
92952  -45.210  18.391  22.730 0.0000000000
92201  -44.303  17.837  22.481 0.0000000000
92205  -44.250  17.419  21.562 0.0000000000
92208  -44.590  17.300  20.812 0.0000000000
92209  -45.332  17.690  20.760 0.0000000000
92212  -45.770  17.280  19.811 0.0000000000
90767  -47.787  16.110  18.617 0.0000000000
92216  -50.119  17.981  18.943 0.0000000000
92987  -49.326  17.932  18.906 0.0000000000
92225  -49.571  17.612  18.542 0.0000000000
90778  -50.560  15.202  17.911 0.0000000000
91496  -49.113  16.534  18.203 0.0000000000
90769  -49.738  15.437  18.106 0.0000000000
90067  -49.657  14.392  18.545 0.0000000000
89361  -50.410  13.266  18.072 0.0000000000
89360  -50.095  12.837  17.619 0.0000000000
88627  -49.520  12.604  17.636 0.0000000000
88626  -48.777  12.558  17.326 0.0000000000
89372  -49.598  12.912  16.941 0.0000000000
90096  -50.069  14.023  15.591 0.0000000000
89386  -49.273  13.363  16.077 0.0000000000
90108  -49.261  14.417  14.651 0.0000000000
90823  -50.402  16.029  13.252 0.0000000000
90822  -49.688  15.706  13.112 0.0000000000
90832  -49.425  16.298  12.418 0.0000000000
90831  -48.765  16.022  12.493 0.0000000000
92305  -49.932  17.584  10.090 0.0000000000
92304  -49.355  17.400  10.213 0.0000000000
92314  -49.123  17.633  9.346 0.0000000000
92324  -48.048  17.667  8.429 0.0000000000
92325  -49.115  18.081  8.481 0.0000000000
95067  -51.334  21.468  17.638 0.0000000000
93762  -50.535  19.721  14.912 0.0000000000
93770  -51.026  19.367  14.472 0.0000000000
93041  -48.656  18.943  13.008 0.0000000000
93776  -49.417  19.007  13.502 0.0000000000
93051  -48.799  18.727  11.787 0.0000000000
93052  -49.640  18.568  11.453 0.0000000000
93070  -47.199  19.162  9.711 0.0000000000
93082  -46.401  18.990  8.669 0.0000000000
93091  -46.675  18.576  7.886 0.0000000000
86134  -47.322  10.136  20.135 0.0000000000
86986  -46.514  11.001  18.432 0.0000000000
100687  -48.127  30.485  19.476 0.0000000000
101265  -48.460  30.833  20.314 0.0000000000
100087  -48.453  29.406  18.720 0.0000000000
99447  -48.663  28.992  18.418 0.0000000000
90058  -43.688  15.154  20.112 0.0000000000
90761  -44.133  15.761  19.871 0.0000000000
98208  -40.208  26.437  19.704 0.0000000000
97601  -41.076  25.855  19.902 0.0000000000
96975  -42.449  24.816  20.392 0.0000000000
95045  -50.936  21.343  21.379 0.0000000000
95032  -50.493  21.397  22.318 0.0000000000
92966  -51.126  18.751  20.372 0.0000000000
92989  -52.569  18.126  17.936 0.0000000000
93006  -52.183  18.848  17.861 0.0000000000
93754  -51.889  19.969  16.047 0.0000000000
100071  -45.049  29.670  20.272 0.0000000000
98794  -45.792  28.046  20.260 0.0000000000
99421  -46.331  28.942  20.792 0.0000000000
98796  -47.489  28.052  21.318 0.0000000000
98781  -50.082  27.734  21.248 0.0000000000
98197  -50.240  26.550  21.436 0.0000000000
97593  -50.192  25.534  21.737 0.0000000000
96986  -50.116  24.573  19.000 0.0000000000
96996  -48.671  24.987  17.960 0.0000000000
85252  -53.337  8.443  23.683 0.0000000000
86950  -51.669  10.561  24.447 0.0000000000
87796  -49.781  12.256  21.597 0.0000000000
99415  -33.844  28.517  21.057 0.0000000000
100693  -34.041  30.824  18.736 0.0000000000
100680  -35.406  30.079  19.225 0.0000000000
100681  -36.388  29.802  19.156 0.0000000000
100062  -36.949  29.289  19.674 0.0000000000
100079  -37.379  29.528  19.185 0.0000000000
100081  -38.973  29.576  18.727 0.0000000000
100715  -39.772  30.698  17.098 0.0000000000
100716  -40.900  30.511  17.411 0.0000000000
100701  -41.892  30.527  18.532 0.0000000000
100684  -42.932  30.299  19.282 0.0000000000
100702  -42.710  30.770  18.678 0.0000000000
102493  -45.313  34.221  17.518 0.0000000000
103037  -46.265  34.349  18.950 0.0000000000
102476  -46.437  33.790  19.423 0.0000000000
102477  -47.025  33.725  19.484 0.0000000000
103039  -47.210  34.125  19.028 0.0000000000
103050  -47.522  34.551  18.518 0.0000000000
102494  -47.683  33.948  18.073 0.0000000000
102495  -48.193  34.352  17.466 0.0000000000
102509  -48.353  34.263  16.782 0.0000000000
103071  -48.583  34.697  16.483 0.0000000000
87776  -42.509  11.191  22.580 0.0000000000
86958  -42.378  10.479  23.173 0.0000000000
86112  -42.754  9.618  23.880 0.0000000000
87777  -45.502  11.000  23.586 0.0000000000
87778  -46.129  11.416  23.519 0.0000000000
89348  -45.968  13.898  20.665 0.0000000000
94386  -41.081  20.255  22.346 0.0000000000
97589  -45.856  25.345  21.029 0.0000000000
96324  -46.450  23.335  21.376 0.0000000000
95686  -46.883  22.222  21.943 0.0000000000
94374  -48.440  20.486  23.321 0.0000000000
93689  -47.756  19.924  23.197 0.0000000000
93688  -46.973  19.726  23.206 0.0000000000
93687  -46.086  19.402  23.341 0.0000000000
92953  -46.055  18.790  22.738 0.0000000000
92960  -46.050  18.216  21.228 0.0000000000
92210  -46.117  18.073  20.631 0.0000000000
92214  -47.510  17.755  18.906 0.0000000000
91498  -51.362  16.536  18.296 0.0000000000
91509  -51.368  15.735  18.081 0.0000000000
91508  -50.915  15.544  17.932 0.0000000000
90798  -50.756  14.634  15.131 0.0000000000
91538  -51.679  16.766  14.236 0.0000000000
91547  -50.433  16.757  12.742 0.0000000000
91555  -49.755  16.701  11.821 0.0000000000
91556  -50.390  17.190  11.641 0.0000000000
91565  -50.322  17.512  10.814 0.0000000000
92316  -50.179  18.363  9.750 0.0000000000
95083  -50.823  21.709  17.335 0.0000000000
94433  -50.537  20.865  16.784 0.0000000000
93020  -47.222  18.588  15.134 0.0000000000
93021  -47.947  18.920  14.702 0.0000000000
93058  -45.828  18.550  10.886 0.0000000000
93068  -45.043  18.489  9.822 0.0000000000
93047  -44.682  18.127  11.738 0.0000000000
101246  -47.250  31.373  21.408 0.0000000000
100666  -47.798  30.446  21.567 0.0000000000
100660  -48.256  30.746  21.630 0.0000000000
100661  -48.736  30.480  21.593 0.0000000000
100034  -49.187  29.776  21.615 0.0000000000
100053  -49.016  30.006  20.318 0.0000000000
100041  -49.429  29.843  20.983 0.0000000000
98230  -50.407  26.253  18.590 0.0000000000
98816  -50.356  27.192  18.347 0.0000000000
98236  -50.262  26.808  17.871 0.0000000000
99455  -49.567  27.720  17.501 0.0000000000
84332  -51.508  7.865  25.296 0.0000000000
85233  -51.238  8.652  25.530 0.0000000000
86076  -50.171  9.586  26.469 0.0000000000
86924  -50.489  10.205  26.374 0.0000000000
86933  -51.153  10.754  25.763 0.0000000000
87757  -51.091  11.816  25.242 0.0000000000
88561  -50.833  12.814  24.492 0.0000000000
101891  -33.674  31.820  18.802 0.0000000000
101277  -34.493  31.664  17.870 0.0000000000
100710  -34.900  31.209  17.674 0.0000000000
101279  -36.081  31.422  17.082 0.0000000000
101901  -43.029  32.377  17.445 0.0000000000
102506  -44.577  33.776  16.716 0.0000000000
103069  -47.411  35.208  16.732 0.0000000000
89347  -45.055  13.746  20.462 0.0000000000
90055  -46.398  14.268  20.114 0.0000000000
90062  -47.036  14.568  19.620 0.0000000000
95681  -41.642  22.565  21.259 0.0000000000
95040  -43.133  21.711  21.592 0.0000000000
96307  -48.666  23.369  22.640 0.0000000000
96306  -48.214  22.771  22.624 0.0000000000
95657  -49.090  22.098  23.420 0.0000000000
95011  -48.894  21.409  23.558 0.0000000000
95013  -50.185  21.348  23.153 0.0000000000
94376  -49.852  20.831  23.294 0.0000000000
94375  -49.273  20.732  23.466 0.0000000000
93705  -49.224  20.116  22.573 0.0000000000
93709  -48.876  19.869  21.904 0.0000000000
92963  -48.919  19.207  20.166 0.0000000000
92971  -50.361  18.293  19.716 0.0000000000
92217  -50.900  17.990  19.079 0.0000000000
92218  -51.425  17.967  19.202 0.0000000000
92227  -51.468  17.339  18.704 0.0000000000
91499  -52.106  16.499  18.547 0.0000000000
90781  -52.919  15.608  18.184 0.0000000000
90087  -53.411  14.761  17.369 0.0000000000
90099  -53.254  14.733  16.440 0.0000000000
90791  -53.532  15.359  16.893 0.0000000000
91530  -53.274  15.980  16.146 0.0000000000
92258  -52.757  17.584  16.451 0.0000000000
92269  -52.549  17.853  15.439 0.0000000000
91539  -52.302  17.242  14.785 0.0000000000
92282  -51.534  17.772  14.185 0.0000000000
94431  -48.770  20.309  17.151 0.0000000000
93744  -48.058  19.615  16.882 0.0000000000
93750  -47.742  18.989  16.202 0.0000000000
93027  -45.404  18.007  13.767 0.0000000000
98808  -42.503  27.860  19.253 0.0000000000
98223  -43.089  26.661  19.664 0.0000000000
97606  -46.012  25.729  20.934 0.0000000000
97590  -46.515  25.432  21.194 0.0000000000
97591  -47.428  25.403  21.648 0.0000000000
96965  -48.446  24.707  22.219 0.0000000000
100039  -47.754  29.725  21.484 0.0000000000
98779  -48.216  27.937  21.723 0.0000000000
98780  -49.322  27.887  22.038 0.0000000000
96308  -49.216  23.816  22.733 0.0000000000
96309  -49.684  23.594  22.550 0.0000000000
95688  -50.553  22.257  21.708 0.0000000000
95689  -51.092  22.196  20.822 0.0000000000
95048  -51.608  21.341  19.451 0.0000000000
95711  -51.267  22.098  18.160 0.0000000000
95732  -51.105  22.004  17.587 0.0000000000
95731  -50.959  22.196  17.572 0.0000000000
95065  -50.446  22.093  17.881 0.0000000000
96985  -49.636  24.734  18.603 0.0000000000
96984  -48.947  24.398  18.340 0.0000000000
84334  -52.581  8.101  25.480 0.0000000000
86118  -53.247  8.861  24.519 0.0000000000
85251  -52.959  8.938  23.471 0.0000000000
86116  -52.099  9.939  23.945 0.0000000000
86124  -52.576  9.275  23.469 0.0000000000
85264  -51.025  8.420  21.804 0.0000000000
85262  -48.656  8.883  21.463 0.0000000000
86126  -48.284  9.875  21.269 0.0000000000
86970  -49.216  10.601  21.759 0.0000000000
86977  -48.088  10.771  20.354 0.0000000000
87803  -48.285  11.394  19.605 0.0000000000
100045  -33.984  29.253  20.435 0.0000000000
100059  -34.544  29.592  20.131 0.0000000000
100046  -34.908  29.083  20.477 0.0000000000
98790  -35.961  27.428  20.352 0.0000000000
98204  -36.578  26.571  20.467 0.0000000000
98205  -37.532  26.602  20.316 0.0000000000
98206  -38.491  26.579  20.026 0.0000000000
98218  -38.943  26.986  19.789 0.0000000000
98803  -38.202  28.110  19.918 0.0000000000
98804  -38.817  27.715  19.736 0.0000000000
98219  -39.577  27.068  19.626 0.0000000000
98220  -40.361  27.160  19.532 0.0000000000
98221  -41.101  27.202  19.490 0.0000000000
98807  -41.517  27.883  19.227 0.0000000000
100713  -37.591  30.578  17.616 0.0000000000
100697  -38.271  30.051  18.235 0.0000000000
100699  -40.331  30.049  17.961 0.0000000000
100082  -39.922  29.509  18.516 0.0000000000
99435  -41.045  28.587  19.152 0.0000000000
99438  -44.038  29.018  19.579 0.0000000000
101285  -43.432  32.013  17.954 0.0000000000
101893  -43.970  32.328  18.326 0.0000000000
101272  -44.290  32.086  18.961 0.0000000000
101895  -45.153  33.033  19.028 0.0000000000
101885  -44.823  32.510  19.388 0.0000000000
101254  -45.452  31.582  20.559 0.0000000000
101255  -46.524  31.450  20.972 0.0000000000
101865  -47.419  31.826  21.279 0.0000000000
101879  -47.713  32.117  20.904 0.0000000000
103081  -48.550  34.661  15.712 0.0000000000
102529  -48.597  34.141  15.002 0.0000000000
86947  -48.084  10.732  25.267 0.0000000000
86962  -47.006  10.919  24.405 0.0000000000
87763  -47.555  10.984  24.610 0.0000000000
87765  -49.631  12.086  24.721 0.0000000000
88559  -49.832  12.890  24.141 0.0000000000
88573  -50.298  13.233  23.697 0.0000000000
88584  -46.996  12.474  22.555 0.0000000000
88597  -47.331  12.876  22.106 0.0000000000
88586  -49.130  12.933  22.637 0.0000000000
88588  -50.804  13.160  23.257 0.0000000000
87800  -49.560  12.235  20.780 0.0000000000
87804  -49.117  11.901  19.769 0.0000000000
87810  -48.632  11.795  19.235 0.0000000000
92194  -41.382  17.370  22.844 0.0000000000
92199  -42.326  17.168  22.572 0.0000000000
91479  -42.779  17.011  22.226 0.0000000000
98210  -43.553  26.048  20.181 0.0000000000
96976  -43.390  24.818  20.613 0.0000000000
96961  -44.690  24.194  21.136 0.0000000000
96960  -43.745  24.132  21.070 0.0000000000
95683  -43.653  22.480  21.327 0.0000000000
95669  -47.788  22.271  22.612 0.0000000000
95668  -47.340  22.106  22.348 0.0000000000
95044  -46.658  21.554  22.234 0.0000000000
95028  -46.398  21.056  22.519 0.0000000000
95043  -46.070  21.582  22.036 0.0000000000
95026  -44.590  20.933  22.265 0.0000000000
95025  -43.627  20.944  22.038 0.0000000000
93700  -43.752  19.750  22.903 0.0000000000
93684  -43.474  19.149  23.217 0.0000000000
92942  -44.832  18.811  23.227 0.0000000000
92941  -44.064  18.675  23.190 0.0000000000
92950  -43.899  18.119  22.915 0.0000000000
91482  -43.220  16.844  21.569 0.0000000000
91487  -44.087  16.798  20.549 0.0000000000
91490  -44.567  16.320  19.789 0.0000000000
91491  -45.177  16.781  19.725 0.0000000000
90763  -46.134  15.670  19.305 0.0000000000
90765  -48.306  15.040  18.742 0.0000000000
92969  -48.318  18.504  19.309 0.0000000000
91495  -48.077  16.724  18.498 0.0000000000
90064  -49.289  13.942  19.129 0.0000000000
89357  -49.708  13.532  19.009 0.0000000000
88612  -50.012  13.192  18.864 0.0000000000
90068  -50.297  13.791  18.224 0.0000000000
88618  -50.222  13.028  18.673 0.0000000000
88609  -48.486  12.178  18.398 0.0000000000
88625  -47.821  12.585  17.055 0.0000000000
89385  -48.242  13.389  15.826 0.0000000000
90094  -47.831  13.889  15.177 0.0000000000
90799  -51.548  15.023  15.334 0.0000000000
90811  -50.651  15.322  14.161 0.0000000000
90809  -48.529  14.962  14.057 0.0000000000
90820  -47.587  15.297  13.421 0.0000000000
90830  -47.707  15.795  12.397 0.0000000000
91563  -48.905  17.015  10.795 0.0000000000
94419  -51.605  20.592  17.852 0.0000000000
94440  -51.502  20.304  15.526 0.0000000000
94445  -51.655  20.026  14.891 0.0000000000
93031  -50.050  18.691  13.527 0.0000000000
94437  -49.427  20.032  16.492 0.0000000000
93761  -49.741  19.470  14.859 0.0000000000
93062  -49.755  18.713  10.334 0.0000000000
93072  -49.256  19.149  9.650 0.0000000000
93060  -48.007  18.905  10.747 0.0000000000
93071  -48.325  19.202  9.693 0.0000000000
93806  -48.855  19.221  7.982 0.0000000000
84333  -52.093  7.953  25.533 0.0000000000
85235  -52.911  8.320  25.367 0.0000000000
85236  -53.213  8.405  25.133 0.0000000000
85244  -51.112  8.033  25.204 0.0000000000
85246  -53.357  8.258  24.659 0.0000000000
85254  -49.116  9.612  21.816 0.0000000000
85259  -53.328  8.168  22.941 0.0000000000
86093  -53.061  8.601  25.260 0.0000000000
86107  -52.814  9.283  24.932 0.0000000000
86108  -53.207  8.763  25.053 0.0000000000
87781  -49.467  12.519  24.072 0.0000000000
87791  -47.086  12.032  23.024 0.0000000000
88560  -50.397  12.940  24.418 0.0000000000
90056  -46.920  14.129  20.050 0.0000000000
90076  -53.323  15.033  17.898 0.0000000000
90756  -42.840  15.429  20.746 0.0000000000
90757  -43.478  15.598  20.328 0.0000000000
90760  -43.826  15.372  20.026 0.0000000000
90770  -52.382  15.857  18.302 0.0000000000
90771  -52.537  16.111  18.336 0.0000000000
90801  -53.305  15.596  16.170 0.0000000000
91512  -53.463  15.950  17.188 0.0000000000
91521  -53.378  15.976  16.514 0.0000000000
91553  -48.144  16.182  11.846 0.0000000000
92202  -44.768  18.060  22.597 0.0000000000
92204  -43.648  17.210  21.795 0.0000000000
92215  -49.697  17.956  18.904 0.0000000000
92306  -50.347  18.021  10.282 0.0000000000
92313  -48.278  17.433  9.253 0.0000000000
92315  -49.868  18.137  9.349 0.0000000000
92332  -48.253  18.304  7.977 0.0000000000
92333  -49.074  18.594  8.044 0.0000000000
92334  -49.301  18.803  8.164 0.0000000000
92986  -49.015  17.935  18.940 0.0000000000
93034  -52.069  19.127  14.659 0.0000000000
93063  -50.208  18.530  10.064 0.0000000000
93073  -49.962  18.838  9.407 0.0000000000
93074  -50.143  18.601  9.728 0.0000000000
93084  -48.719  19.411  8.901 0.0000000000
93085  -49.412  19.345  8.928 0.0000000000
93086  -49.594  19.099  8.661 0.0000000000
93093  -48.625  18.842  7.828 0.0000000000
93094  -49.165  18.975  7.949 0.0000000000
93095  -49.412  18.983  8.275 0.0000000000
93763  -52.017  19.965  15.180 0.0000000000
93764  -52.156  19.468  14.919 0.0000000000
93771  -51.788  19.601  14.668 0.0000000000
93777  -49.661  18.903  13.518 0.0000000000
93798  -48.477  19.290  8.258 0.0000000000
93799  -49.034  19.390  8.433 0.0000000000
93800  -49.321  19.333  8.585 0.0000000000
93805  -48.384  19.113  7.893 0.0000000000
93807  -49.234  19.210  8.231 0.0000000000
93808  -49.406  19.166  8.427 0.0000000000
94370  -44.927  19.801  23.397 0.0000000000
94394  -49.014  20.253  23.168 0.0000000000
94395  -49.582  20.431  23.000 0.0000000000
94449  -51.520  19.834  14.729 0.0000000000
94450  -51.751  19.829  14.755 0.0000000000
95066  -50.781  22.173  17.674 0.0000000000
95687  -47.446  22.460  22.235 0.0000000000
97609  -41.377  26.592  19.642 0.0000000000
98180  -49.174  25.896  22.333 0.0000000000
98782  -50.349  27.040  21.000 0.0000000000
98811  -45.102  28.254  19.952 0.0000000000
98815  -50.052  27.640  17.938 0.0000000000
99400  -48.543  29.581  21.739 0.0000000000
99401  -48.773  29.517  21.841 0.0000000000
99420  -45.697  28.987  20.417 0.0000000000
100033  -48.929  29.921  21.811 0.0000000000
100037  -33.435  28.964  21.037 0.0000000000
100038  -47.301  30.082  21.453 0.0000000000
100040  -49.150  30.295  20.785 0.0000000000
100048  -36.418  29.060  20.126 0.0000000000
100049  -45.077  30.444  20.546 0.0000000000
100063  -37.844  29.102  19.476 0.0000000000
100073  -48.741  29.600  19.296 0.0000000000
100074  -49.177  29.315  19.517 0.0000000000
100091  -47.575  29.205  17.926 0.0000000000
100662  -49.031  30.126  21.686 0.0000000000
100668  -49.121  30.195  21.464 0.0000000000
100676  -48.831  30.541  20.620 0.0000000000
100725  -41.362  30.881  17.077 0.0000000000
101239  -48.165  31.044  21.683 0.0000000000
101240  -48.338  30.988  21.618 0.0000000000
101247  -47.928  31.266  21.642 0.0000000000
101269  -33.984  31.410  18.422 0.0000000000
101902  -43.625  32.867  17.716 0.0000000000
103038  -46.948  34.327  19.067 0.0000000000
103058  -46.967  35.211  17.785 0.0000000000
103070  -48.106  35.335  16.594 0.0000000000
103552  -47.382  35.088  18.399 0.0000000000
103561  -48.460  35.095  17.536 0.0000000000
103571  -48.586  35.097  16.916 0.0000000000
103577  -48.386  35.225  16.583 0.0000000000
