#!ascii label  , from subject demencia vox2ras=TkReg
1617
43357  -28.723  -33.112  43.618 0.0000000000
60822  -45.530  -18.604  31.320 0.0000000000
56774  -35.977  -22.437  37.134 0.0000000000
38433  -4.730  -41.218  37.032 0.0000000000
43375  -17.381  -35.097  42.339 0.0000000000
44458  -0.917  -34.854  38.720 0.0000000000
43332  -1.451  -36.415  46.146 0.0000000000
62873  -38.537  -16.963  34.564 0.0000000000
48752  -3.150  -31.017  33.228 0.0000000000
33057  -1.761  -45.163  43.186 0.0000000000
47674  -28.959  -31.317  38.085 0.0000000000
42363  -25.760  -34.174  42.191 0.0000000000
45434  -23.710  -33.345  45.674 0.0000000000
61952  -49.556  -17.026  29.453 0.0000000000
58763  -37.655  -20.257  35.314 0.0000000000
40430  -14.104  -37.845  37.680 0.0000000000
49665  -5.706  -28.944  37.763 0.0000000000
42402  -6.435  -36.514  38.590 0.0000000000
43542  -5.240  -35.867  33.044 0.0000000000
39525  -6.203  -39.982  31.789 0.0000000000
33052  -6.865  -43.858  45.701 0.0000000000
34008  -4.329  -43.344  46.844 0.0000000000
53529  -33.793  -25.016  39.128 0.0000000000
43324  -20.376  -34.432  47.729 0.0000000000
46537  -19.405  -32.569  40.494 0.0000000000
43386  -1.297  -35.540  42.237 0.0000000000
39329  -3.963  -38.935  42.955 0.0000000000
61875  -42.463  -16.779  33.045 0.0000000000
34048  -9.497  -41.918  43.230 0.0000000000
38393  -12.373  -39.954  40.924 0.0000000000
45529  -1.956  -33.174  35.607 0.0000000000
44596  -2.507  -34.201  29.198 0.0000000000
40319  -2.634  -38.578  49.087 0.0000000000
37292  -2.397  -40.770  45.651 0.0000000000
36247  -2.292  -43.192  40.207 0.0000000000
44415  -30.708  -33.251  43.323 0.0000000000
42390  -28.857  -34.487  41.236 0.0000000000
44441  -30.098  -32.859  40.822 0.0000000000
42347  -27.119  -34.129  42.590 0.0000000000
42406  -27.359  -34.634  40.153 0.0000000000
42306  -26.059  -34.402  44.900 0.0000000000
61925  -47.972  -17.800  30.862 0.0000000000
59776  -43.104  -18.472  29.580 0.0000000000
60877  -44.764  -17.955  28.417 0.0000000000
61957  -46.627  -17.044  27.462 0.0000000000
57784  -37.068  -21.290  35.929 0.0000000000
54644  -33.149  -23.898  35.685 0.0000000000
55727  -34.697  -23.244  34.852 0.0000000000
55737  -35.920  -22.399  33.539 0.0000000000
39433  -6.864  -39.366  37.660 0.0000000000
39476  -7.349  -38.541  35.298 0.0000000000
38453  -5.585  -40.307  34.606 0.0000000000
37446  -3.640  -42.174  31.986 0.0000000000
37414  -4.149  -41.809  34.238 0.0000000000
33069  -6.928  -43.474  43.407 0.0000000000
31990  -5.573  -45.162  44.792 0.0000000000
52484  -33.204  -26.553  40.449 0.0000000000
48652  -30.275  -29.670  40.592 0.0000000000
48690  -28.680  -30.139  38.618 0.0000000000
50575  -30.241  -28.584  39.525 0.0000000000
52514  -31.676  -26.624  38.491 0.0000000000
45351  -21.410  -33.015  49.193 0.0000000000
46513  -23.625  -31.926  42.415 0.0000000000
47539  -21.706  -31.709  43.591 0.0000000000
64803  -49.337  -14.292  26.218 0.0000000000
65720  -51.775  -13.379  25.034 0.0000000000
43359  -0.791  -36.213  43.853 0.0000000000
41343  -2.315  -36.949  42.088 0.0000000000
40361  -2.312  -37.828  43.806 0.0000000000
62901  -40.630  -15.907  33.314 0.0000000000
60802  -36.610  -19.140  32.338 0.0000000000
61921  -37.485  -17.237  31.283 0.0000000000
61923  -39.762  -17.235  30.417 0.0000000000
35030  -10.405  -41.697  45.730 0.0000000000
35044  -11.545  -41.305  44.761 0.0000000000
46535  -3.024  -32.534  40.252 0.0000000000
46558  -3.554  -32.444  38.317 0.0000000000
44479  -1.371  -34.070  36.695 0.0000000000
42569  -6.134  -36.451  29.806 0.0000000000
43584  -4.445  -34.888  30.816 0.0000000000
43642  -3.945  -35.366  28.142 0.0000000000
38295  -4.721  -39.615  48.879 0.0000000000
31978  -3.593  -44.301  45.119 0.0000000000
35020  -3.402  -42.215  46.388 0.0000000000
35035  -2.736  -43.249  44.579 0.0000000000
37326  -2.930  -42.793  43.019 0.0000000000
35069  -1.421  -43.939  42.288 0.0000000000
45479  -30.450  -31.717  40.953 0.0000000000
45368  -23.731  -32.949  48.563 0.0000000000
43299  -25.103  -34.304  47.118 0.0000000000
43366  -25.240  -33.815  43.994 0.0000000000
63926  -50.776  -15.789  28.640 0.0000000000
62968  -48.108  -16.099  26.710 0.0000000000
60758  -37.981  -18.663  34.880 0.0000000000
58808  -36.504  -20.914  32.495 0.0000000000
43431  -16.494  -35.052  38.735 0.0000000000
43400  -15.609  -35.787  40.120 0.0000000000
48717  -5.139  -30.033  35.545 0.0000000000
42434  -2.713  -35.972  37.682 0.0000000000
42475  -2.719  -35.677  35.507 0.0000000000
43464  -6.265  -35.738  36.156 0.0000000000
41446  -7.397  -37.431  32.269 0.0000000000
39547  -4.793  -39.581  29.323 0.0000000000
36153  -7.626  -42.447  47.652 0.0000000000
36143  -5.400  -42.072  47.993 0.0000000000
33035  -6.083  -43.761  46.670 0.0000000000
31981  -4.579  -45.274  45.515 0.0000000000
55679  -34.691  -23.847  38.163 0.0000000000
53541  -31.852  -25.535  37.295 0.0000000000
43352  -19.159  -34.294  45.133 0.0000000000
45399  -22.534  -32.881  47.491 0.0000000000
46459  -20.361  -32.519  44.363 0.0000000000
44428  -18.444  -33.836  41.652 0.0000000000
46519  -1.744  -32.928  41.207 0.0000000000
46490  -1.175  -33.058  42.992 0.0000000000
43412  -0.864  -35.549  40.198 0.0000000000
42377  -2.517  -36.205  40.885 0.0000000000
41347  -5.677  -37.809  41.444 0.0000000000
39388  -5.804  -40.039  40.287 0.0000000000
60805  -43.561  -17.972  32.039 0.0000000000
60834  -41.891  -17.908  30.211 0.0000000000
35024  -8.307  -42.500  46.901 0.0000000000
34035  -8.421  -42.640  45.176 0.0000000000
35072  -8.102  -42.489  42.465 0.0000000000
42358  -14.605  -36.947  40.983 0.0000000000
39352  -13.313  -38.688  42.187 0.0000000000
37319  -11.985  -39.437  43.853 0.0000000000
36236  -10.690  -41.172  42.296 0.0000000000
36252  -8.725  -41.471  41.044 0.0000000000
48657  -6.331  -30.519  39.188 0.0000000000
47651  -4.817  -31.741  37.230 0.0000000000
46606  -2.667  -31.912  34.237 0.0000000000
42515  -1.856  -35.653  34.296 0.0000000000
43538  -2.100  -34.573  32.664 0.0000000000
45580  -1.753  -33.067  31.255 0.0000000000
40326  -2.072  -37.754  47.332 0.0000000000
37275  -3.367  -41.303  48.361 0.0000000000
38317  -2.962  -40.294  46.971 0.0000000000
40348  -2.333  -38.431  45.752 0.0000000000
38339  -3.091  -40.484  44.215 0.0000000000
37340  -4.262  -41.982  41.892 0.0000000000
37374  -3.742  -41.674  38.675 0.0000000000
32051  -0.063  -45.869  40.925 0.0000000000
34085  -0.938  -45.333  39.005 0.0000000000
36307  -3.044  -42.763  36.538 0.0000000000
44414  -30.256  -33.266  43.631 0.0000000000
43348  -29.543  -32.977  44.093 0.0000000000
43378  -28.956  -33.696  42.686 0.0000000000
43379  -29.715  -33.523  42.597 0.0000000000
42337  -28.119  -33.611  43.182 0.0000000000
42368  -28.451  -34.251  42.090 0.0000000000
43346  -27.995  -33.119  44.039 0.0000000000
42322  -27.494  -33.646  43.828 0.0000000000
60839  -46.375  -18.515  30.684 0.0000000000
60837  -44.538  -18.285  29.949 0.0000000000
60876  -43.790  -18.317  28.235 0.0000000000
60858  -45.161  -18.103  29.365 0.0000000000
60878  -45.909  -17.843  28.612 0.0000000000
56796  -35.910  -22.265  36.167 0.0000000000
56764  -37.308  -21.599  37.379 0.0000000000
56763  -36.718  -22.199  37.677 0.0000000000
55726  -33.566  -23.668  34.700 0.0000000000
55715  -34.979  -23.242  35.815 0.0000000000
56812  -35.941  -22.312  35.300 0.0000000000
39432  -5.983  -39.980  37.859 0.0000000000
39452  -6.251  -39.993  36.694 0.0000000000
38443  -5.546  -40.461  35.742 0.0000000000
37415  -4.504  -41.152  34.086 0.0000000000
38451  -4.421  -41.454  35.309 0.0000000000
34055  -6.361  -43.599  42.154 0.0000000000
33058  -5.759  -44.419  43.371 0.0000000000
49629  -31.048  -29.114  41.252 0.0000000000
49645  -30.290  -29.134  40.147 0.0000000000
50562  -31.830  -28.256  40.700 0.0000000000
50577  -31.825  -27.552  40.055 0.0000000000
64797  -50.976  -14.260  26.992 0.0000000000
65710  -50.948  -13.488  25.718 0.0000000000
65712  -52.618  -13.427  25.859 0.0000000000
43331  -1.338  -35.953  45.558 0.0000000000
41326  -1.476  -37.119  43.888 0.0000000000
42310  -1.603  -37.011  45.017 0.0000000000
62900  -39.492  -16.128  33.799 0.0000000000
63864  -40.665  -15.442  34.648 0.0000000000
61895  -37.426  -17.976  33.417 0.0000000000
60817  -36.805  -18.116  31.878 0.0000000000
61896  -38.023  -17.043  33.009 0.0000000000
61897  -38.946  -16.714  32.365 0.0000000000
35032  -11.946  -41.477  45.804 0.0000000000
36171  -12.138  -40.955  45.004 0.0000000000
42328  -17.755  -35.258  44.205 0.0000000000
43361  -16.882  -35.402  42.892 0.0000000000
49723  -3.439  -29.661  33.904 0.0000000000
45484  -2.018  -33.375  39.002 0.0000000000
45494  -2.253  -33.411  38.345 0.0000000000
44469  -1.429  -34.208  37.600 0.0000000000
41498  -5.094  -37.255  28.529 0.0000000000
42590  -5.266  -36.212  28.855 0.0000000000
41510  -3.779  -37.264  27.707 0.0000000000
40321  -5.334  -38.246  48.561 0.0000000000
38300  -5.286  -40.169  48.478 0.0000000000
33050  -2.746  -44.437  44.494 0.0000000000
34033  -3.012  -43.427  44.859 0.0000000000
34045  -1.886  -44.381  43.429 0.0000000000
35052  -1.991  -43.752  42.987 0.0000000000
34054  -1.450  -44.512  42.593 0.0000000000
45460  -31.007  -32.390  42.413 0.0000000000
44442  -30.394  -32.275  40.921 0.0000000000
46514  -31.213  -31.516  42.529 0.0000000000
47572  -31.156  -30.487  42.260 0.0000000000
42333  -26.101  -34.206  43.439 0.0000000000
42304  -25.271  -34.716  44.590 0.0000000000
42331  -25.580  -33.923  43.393 0.0000000000
44429  -24.375  -33.243  42.254 0.0000000000
62948  -50.033  -16.677  29.350 0.0000000000
61950  -47.784  -16.935  28.707 0.0000000000
62960  -47.808  -16.417  27.125 0.0000000000
62954  -48.798  -16.650  28.196 0.0000000000
62962  -49.545  -16.181  27.895 0.0000000000
59722  -37.974  -19.378  35.254 0.0000000000
61822  -38.951  -18.429  36.426 0.0000000000
59702  -38.860  -19.524  36.533 0.0000000000
57817  -36.930  -21.555  34.184 0.0000000000
57838  -36.330  -21.519  32.863 0.0000000000
58791  -37.554  -20.396  34.030 0.0000000000
59734  -37.619  -19.713  34.116 0.0000000000
51580  -4.799  -27.862  37.813 0.0000000000
50610  -4.892  -28.853  36.569 0.0000000000
49679  -5.520  -29.405  36.987 0.0000000000
42418  -4.534  -36.180  38.284 0.0000000000
42436  -4.606  -35.915  37.179 0.0000000000
42438  -6.813  -36.146  36.785 0.0000000000
39513  -6.906  -38.903  33.373 0.0000000000
40492  -7.479  -38.124  33.650 0.0000000000
40526  -6.873  -38.635  31.601 0.0000000000
40541  -6.808  -38.353  30.598 0.0000000000
38500  -5.768  -39.965  30.507 0.0000000000
37481  -4.281  -41.253  30.839 0.0000000000
34021  -7.164  -43.446  46.725 0.0000000000
33036  -6.608  -43.572  46.813 0.0000000000
33043  -6.619  -43.840  46.442 0.0000000000
31998  -4.963  -45.337  43.994 0.0000000000
31982  -5.161  -45.450  45.531 0.0000000000
31997  -4.267  -45.516  43.908 0.0000000000
31987  -4.006  -45.184  44.745 0.0000000000
54591  -34.324  -24.481  38.819 0.0000000000
52516  -32.934  -25.773  39.014 0.0000000000
52533  -32.175  -25.894  37.980 0.0000000000
53527  -32.770  -25.613  38.308 0.0000000000
53559  -33.079  -24.786  37.301 0.0000000000
43308  -19.809  -34.751  47.985 0.0000000000
43341  -19.225  -34.435  46.058 0.0000000000
44381  -20.108  -33.836  46.442 0.0000000000
44370  -24.403  -33.756  47.069 0.0000000000
45400  -23.535  -33.214  47.655 0.0000000000
45418  -23.602  -33.275  46.790 0.0000000000
46512  -20.431  -32.118  42.184 0.0000000000
46480  -21.063  -32.032  43.876 0.0000000000
46497  -19.899  -32.541  42.761 0.0000000000
45451  -19.302  -33.089  43.172 0.0000000000
46510  -19.037  -32.919  41.863 0.0000000000
44450  -17.935  -34.007  39.781 0.0000000000
45449  -0.919  -34.150  43.439 0.0000000000
45455  -1.204  -34.065  42.370 0.0000000000
45464  -1.296  -34.211  41.438 0.0000000000
43398  -1.374  -35.565  41.194 0.0000000000
42397  -1.771  -36.059  40.224 0.0000000000
42376  -1.808  -36.010  41.199 0.0000000000
41335  -3.365  -37.985  42.276 0.0000000000
41345  -3.523  -37.530  41.645 0.0000000000
40389  -4.306  -38.172  42.130 0.0000000000
39351  -6.264  -39.034  41.315 0.0000000000
38368  -5.299  -39.876  41.967 0.0000000000
60781  -43.091  -17.522  32.569 0.0000000000
60760  -44.291  -17.509  33.724 0.0000000000
61846  -43.710  -16.902  34.345 0.0000000000
61909  -41.625  -17.244  31.382 0.0000000000
61924  -40.581  -17.583  30.422 0.0000000000
61910  -42.276  -17.390  31.344 0.0000000000
59756  -43.006  -17.698  31.109 0.0000000000
35017  -9.680  -42.224  47.435 0.0000000000
34037  -10.162  -41.662  44.791 0.0000000000
34036  -9.234  -41.984  44.911 0.0000000000
34047  -8.716  -42.229  43.574 0.0000000000
34046  -8.084  -42.892  43.946 0.0000000000
34058  -8.971  -42.142  42.805 0.0000000000
41374  -14.844  -36.778  38.858 0.0000000000
42381  -15.159  -36.325  40.435 0.0000000000
40409  -14.667  -37.603  39.496 0.0000000000
38406  -12.415  -39.435  40.149 0.0000000000
39372  -13.532  -38.764  41.182 0.0000000000
38394  -12.871  -39.536  41.612 0.0000000000
38369  -12.414  -38.803  43.325 0.0000000000
37360  -12.450  -39.889  42.141 0.0000000000
37331  -11.586  -40.659  42.745 0.0000000000
37358  -11.580  -40.317  41.323 0.0000000000
38389  -9.433  -40.709  39.919 0.0000000000
49638  -5.832  -30.403  40.723 0.0000000000
46568  -3.022  -32.956  37.402 0.0000000000
47650  -3.995  -32.099  37.234 0.0000000000
46577  -3.503  -32.316  36.406 0.0000000000
46590  -3.578  -32.018  35.807 0.0000000000
46588  -2.036  -32.716  34.991 0.0000000000
42498  -3.813  -35.601  34.528 0.0000000000
42496  -2.101  -35.881  34.834 0.0000000000
42517  -3.595  -35.709  33.737 0.0000000000
44574  -3.276  -34.554  30.839 0.0000000000
43560  -2.885  -34.737  31.791 0.0000000000
44551  -2.530  -34.403  31.542 0.0000000000
44530  -1.889  -33.988  32.286 0.0000000000
44550  -1.952  -33.808  30.842 0.0000000000
45594  -1.592  -33.208  30.060 0.0000000000
40318  -1.974  -38.308  48.536 0.0000000000
35011  -4.507  -42.866  47.404 0.0000000000
36141  -4.128  -41.777  48.566 0.0000000000
35010  -3.941  -42.684  47.391 0.0000000000
36165  -2.946  -41.446  46.075 0.0000000000
37282  -2.821  -41.033  46.530 0.0000000000
37288  -2.522  -40.868  46.082 0.0000000000
39274  -2.580  -38.895  46.465 0.0000000000
38324  -2.369  -40.106  45.840 0.0000000000
39290  -2.560  -39.436  44.945 0.0000000000
38338  -2.649  -40.465  44.695 0.0000000000
37339  -2.645  -43.051  41.850 0.0000000000
37327  -3.302  -42.576  42.526 0.0000000000
36230  -2.969  -42.807  41.366 0.0000000000
37353  -4.212  -41.870  40.279 0.0000000000
36248  -3.383  -42.369  40.273 0.0000000000
32067  0.701  -46.203  39.460 0.0000000000
33087  -0.338  -45.440  40.520 0.0000000000
46501  -31.436  -32.591  43.276 0.0000000000
43421  -28.737  -34.577  39.969 0.0000000000
43422  -29.311  -34.106  40.015 0.0000000000
43407  -29.352  -34.070  41.072 0.0000000000
44421  -30.574  -33.008  42.477 0.0000000000
42346  -26.606  -34.204  42.634 0.0000000000
42366  -27.140  -34.370  41.812 0.0000000000
42389  -28.223  -34.742  41.143 0.0000000000
42320  -26.452  -34.075  44.111 0.0000000000
61940  -47.959  -17.613  30.086 0.0000000000
60902  -43.533  -17.782  26.576 0.0000000000
61960  -44.092  -17.346  26.171 0.0000000000
61971  -45.223  -16.996  25.606 0.0000000000
60892  -46.129  -17.484  27.805 0.0000000000
61949  -46.803  -17.344  28.236 0.0000000000
57801  -37.485  -20.651  35.431 0.0000000000
58749  -38.676  -20.068  36.694 0.0000000000
57773  -38.397  -20.617  37.451 0.0000000000
57765  -38.583  -20.854  38.491 0.0000000000
54642  -31.807  -24.158  35.115 0.0000000000
54656  -31.776  -23.673  34.330 0.0000000000
55725  -32.761  -23.584  34.068 0.0000000000
55744  -33.408  -23.463  32.562 0.0000000000
55745  -34.295  -23.232  32.718 0.0000000000
55736  -35.455  -22.694  33.965 0.0000000000
56813  -36.435  -21.934  34.752 0.0000000000
40414  -7.131  -38.301  38.532 0.0000000000
41372  -7.381  -37.165  37.498 0.0000000000
40440  -7.406  -38.563  36.623 0.0000000000
39475  -6.908  -39.168  35.334 0.0000000000
38462  -5.662  -40.377  33.446 0.0000000000
38483  -4.887  -41.159  31.531 0.0000000000
38471  -5.064  -41.095  32.829 0.0000000000
37430  -3.937  -42.198  32.984 0.0000000000
33056  -6.931  -43.690  44.975 0.0000000000
33051  -6.320  -44.385  45.267 0.0000000000
33055  -6.248  -44.142  44.489 0.0000000000
52500  -33.736  -25.744  40.006 0.0000000000
47644  -29.336  -30.724  39.429 0.0000000000
47659  -28.698  -31.080  38.081 0.0000000000
48678  -29.235  -29.969  39.171 0.0000000000
49674  -29.399  -29.497  39.200 0.0000000000
50589  -29.387  -28.476  38.803 0.0000000000
51548  -30.962  -27.775  39.106 0.0000000000
51550  -32.169  -26.859  39.719 0.0000000000
44340  -21.087  -33.569  48.983 0.0000000000
45452  -23.764  -33.029  43.746 0.0000000000
46482  -23.235  -32.434  44.494 0.0000000000
47555  -23.016  -31.552  42.889 0.0000000000
47569  -21.732  -31.535  41.956 0.0000000000
65717  -48.833  -12.922  25.056 0.0000000000
66642  -49.719  -12.457  24.460 0.0000000000
66654  -51.564  -12.446  23.761 0.0000000000
66655  -52.318  -12.647  23.843 0.0000000000
43371  -1.018  -35.895  43.092 0.0000000000
42355  -2.007  -36.594  42.072 0.0000000000
42339  -1.604  -36.721  42.825 0.0000000000
41331  -1.817  -37.432  43.565 0.0000000000
40373  -2.835  -38.006  43.165 0.0000000000
61874  -41.872  -16.510  32.797 0.0000000000
63865  -41.840  -15.573  34.252 0.0000000000
60830  -36.329  -18.644  30.201 0.0000000000
61937  -37.830  -17.263  30.135 0.0000000000
60851  -38.362  -17.567  29.193 0.0000000000
61922  -38.611  -16.883  30.738 0.0000000000
61898  -39.982  -16.419  32.052 0.0000000000
35018  -10.309  -41.819  47.322 0.0000000000
35027  -11.091  -41.540  46.539 0.0000000000
35037  -10.940  -41.613  45.109 0.0000000000
35042  -10.685  -41.508  44.045 0.0000000000
39414  -11.882  -39.294  38.636 0.0000000000
39370  -10.682  -39.856  39.967 0.0000000000
47599  -3.590  -32.127  40.619 0.0000000000
47601  -4.922  -31.793  40.036 0.0000000000
46547  -3.240  -32.656  39.266 0.0000000000
45506  -2.412  -33.367  37.457 0.0000000000
45516  -1.873  -33.570  36.605 0.0000000000
43586  -6.107  -35.805  31.474 0.0000000000
43562  -4.505  -35.310  31.898 0.0000000000
43606  -5.246  -35.447  30.080 0.0000000000
43605  -4.616  -35.059  29.703 0.0000000000
44619  -3.159  -34.518  28.724 0.0000000000
41281  -5.106  -37.168  48.844 0.0000000000
40314  -4.620  -37.996  48.972 0.0000000000
39255  -3.546  -39.169  48.919 0.0000000000
31973  -4.094  -44.255  45.855 0.0000000000
35021  -3.588  -42.664  46.594 0.0000000000
33037  -3.617  -43.621  45.539 0.0000000000
34032  -3.292  -42.708  45.306 0.0000000000
36170  -3.036  -41.830  45.186 0.0000000000
37302  -2.802  -41.374  44.634 0.0000000000
36178  -2.926  -42.335  44.293 0.0000000000
36209  -1.987  -43.380  42.275 0.0000000000
36228  -1.375  -43.492  41.391 0.0000000000
45511  -29.453  -32.002  38.364 0.0000000000
43423  -29.681  -33.228  39.730 0.0000000000
45488  -29.833  -31.901  40.097 0.0000000000
45500  -29.572  -31.257  39.883 0.0000000000
47612  -30.133  -30.737  40.736 0.0000000000
48621  -31.233  -29.822  41.982 0.0000000000
44384  -24.834  -34.293  46.606 0.0000000000
43328  -25.841  -34.261  46.151 0.0000000000
43343  -24.778  -34.789  44.895 0.0000000000
44406  -24.332  -33.825  44.859 0.0000000000
44419  -24.236  -33.478  43.138 0.0000000000
62972  -46.741  -15.871  26.089 0.0000000000
63937  -49.154  -15.007  26.652 0.0000000000
64790  -50.290  -14.824  27.389 0.0000000000
62851  -39.345  -16.635  35.907 0.0000000000
61831  -39.099  -17.434  36.259 0.0000000000
55756  -35.060  -23.019  31.718 0.0000000000
59746  -36.661  -19.880  32.471 0.0000000000
60779  -37.363  -18.761  33.889 0.0000000000
43402  -16.959  -35.049  40.551 0.0000000000
42383  -16.534  -35.434  40.974 0.0000000000
43414  -16.407  -35.137  39.592 0.0000000000
42423  -15.053  -35.992  38.634 0.0000000000
49706  -3.859  -29.322  35.009 0.0000000000
48736  -4.054  -30.464  34.037 0.0000000000
43429  -1.487  -35.754  38.360 0.0000000000
43461  -1.791  -35.466  36.898 0.0000000000
42453  -2.713  -35.642  36.561 0.0000000000
43462  -4.002  -35.412  35.978 0.0000000000
42500  -5.375  -35.837  34.316 0.0000000000
42458  -7.396  -36.493  35.700 0.0000000000
42501  -7.104  -36.359  33.966 0.0000000000
42536  -6.933  -36.145  32.439 0.0000000000
41461  -7.020  -37.240  30.583 0.0000000000
37269  -5.679  -41.146  47.821 0.0000000000
35006  -6.211  -42.625  47.537 0.0000000000
34010  -5.548  -43.246  47.167 0.0000000000
33033  -4.758  -43.964  46.543 0.0000000000
33047  -6.045  -45.297  46.085 0.0000000000
31976  -5.072  -45.310  46.173 0.0000000000
33040  -4.537  -44.401  46.302 0.0000000000
31980  -4.168  -44.945  45.417 0.0000000000
31986  -3.580  -45.036  44.673 0.0000000000
30878  -2.304  -45.939  43.587 0.0000000000
55680  -35.312  -23.070  37.771 0.0000000000
56762  -36.094  -22.595  37.960 0.0000000000
56753  -35.794  -22.836  38.554 0.0000000000
48723  -28.329  -30.860  36.776 0.0000000000
53556  -30.563  -25.386  35.994 0.0000000000
54625  -33.477  -24.185  36.670 0.0000000000
42315  -18.506  -34.936  45.182 0.0000000000
44411  -18.274  -34.364  43.225 0.0000000000
45352  -22.571  -32.431  48.966 0.0000000000
45385  -22.261  -32.877  48.127 0.0000000000
45398  -21.525  -33.219  47.324 0.0000000000
46461  -22.395  -32.233  45.468 0.0000000000
46439  -21.408  -32.396  45.826 0.0000000000
45415  -20.335  -33.276  45.864 0.0000000000
44405  -19.413  -33.734  44.666 0.0000000000
44412  -18.991  -33.718  43.778 0.0000000000
44417  -17.892  -34.575  42.244 0.0000000000
43416  -17.677  -34.348  39.979 0.0000000000
67647  -52.143  -11.886  22.469 0.0000000000
67648  -53.061  -11.930  22.838 0.0000000000
67661  -53.830  -11.484  21.494 0.0000000000
46534  -2.331  -32.744  40.184 0.0000000000
44448  -1.148  -34.293  39.465 0.0000000000
46506  -1.503  -33.066  42.056 0.0000000000
45474  -1.249  -34.147  40.758 0.0000000000
44447  -0.735  -34.899  39.709 0.0000000000
42415  -1.649  -36.169  39.137 0.0000000000
42399  -3.421  -36.306  39.605 0.0000000000
42400  -4.411  -36.583  39.403 0.0000000000
42357  -2.903  -36.816  41.400 0.0000000000
41356  -4.078  -37.259  40.847 0.0000000000
41365  -5.437  -36.979  39.974 0.0000000000
40407  -6.795  -38.431  39.784 0.0000000000
39411  -6.710  -39.430  38.864 0.0000000000
39410  -5.775  -40.209  39.106 0.0000000000
60806  -44.480  -18.354  31.917 0.0000000000
60852  -39.531  -17.750  29.220 0.0000000000
60853  -40.557  -18.018  29.193 0.0000000000
60873  -40.922  -18.205  28.369 0.0000000000
59775  -42.559  -18.345  29.796 0.0000000000
59764  -43.337  -18.272  30.249 0.0000000000
35015  -7.680  -42.736  47.355 0.0000000000
34023  -8.139  -42.682  46.513 0.0000000000
34024  -9.023  -42.239  46.277 0.0000000000
34029  -8.256  -42.721  45.887 0.0000000000
34034  -7.666  -43.333  45.451 0.0000000000
34056  -6.960  -43.188  42.744 0.0000000000
42361  -16.424  -35.759  41.614 0.0000000000
42340  -15.222  -36.473  42.101 0.0000000000
41337  -14.755  -37.084  42.536 0.0000000000
40408  -14.366  -38.276  39.715 0.0000000000
40392  -13.950  -38.003  41.886 0.0000000000
40364  -13.849  -37.674  43.645 0.0000000000
39312  -13.180  -38.120  44.064 0.0000000000
38353  -12.614  -38.804  44.184 0.0000000000
37293  -12.767  -39.847  44.904 0.0000000000
36195  -11.527  -40.749  43.893 0.0000000000
36214  -11.146  -41.221  43.080 0.0000000000
36212  -10.315  -41.420  42.519 0.0000000000
38381  -10.260  -40.512  41.276 0.0000000000
37343  -9.836  -40.860  41.485 0.0000000000
35094  -9.238  -41.867  42.260 0.0000000000
35093  -8.423  -42.204  41.784 0.0000000000
49652  -6.510  -29.495  38.941 0.0000000000
47618  -5.290  -31.682  39.258 0.0000000000
47637  -6.252  -31.009  38.212 0.0000000000
48685  -6.113  -30.055  37.448 0.0000000000
47683  -5.106  -30.859  35.522 0.0000000000
48715  -4.287  -30.967  34.482 0.0000000000
46622  -2.754  -31.702  33.708 0.0000000000
42473  -1.398  -35.728  35.860 0.0000000000
43499  -0.827  -35.614  35.160 0.0000000000
43500  -1.061  -34.982  34.889 0.0000000000
43540  -3.525  -35.473  32.831 0.0000000000
43517  -1.676  -34.939  33.641 0.0000000000
43501  -1.430  -34.427  34.272 0.0000000000
45554  -1.712  -32.712  33.711 0.0000000000
45567  -1.910  -32.781  32.581 0.0000000000
46636  -2.561  -31.914  32.392 0.0000000000
46650  -2.206  -32.277  31.497 0.0000000000
37268  -4.906  -41.201  48.536 0.0000000000
38298  -3.747  -40.276  49.078 0.0000000000
38297  -3.099  -40.098  48.681 0.0000000000
36148  -3.348  -42.001  47.196 0.0000000000
38306  -2.885  -40.472  47.876 0.0000000000
39264  -2.858  -39.464  48.077 0.0000000000
40335  -2.523  -38.286  47.293 0.0000000000
40334  -2.398  -38.049  46.793 0.0000000000
41311  -1.864  -37.493  46.360 0.0000000000
40349  -2.393  -38.426  44.999 0.0000000000
40356  -2.649  -38.646  44.554 0.0000000000
39309  -3.851  -39.450  43.370 0.0000000000
37303  -3.013  -41.233  44.293 0.0000000000
38350  -3.583  -40.551  43.691 0.0000000000
38352  -4.482  -40.116  42.885 0.0000000000
38378  -5.071  -40.819  41.305 0.0000000000
38400  -4.566  -41.291  39.650 0.0000000000
38425  -4.230  -41.313  38.027 0.0000000000
32019  -1.190  -46.101  42.352 0.0000000000
32035  -0.320  -46.177  41.540 0.0000000000
33065  -0.975  -45.341  42.247 0.0000000000
33077  -0.471  -45.313  41.411 0.0000000000
34075  -1.047  -44.788  40.133 0.0000000000
35127  -1.669  -44.010  39.613 0.0000000000
35145  -1.589  -44.111  38.691 0.0000000000
36260  -2.395  -43.312  39.046 0.0000000000
36274  -2.734  -42.996  38.490 0.0000000000
37381  -3.562  -42.272  37.415 0.0000000000
38432  -4.098  -41.738  37.135 0.0000000000
37403  -4.057  -42.159  35.344 0.0000000000
36354  -2.844  -42.848  33.839 0.0000000000
43369  -29.517  -33.302  43.367 0.0000000000
44407  -30.135  -33.171  44.050 0.0000000000
43358  -29.519  -33.100  43.916 0.0000000000
43368  -28.491  -33.439  43.237 0.0000000000
42349  -28.240  -33.767  42.869 0.0000000000
43367  -28.049  -33.565  43.413 0.0000000000
43347  -28.937  -32.839  43.829 0.0000000000
60823  -46.588  -18.695  31.735 0.0000000000
60821  -44.661  -18.399  30.812 0.0000000000
60838  -45.408  -18.405  30.300 0.0000000000
56775  -36.666  -21.837  36.647 0.0000000000
55697  -35.346  -22.902  36.577 0.0000000000
55716  -35.505  -22.695  35.765 0.0000000000
38434  -5.413  -40.559  36.874 0.0000000000
38442  -4.926  -41.091  35.975 0.0000000000
34066  -6.032  -43.997  41.481 0.0000000000
49647  -31.433  -28.706  41.076 0.0000000000
42292  -1.401  -36.487  45.025 0.0000000000
42293  -1.555  -36.801  45.682 0.0000000000
63863  -39.813  -15.883  34.449 0.0000000000
62874  -39.180  -16.379  34.941 0.0000000000
62899  -38.576  -16.816  33.570 0.0000000000
62916  -38.709  -16.777  32.960 0.0000000000
37285  -12.594  -40.252  46.209 0.0000000000
36167  -12.370  -40.917  45.708 0.0000000000
36168  -12.634  -40.413  45.550 0.0000000000
43362  -17.560  -34.952  43.331 0.0000000000
48735  -3.280  -30.408  33.443 0.0000000000
48734  -2.962  -30.183  33.265 0.0000000000
44459  -1.343  -34.267  38.548 0.0000000000
45493  -1.748  -33.782  38.397 0.0000000000
44468  -1.264  -34.770  37.746 0.0000000000
41497  -4.407  -37.061  27.956 0.0000000000
39258  -5.753  -39.726  48.155 0.0000000000
33053  -2.171  -44.898  43.758 0.0000000000
33066  -1.529  -45.028  42.822 0.0000000000
45469  -30.695  -31.971  41.716 0.0000000000
46515  -31.601  -30.780  42.993 0.0000000000
42344  -25.840  -34.134  42.764 0.0000000000
42332  -25.823  -34.172  43.482 0.0000000000
42362  -25.546  -34.033  42.276 0.0000000000
61951  -48.858  -17.147  29.156 0.0000000000
62953  -48.098  -16.563  27.781 0.0000000000
62955  -49.631  -16.602  28.733 0.0000000000
58777  -37.780  -19.804  35.138 0.0000000000
59710  -38.512  -19.493  36.002 0.0000000000
57818  -37.374  -20.886  34.495 0.0000000000
58776  -37.643  -20.177  34.848 0.0000000000
59721  -37.718  -19.658  34.774 0.0000000000
51561  -6.030  -27.894  38.558 0.0000000000
50582  -5.520  -28.454  38.007 0.0000000000
50594  -4.995  -28.322  37.363 0.0000000000
42401  -5.543  -36.486  39.019 0.0000000000
42419  -5.631  -36.144  37.982 0.0000000000
39512  -6.223  -39.777  32.877 0.0000000000
39526  -6.555  -39.194  32.203 0.0000000000
39538  -6.466  -39.469  31.160 0.0000000000
39537  -6.231  -40.081  31.210 0.0000000000
38484  -5.799  -40.535  31.118 0.0000000000
34022  -7.472  -43.273  46.583 0.0000000000
33044  -7.035  -43.610  46.491 0.0000000000
33049  -6.938  -43.781  46.202 0.0000000000
31989  -5.117  -45.380  44.804 0.0000000000
54592  -34.773  -24.311  39.394 0.0000000000
54575  -34.555  -24.736  39.738 0.0000000000
46583  -29.168  -31.627  37.641 0.0000000000
53543  -33.217  -25.032  37.886 0.0000000000
43309  -20.459  -34.410  48.186 0.0000000000
43323  -19.613  -34.505  47.326 0.0000000000
46523  -20.019  -32.328  41.277 0.0000000000
46511  -19.627  -32.561  41.979 0.0000000000
46522  -19.226  -32.782  41.243 0.0000000000
45477  -18.774  -33.113  40.511 0.0000000000
45486  -18.823  -32.808  39.780 0.0000000000
44416  -0.885  -34.968  42.748 0.0000000000
44426  -1.204  -34.854  41.771 0.0000000000
43399  -1.592  -35.860  41.428 0.0000000000
40374  -3.519  -38.365  42.879 0.0000000000
40388  -3.716  -38.138  42.297 0.0000000000
40376  -4.631  -38.805  42.390 0.0000000000
40390  -5.257  -38.464  42.041 0.0000000000
39331  -5.079  -39.404  42.255 0.0000000000
60759  -43.429  -17.307  33.430 0.0000000000
61845  -43.121  -16.883  33.709 0.0000000000
61900  -42.319  -17.156  32.055 0.0000000000
34042  -9.615  -41.833  44.040 0.0000000000
41373  -14.472  -37.339  38.336 0.0000000000
40418  -14.733  -37.385  38.945 0.0000000000
38407  -13.122  -39.424  40.598 0.0000000000
37359  -12.216  -40.249  41.729 0.0000000000
48630  -5.371  -30.607  41.051 0.0000000000
45517  -2.503  -33.214  36.553 0.0000000000
46576  -3.027  -32.796  36.462 0.0000000000
45530  -2.555  -32.913  35.973 0.0000000000
46589  -2.795  -32.338  35.369 0.0000000000
42518  -4.350  -35.763  33.864 0.0000000000
42534  -4.394  -35.752  33.321 0.0000000000
44597  -3.172  -34.530  29.699 0.0000000000
44573  -2.484  -34.268  30.296 0.0000000000
44572  -1.950  -33.805  29.666 0.0000000000
40320  -3.069  -38.591  49.114 0.0000000000
34007  -3.919  -43.014  46.992 0.0000000000
37291  -2.580  -41.160  45.842 0.0000000000
38328  -2.413  -40.268  45.217 0.0000000000
38337  -2.470  -40.789  44.910 0.0000000000
30944  1.128  -46.689  39.035 0.0000000000
30945  0.861  -47.117  39.297 0.0000000000
32066  1.096  -46.411  39.072 0.0000000000
45454  -31.218  -32.805  43.099 0.0000000000
42409  -29.009  -34.468  40.557 0.0000000000
43380  -30.272  -33.347  42.789 0.0000000000
44420  -30.052  -33.278  42.298 0.0000000000
42408  -28.547  -34.708  40.495 0.0000000000
42335  -27.062  -33.950  43.364 0.0000000000
42321  -27.019  -33.772  44.111 0.0000000000
42334  -26.517  -34.117  43.359 0.0000000000
61926  -48.547  -17.822  31.321 0.0000000000
60855  -42.559  -18.445  29.066 0.0000000000
60888  -42.187  -18.297  27.431 0.0000000000
60875  -42.821  -18.346  28.249 0.0000000000
60890  -44.286  -17.881  27.393 0.0000000000
60903  -44.357  -17.592  26.625 0.0000000000
61955  -45.076  -17.523  26.869 0.0000000000
60891  -45.334  -17.645  27.706 0.0000000000
60860  -46.954  -18.026  30.168 0.0000000000
60879  -46.940  -17.718  29.226 0.0000000000
57785  -37.544  -20.846  36.267 0.0000000000
57764  -37.902  -21.207  37.965 0.0000000000
54643  -32.488  -24.117  35.436 0.0000000000
54657  -32.579  -23.880  34.795 0.0000000000
55734  -33.560  -23.449  33.509 0.0000000000
55735  -34.466  -23.191  33.779 0.0000000000
56797  -36.462  -21.792  35.618 0.0000000000
56822  -35.940  -22.404  34.582 0.0000000000
57800  -37.019  -21.391  35.040 0.0000000000
40415  -7.384  -37.831  37.809 0.0000000000
40427  -7.327  -38.596  37.388 0.0000000000
39474  -6.341  -39.868  35.510 0.0000000000
39493  -6.456  -39.685  34.231 0.0000000000
38461  -4.922  -40.774  33.860 0.0000000000
36355  -3.293  -42.482  33.476 0.0000000000
33060  -7.218  -43.547  44.062 0.0000000000
33059  -6.323  -43.929  43.796 0.0000000000
47628  -29.849  -30.506  40.281 0.0000000000
48679  -29.174  -30.509  39.125 0.0000000000
48666  -29.639  -30.171  39.742 0.0000000000
50560  -30.457  -28.777  39.992 0.0000000000
49660  -29.764  -29.343  39.566 0.0000000000
50574  -29.739  -28.725  39.188 0.0000000000
50590  -30.248  -27.973  38.853 0.0000000000
51536  -32.319  -27.362  40.412 0.0000000000
44329  -20.538  -33.533  49.518 0.0000000000
46500  -23.311  -32.101  43.452 0.0000000000
64802  -48.765  -14.383  25.988 0.0000000000
65707  -48.324  -13.430  25.302 0.0000000000
65708  -48.910  -13.597  25.501 0.0000000000
65719  -50.822  -13.143  25.112 0.0000000000
66643  -50.746  -12.610  24.453 0.0000000000
66644  -51.662  -12.935  24.401 0.0000000000
65721  -52.647  -13.395  25.166 0.0000000000
42338  -1.300  -36.359  43.005 0.0000000000
40372  -2.369  -37.766  43.436 0.0000000000
62919  -41.009  -16.162  32.824 0.0000000000
62875  -41.938  -16.064  33.659 0.0000000000
63879  -41.150  -15.844  33.802 0.0000000000
60816  -36.356  -18.816  31.340 0.0000000000
60831  -36.809  -17.829  30.706 0.0000000000
62918  -40.273  -16.092  32.763 0.0000000000
61899  -41.350  -16.593  32.313 0.0000000000
36158  -11.401  -40.968  46.940 0.0000000000
35038  -11.769  -41.434  45.380 0.0000000000
34038  -10.666  -41.557  44.580 0.0000000000
35043  -11.017  -41.447  44.411 0.0000000000
46536  -3.603  -32.389  39.986 0.0000000000
45505  -1.829  -33.735  37.512 0.0000000000
42556  -6.529  -36.266  30.597 0.0000000000
43585  -5.518  -35.484  31.011 0.0000000000
42555  -5.876  -35.876  30.158 0.0000000000
42589  -4.656  -36.249  28.207 0.0000000000
43626  -4.684  -35.452  28.834 0.0000000000
44620  -4.029  -34.607  29.007 0.0000000000
44636  -3.594  -34.798  28.419 0.0000000000
43641  -3.099  -35.719  27.473 0.0000000000
39252  -4.910  -38.930  48.750 0.0000000000
39251  -4.272  -38.849  48.944 0.0000000000
39256  -4.182  -39.668  49.072 0.0000000000
33046  -3.684  -44.061  45.394 0.0000000000
33038  -3.900  -43.825  45.848 0.0000000000
35034  -3.091  -42.388  44.994 0.0000000000
35039  -2.948  -42.422  44.587 0.0000000000
35040  -2.498  -43.177  44.106 0.0000000000
36208  -1.543  -43.438  41.639 0.0000000000
35068  -1.179  -43.767  41.654 0.0000000000
44483  -29.375  -32.867  37.271 0.0000000000
44474  -29.471  -32.692  38.042 0.0000000000
43408  -29.728  -33.500  40.855 0.0000000000
44452  -29.871  -32.350  40.085 0.0000000000
45499  -29.571  -31.740  39.473 0.0000000000
45489  -29.905  -31.536  40.304 0.0000000000
46553  -29.734  -30.967  40.230 0.0000000000
46540  -30.286  -31.180  40.877 0.0000000000
47571  -31.080  -30.231  42.000 0.0000000000
42405  -26.860  -34.380  40.324 0.0000000000
44360  -24.862  -33.951  47.674 0.0000000000
44371  -24.874  -34.182  47.225 0.0000000000
43310  -25.143  -34.471  46.656 0.0000000000
42291  -26.151  -34.161  45.652 0.0000000000
42290  -26.123  -34.279  45.673 0.0000000000
42317  -25.535  -34.204  44.105 0.0000000000
42288  -25.198  -34.722  44.925 0.0000000000
43354  -25.138  -34.435  44.613 0.0000000000
43342  -24.786  -34.334  44.964 0.0000000000
43353  -24.850  -33.933  44.492 0.0000000000
44413  -24.345  -33.625  44.038 0.0000000000
43376  -24.744  -33.672  43.488 0.0000000000
45468  -24.148  -32.505  41.844 0.0000000000
63927  -51.414  -15.580  28.902 0.0000000000
61962  -45.687  -17.038  26.350 0.0000000000
62965  -45.783  -16.544  25.878 0.0000000000
61963  -46.488  -16.724  26.801 0.0000000000
63935  -47.653  -15.594  26.160 0.0000000000
63942  -48.103  -14.839  25.850 0.0000000000
63936  -48.405  -15.426  26.422 0.0000000000
63932  -50.427  -15.545  28.157 0.0000000000
63931  -49.379  -15.421  27.154 0.0000000000
63933  -51.176  -15.165  28.192 0.0000000000
61844  -38.434  -17.994  35.107 0.0000000000
62850  -38.826  -17.254  35.491 0.0000000000
61823  -39.158  -18.136  36.856 0.0000000000
58737  -38.860  -20.246  37.418 0.0000000000
58750  -39.045  -20.008  37.204 0.0000000000
55746  -35.116  -22.931  32.959 0.0000000000
55757  -35.430  -22.644  32.527 0.0000000000
57845  -36.479  -21.171  32.693 0.0000000000
58802  -36.697  -20.426  32.648 0.0000000000
60757  -37.668  -19.167  34.575 0.0000000000
60780  -37.662  -18.640  34.414 0.0000000000
61873  -37.837  -17.867  34.143 0.0000000000
42441  -14.959  -35.982  37.671 0.0000000000
51601  -3.706  -27.743  37.093 0.0000000000
49708  -4.849  -29.562  35.698 0.0000000000
49693  -4.535  -29.161  35.990 0.0000000000
49707  -4.490  -29.612  35.205 0.0000000000
48737  -4.369  -29.933  34.534 0.0000000000
42433  -1.987  -35.958  38.029 0.0000000000
42437  -5.841  -35.760  36.864 0.0000000000
42455  -4.597  -35.651  36.183 0.0000000000
42456  -5.474  -35.731  35.839 0.0000000000
42477  -4.634  -35.620  35.346 0.0000000000
43482  -6.149  -35.833  35.407 0.0000000000
40441  -7.542  -38.050  36.143 0.0000000000
42439  -7.347  -36.634  36.447 0.0000000000
40458  -7.556  -37.840  35.279 0.0000000000
40510  -7.354  -38.020  32.741 0.0000000000
41426  -7.557  -37.292  33.932 0.0000000000
42537  -7.344  -36.760  32.735 0.0000000000
42520  -7.010  -36.261  33.259 0.0000000000
42546  -7.324  -36.738  31.866 0.0000000000
42557  -7.162  -36.729  31.104 0.0000000000
41462  -7.341  -37.555  31.319 0.0000000000
40540  -5.970  -38.610  30.137 0.0000000000
40554  -6.169  -38.100  30.027 0.0000000000
37447  -4.386  -41.711  32.346 0.0000000000
37463  -4.012  -41.678  31.369 0.0000000000
35007  -6.681  -42.397  47.557 0.0000000000
35014  -6.983  -42.826  47.544 0.0000000000
34011  -6.473  -43.308  47.176 0.0000000000
34019  -4.946  -43.255  47.146 0.0000000000
33034  -5.327  -43.983  46.618 0.0000000000
33048  -6.462  -44.734  45.934 0.0000000000
31984  -6.020  -44.984  45.328 0.0000000000
31977  -5.624  -45.469  46.054 0.0000000000
33041  -4.972  -44.661  46.462 0.0000000000
31975  -4.513  -44.988  46.096 0.0000000000
31974  -4.239  -44.567  45.922 0.0000000000
31995  -3.227  -45.649  44.172 0.0000000000
31994  -2.575  -45.452  43.967 0.0000000000
48691  -28.768  -30.726  38.519 0.0000000000
48704  -28.535  -30.984  37.648 0.0000000000
48703  -28.392  -30.502  37.776 0.0000000000
53540  -30.817  -25.641  36.987 0.0000000000
53557  -31.579  -24.973  36.377 0.0000000000
54607  -34.135  -24.247  37.767 0.0000000000
54626  -33.929  -24.174  37.198 0.0000000000
55696  -34.490  -23.745  36.901 0.0000000000
42303  -18.832  -34.631  45.741 0.0000000000
42330  -18.722  -34.600  44.920 0.0000000000
43364  -18.719  -34.342  44.331 0.0000000000
45384  -21.626  -33.266  47.905 0.0000000000
46481  -22.248  -31.759  44.125 0.0000000000
46460  -21.100  -32.165  45.000 0.0000000000
45432  -20.753  -32.716  45.697 0.0000000000
45416  -21.116  -33.024  46.451 0.0000000000
45431  -20.033  -32.914  45.121 0.0000000000
45457  -18.772  -33.377  42.265 0.0000000000
45450  -18.693  -33.697  42.980 0.0000000000
44418  -18.387  -34.067  42.294 0.0000000000
44427  -18.079  -34.351  41.370 0.0000000000
44439  -18.052  -34.225  40.499 0.0000000000
44461  -17.882  -33.631  39.300 0.0000000000
44460  -17.542  -34.104  38.959 0.0000000000
66666  -52.250  -12.334  23.195 0.0000000000
66656  -52.997  -12.484  23.869 0.0000000000
67649  -53.931  -11.389  22.702 0.0000000000
47578  -1.982  -32.207  41.557 0.0000000000
46520  -2.158  -32.558  40.918 0.0000000000
46533  -1.831  -33.069  40.246 0.0000000000
44437  -0.993  -34.795  40.740 0.0000000000
44438  -1.005  -34.338  40.182 0.0000000000
43428  -0.923  -35.632  39.083 0.0000000000
42414  -1.117  -36.044  39.829 0.0000000000
42398  -2.540  -36.125  39.893 0.0000000000
42379  -3.931  -36.860  40.118 0.0000000000
42356  -2.379  -36.606  41.624 0.0000000000
41344  -2.660  -37.225  41.939 0.0000000000
41346  -4.671  -37.646  41.590 0.0000000000
41355  -3.653  -37.156  41.096 0.0000000000
41357  -5.133  -37.287  40.845 0.0000000000
41364  -4.582  -37.015  40.232 0.0000000000
41358  -6.238  -37.599  40.630 0.0000000000
39369  -6.227  -39.488  40.901 0.0000000000
39389  -6.396  -39.425  39.983 0.0000000000
60783  -44.971  -17.904  33.013 0.0000000000
56754  -36.587  -22.448  38.707 0.0000000000
61938  -38.998  -17.287  29.853 0.0000000000
61939  -39.655  -17.530  29.811 0.0000000000
60833  -41.030  -17.927  29.968 0.0000000000
60854  -41.695  -18.204  29.371 0.0000000000
59750  -43.321  -17.814  31.458 0.0000000000
59757  -43.382  -17.952  30.921 0.0000000000
59751  -43.747  -18.120  31.488 0.0000000000
59758  -43.960  -18.238  30.964 0.0000000000
36154  -8.271  -42.544  47.933 0.0000000000
35016  -8.459  -42.502  47.314 0.0000000000
34014  -7.932  -42.748  46.870 0.0000000000
35026  -10.187  -41.708  46.636 0.0000000000
34025  -9.706  -41.924  45.952 0.0000000000
34030  -9.051  -42.178  45.629 0.0000000000
34040  -7.879  -43.208  44.669 0.0000000000
34057  -7.886  -42.770  43.118 0.0000000000
35071  -7.625  -42.695  42.309 0.0000000000
35070  -6.962  -43.030  42.017 0.0000000000
43401  -16.176  -35.368  40.284 0.0000000000
42382  -15.885  -35.673  40.854 0.0000000000
42380  -14.752  -36.798  40.669 0.0000000000
42359  -14.828  -36.563  41.292 0.0000000000
41350  -14.657  -36.910  41.928 0.0000000000
39416  -13.818  -38.774  39.180 0.0000000000
40393  -13.608  -38.123  42.368 0.0000000000
40378  -13.955  -37.713  42.701 0.0000000000
39353  -13.288  -38.138  42.641 0.0000000000
39333  -13.028  -37.979  43.277 0.0000000000
37304  -12.396  -39.599  44.444 0.0000000000
36196  -11.931  -40.151  44.192 0.0000000000
36216  -11.781  -40.159  43.655 0.0000000000
37330  -11.311  -40.999  42.615 0.0000000000
36237  -11.045  -41.156  42.563 0.0000000000
36213  -10.626  -41.406  42.735 0.0000000000
39391  -10.463  -39.891  39.338 0.0000000000
38391  -10.565  -40.164  40.713 0.0000000000
38404  -10.238  -40.078  40.005 0.0000000000
37355  -9.055  -41.048  40.649 0.0000000000
37356  -9.532  -40.677  41.046 0.0000000000
37342  -9.352  -40.978  41.248 0.0000000000
36235  -9.954  -41.364  42.163 0.0000000000
36234  -9.157  -41.453  41.527 0.0000000000
36233  -8.651  -41.746  41.257 0.0000000000
49639  -6.354  -29.679  40.238 0.0000000000
50568  -6.535  -28.595  39.526 0.0000000000
47617  -4.510  -32.130  39.350 0.0000000000
46559  -4.099  -32.308  38.808 0.0000000000
47636  -5.555  -31.681  38.140 0.0000000000
47653  -6.288  -30.626  37.724 0.0000000000
47652  -5.871  -31.087  37.150 0.0000000000
48684  -5.730  -30.250  36.814 0.0000000000
47667  -4.963  -31.387  36.242 0.0000000000
47681  -3.181  -31.801  34.643 0.0000000000
47682  -4.023  -31.481  35.113 0.0000000000
47698  -3.395  -31.372  33.908 0.0000000000
42452  -2.026  -35.642  36.814 0.0000000000
42451  -1.686  -35.555  36.561 0.0000000000
42474  -1.912  -35.872  35.648 0.0000000000
41412  -1.410  -36.034  34.870 0.0000000000
41399  -1.486  -36.032  35.032 0.0000000000
41424  -1.267  -35.943  34.767 0.0000000000
43516  -1.334  -35.216  34.375 0.0000000000
43561  -3.518  -34.862  31.681 0.0000000000
44531  -2.248  -34.481  32.237 0.0000000000
43539  -2.559  -34.952  32.445 0.0000000000
44513  -1.600  -33.698  33.690 0.0000000000
46621  -2.318  -31.977  33.389 0.0000000000
41297  -1.475  -37.230  47.714 0.0000000000
37276  -3.738  -41.600  48.533 0.0000000000
37267  -3.992  -41.339  48.799 0.0000000000
37266  -3.410  -40.850  48.940 0.0000000000
35008  -3.384  -42.249  46.842 0.0000000000
37283  -2.990  -41.042  47.025 0.0000000000
38318  -2.910  -40.337  47.407 0.0000000000
39276  -2.889  -39.738  47.469 0.0000000000
39263  -2.740  -38.831  47.617 0.0000000000
39275  -2.834  -39.098  46.952 0.0000000000
39283  -2.437  -39.183  46.049 0.0000000000
40341  -2.355  -38.281  46.250 0.0000000000
41318  -2.143  -37.907  46.012 0.0000000000
41319  -1.893  -37.595  45.563 0.0000000000
39298  -2.815  -39.467  44.532 0.0000000000
39291  -2.688  -39.085  44.711 0.0000000000
39308  -3.262  -39.455  43.994 0.0000000000
37316  -3.084  -42.117  43.950 0.0000000000
37317  -3.352  -41.681  43.660 0.0000000000
37328  -4.027  -41.817  42.490 0.0000000000
37318  -3.731  -41.520  43.193 0.0000000000
38351  -4.218  -40.652  43.078 0.0000000000
38366  -4.382  -41.107  42.541 0.0000000000
38367  -4.818  -40.489  42.253 0.0000000000
37341  -4.602  -41.616  41.338 0.0000000000
37352  -3.752  -42.005  39.793 0.0000000000
37366  -3.961  -41.672  39.430 0.0000000000
38415  -4.914  -40.999  38.912 0.0000000000
30901  -1.488  -46.437  42.453 0.0000000000
32050  0.285  -46.456  40.441 0.0000000000
32034  -0.012  -46.908  41.132 0.0000000000
33097  -0.351  -45.538  39.552 0.0000000000
35108  -1.313  -44.129  40.377 0.0000000000
34086  -1.367  -44.604  39.315 0.0000000000
36273  -2.151  -43.568  38.233 0.0000000000
36290  -2.752  -43.029  37.604 0.0000000000
38424  -3.861  -41.727  37.654 0.0000000000
37391  -3.820  -42.285  36.376 0.0000000000
44408  -30.719  -33.112  44.098 0.0000000000
44400  -30.021  -33.044  44.454 0.0000000000
43392  -29.237  -34.027  41.947 0.0000000000
43370  -30.122  -33.401  43.171 0.0000000000
42348  -27.718  -34.034  42.683 0.0000000000
43345  -27.034  -33.404  44.571 0.0000000000
43356  -27.861  -33.454  43.766 0.0000000000
42336  -27.692  -33.713  43.395 0.0000000000
44398  -28.177  -32.903  44.093 0.0000000000
60841  -47.994  -18.149  31.763 0.0000000000
60824  -47.531  -18.499  32.135 0.0000000000
60836  -43.759  -18.388  29.711 0.0000000000
60856  -43.370  -18.472  28.994 0.0000000000
60857  -44.231  -18.309  29.107 0.0000000000
60859  -46.144  -18.211  29.692 0.0000000000
56776  -37.279  -21.319  36.649 0.0000000000
56755  -37.346  -21.841  38.367 0.0000000000
54658  -32.972  -23.936  35.143 0.0000000000
55714  -34.028  -23.587  35.895 0.0000000000
55728  -35.412  -22.747  35.038 0.0000000000
38452  -4.716  -40.842  34.836 0.0000000000
33068  -6.309  -43.858  43.009 0.0000000000
33067  -5.569  -44.370  42.218 0.0000000000
49646  -30.866  -28.818  40.785 0.0000000000
50561  -30.792  -28.556  40.231 0.0000000000
50576  -31.220  -28.005  39.863 0.0000000000
50563  -32.615  -27.720  40.864 0.0000000000
45341  -21.443  -32.562  49.696 0.0000000000
47570  -22.810  -31.442  41.918 0.0000000000
64796  -49.882  -14.386  26.616 0.0000000000
65701  -50.390  -13.805  26.144 0.0000000000
65702  -50.976  -13.790  26.330 0.0000000000
65704  -52.730  -13.506  26.784 0.0000000000
43349  -0.980  -35.992  44.622 0.0000000000
42309  -1.293  -36.731  44.335 0.0000000000
41327  -1.794  -37.475  44.505 0.0000000000
63878  -40.240  -15.821  33.978 0.0000000000
60803  -37.027  -18.546  32.909 0.0000000000
61905  -37.384  -17.541  32.431 0.0000000000
61906  -38.239  -16.817  31.862 0.0000000000
62917  -39.314  -16.509  32.911 0.0000000000
36162  -11.737  -41.199  46.592 0.0000000000
36163  -12.254  -40.935  46.266 0.0000000000
42314  -18.002  -35.413  45.068 0.0000000000
50634  -3.403  -29.270  34.612 0.0000000000
50633  -2.762  -28.824  34.275 0.0000000000
49722  -2.874  -29.776  33.426 0.0000000000
46545  -2.023  -33.118  39.604 0.0000000000
46546  -2.527  -32.990  39.298 0.0000000000
41477  -5.795  -36.899  29.209 0.0000000000
42604  -3.854  -36.382  27.792 0.0000000000
39257  -5.437  -39.233  48.435 0.0000000000
38296  -5.076  -39.515  48.691 0.0000000000
31985  -3.314  -44.625  44.740 0.0000000000
33045  -3.358  -43.972  45.057 0.0000000000
34039  -2.357  -43.959  44.309 0.0000000000
44431  -30.438  -32.579  41.705 0.0000000000
46526  -30.700  -31.294  41.660 0.0000000000
42319  -26.006  -34.313  44.049 0.0000000000
42305  -25.486  -34.616  44.560 0.0000000000
42318  -25.663  -34.423  44.158 0.0000000000
43377  -25.175  -33.800  43.091 0.0000000000
43390  -24.748  -33.673  42.675 0.0000000000
62956  -50.493  -16.181  28.864 0.0000000000
61958  -47.356  -16.772  27.741 0.0000000000
61964  -47.125  -16.613  27.103 0.0000000000
62961  -48.688  -16.168  27.176 0.0000000000
63930  -48.846  -15.718  26.871 0.0000000000
62963  -50.005  -16.131  28.412 0.0000000000
61830  -38.775  -18.153  36.041 0.0000000000
60745  -38.484  -18.808  35.588 0.0000000000
60736  -38.899  -18.889  36.431 0.0000000000
60737  -39.157  -18.812  37.006 0.0000000000
56826  -36.087  -22.059  33.214 0.0000000000
57832  -36.622  -21.545  33.471 0.0000000000
57833  -37.193  -20.992  33.636 0.0000000000
57840  -36.930  -20.943  33.305 0.0000000000
59748  -37.312  -20.179  33.426 0.0000000000
59735  -37.549  -19.953  33.731 0.0000000000
43448  -16.482  -34.957  37.776 0.0000000000
50593  -4.438  -28.059  37.113 0.0000000000
49694  -5.125  -29.469  36.138 0.0000000000
42417  -3.535  -36.087  38.553 0.0000000000
42435  -3.582  -35.965  37.417 0.0000000000
43445  -6.424  -35.853  36.570 0.0000000000
39494  -7.089  -38.899  34.468 0.0000000000
39495  -7.455  -38.314  34.544 0.0000000000
40509  -6.997  -38.527  32.481 0.0000000000
40527  -7.234  -38.076  31.934 0.0000000000
40542  -7.202  -38.210  31.319 0.0000000000
39549  -6.126  -39.269  30.500 0.0000000000
39548  -5.414  -39.300  29.878 0.0000000000
38499  -4.653  -40.537  30.116 0.0000000000
34012  -7.076  -43.337  47.058 0.0000000000
31983  -5.809  -45.390  45.542 0.0000000000
31988  -4.536  -45.314  44.780 0.0000000000
31996  -3.753  -45.563  44.069 0.0000000000
55664  -34.764  -24.014  38.671 0.0000000000
49686  -28.348  -29.771  38.036 0.0000000000
52515  -32.192  -26.416  38.846 0.0000000000
53542  -32.628  -25.333  37.580 0.0000000000
53558  -32.522  -24.869  36.896 0.0000000000
54590  -33.724  -24.663  38.119 0.0000000000
44395  -19.744  -33.798  45.534 0.0000000000
44359  -24.367  -33.649  47.758 0.0000000000
45386  -23.522  -33.064  48.202 0.0000000000
45417  -22.531  -32.683  46.510 0.0000000000
47538  -21.373  -31.799  43.240 0.0000000000
46498  -20.715  -32.179  43.050 0.0000000000
46479  -20.134  -32.546  43.584 0.0000000000
45444  -19.652  -33.065  44.145 0.0000000000
45458  -19.280  -32.856  42.441 0.0000000000
45467  -18.676  -33.380  41.293 0.0000000000
45466  -18.320  -33.924  41.043 0.0000000000
45476  -18.359  -33.718  40.469 0.0000000000
45485  -18.325  -33.420  39.785 0.0000000000
67633  -49.278  -11.636  23.242 0.0000000000
46505  -1.341  -33.464  42.325 0.0000000000
45456  -1.400  -33.690  41.881 0.0000000000
42396  -1.349  -35.861  40.568 0.0000000000
41334  -2.942  -37.804  42.389 0.0000000000
41348  -6.195  -38.103  41.164 0.0000000000
40391  -6.041  -38.546  41.522 0.0000000000
39350  -5.764  -39.394  41.666 0.0000000000
39368  -5.830  -39.996  41.075 0.0000000000
60782  -43.955  -17.818  32.837 0.0000000000
61908  -40.583  -17.113  31.222 0.0000000000
60818  -41.269  -17.644  30.681 0.0000000000
60819  -41.957  -17.568  30.806 0.0000000000
59762  -42.218  -18.015  30.157 0.0000000000
60820  -42.509  -17.617  30.937 0.0000000000
60804  -42.912  -17.601  31.641 0.0000000000
35036  -10.362  -41.664  45.258 0.0000000000
34031  -9.818  -41.770  45.395 0.0000000000
34041  -8.582  -42.387  44.384 0.0000000000
34067  -8.450  -42.339  42.522 0.0000000000
42403  -15.217  -36.227  39.504 0.0000000000
41367  -14.909  -36.904  39.537 0.0000000000
41360  -14.784  -37.100  40.123 0.0000000000
38420  -13.179  -39.262  39.625 0.0000000000
39393  -13.866  -38.921  40.177 0.0000000000
39332  -12.840  -38.516  42.753 0.0000000000
38382  -12.624  -39.325  42.516 0.0000000000
37332  -12.025  -39.887  43.025 0.0000000000
37346  -12.058  -40.287  42.378 0.0000000000
37345  -11.445  -40.788  42.130 0.0000000000
37344  -10.680  -40.652  41.615 0.0000000000
38403  -9.902  -40.341  39.531 0.0000000000
37354  -8.827  -41.402  40.118 0.0000000000
36251  -8.427  -41.910  40.497 0.0000000000
48643  -6.143  -30.650  40.106 0.0000000000
47635  -4.444  -32.080  38.258 0.0000000000
46569  -3.498  -32.497  37.275 0.0000000000
47666  -4.143  -31.894  36.333 0.0000000000
46605  -2.069  -32.396  34.392 0.0000000000
42476  -3.375  -35.546  35.247 0.0000000000
42497  -3.009  -35.739  34.641 0.0000000000
42516  -2.673  -35.682  34.090 0.0000000000
44575  -3.855  -34.681  30.721 0.0000000000
44552  -3.033  -34.646  31.475 0.0000000000
36151  -4.748  -42.396  47.955 0.0000000000
36142  -4.512  -41.863  48.468 0.0000000000
36150  -3.977  -42.076  48.236 0.0000000000
36149  -3.547  -42.019  47.644 0.0000000000
35019  -3.342  -41.995  46.018 0.0000000000
36159  -3.149  -41.652  46.349 0.0000000000
38316  -2.602  -39.956  46.401 0.0000000000
39289  -2.478  -39.330  45.495 0.0000000000
38329  -2.508  -40.057  44.932 0.0000000000
36210  -3.655  -42.490  41.973 0.0000000000
36211  -4.005  -42.275  41.967 0.0000000000
36232  -4.265  -42.148  40.865 0.0000000000
36231  -3.933  -42.382  41.293 0.0000000000
37365  -3.430  -42.035  39.305 0.0000000000
33086  0.058  -45.930  40.476 0.0000000000
33096  0.152  -45.886  39.898 0.0000000000
33110  -0.233  -45.490  38.890 0.0000000000
36289  -1.815  -43.427  37.545 0.0000000000
43437  -28.692  -34.400  39.144 0.0000000000
43393  -29.676  -33.560  41.763 0.0000000000
44430  -30.059  -33.093  41.685 0.0000000000
42364  -26.152  -34.333  42.040 0.0000000000
42365  -26.634  -34.323  41.905 0.0000000000
42387  -27.035  -34.552  41.062 0.0000000000
42388  -27.583  -34.746  41.014 0.0000000000
42367  -27.721  -34.425  41.874 0.0000000000
43436  -28.367  -34.697  39.605 0.0000000000
42307  -26.411  -34.022  44.974 0.0000000000
42308  -26.713  -33.688  44.634 0.0000000000
42345  -26.188  -34.237  42.726 0.0000000000
61941  -49.145  -17.462  30.135 0.0000000000
60889  -43.186  -18.180  27.397 0.0000000000
60901  -42.532  -18.138  26.579 0.0000000000
61961  -44.844  -17.395  26.160 0.0000000000
61956  -45.889  -17.260  27.151 0.0000000000
58764  -37.923  -20.065  35.692 0.0000000000
57802  -37.719  -20.473  35.991 0.0000000000
57786  -38.013  -20.502  36.525 0.0000000000
57772  -37.760  -21.019  37.036 0.0000000000
55743  -32.519  -23.481  32.407 0.0000000000
56823  -36.260  -22.138  33.938 0.0000000000
50583  -6.124  -28.544  38.478 0.0000000000
41371  -7.168  -37.123  38.373 0.0000000000
40428  -7.548  -37.934  37.062 0.0000000000
39454  -7.303  -38.767  35.980 0.0000000000
39453  -7.018  -39.281  36.464 0.0000000000
38472  -5.696  -40.564  32.263 0.0000000000
37431  -4.488  -41.457  33.404 0.0000000000
36371  -3.042  -42.407  32.462 0.0000000000
31991  -5.900  -44.753  44.737 0.0000000000
33054  -5.959  -44.469  44.007 0.0000000000
32000  -5.903  -44.629  44.310 0.0000000000
31999  -5.536  -44.982  43.922 0.0000000000
53513  -33.488  -25.516  39.371 0.0000000000
53514  -34.054  -25.129  39.586 0.0000000000
47660  -28.987  -31.101  38.561 0.0000000000
48692  -29.072  -30.852  38.897 0.0000000000
48665  -29.936  -29.681  39.898 0.0000000000
48677  -28.972  -29.892  38.887 0.0000000000
49673  -28.978  -29.498  38.828 0.0000000000
50588  -28.779  -28.365  38.265 0.0000000000
51567  -29.848  -27.534  38.349 0.0000000000
51568  -30.689  -27.383  38.528 0.0000000000
51569  -31.439  -26.992  38.711 0.0000000000
51549  -31.574  -27.331  39.449 0.0000000000
51570  -31.828  -26.878  39.185 0.0000000000
43298  -20.344  -34.147  48.711 0.0000000000
44357  -21.206  -33.713  48.366 0.0000000000
45445  -23.749  -33.254  44.661 0.0000000000
46462  -23.300  -32.738  45.248 0.0000000000
46499  -22.724  -31.631  43.412 0.0000000000
47554  -22.106  -31.410  43.013 0.0000000000
47568  -21.018  -31.748  41.913 0.0000000000
46524  -20.575  -31.854  41.554 0.0000000000
46538  -20.032  -32.076  40.469 0.0000000000
66641  -48.705  -12.434  24.422 0.0000000000
65709  -49.825  -13.702  25.845 0.0000000000
65718  -49.815  -12.976  25.158 0.0000000000
66652  -49.485  -11.979  23.874 0.0000000000
66653  -50.592  -12.000  23.633 0.0000000000
66664  -50.975  -11.795  22.970 0.0000000000
65722  -53.111  -13.299  25.375 0.0000000000
43387  -1.614  -36.026  41.942 0.0000000000
43372  -1.347  -36.117  42.612 0.0000000000
41330  -1.525  -37.066  43.601 0.0000000000
42324  -1.552  -36.981  43.375 0.0000000000
41333  -2.218  -37.385  42.644 0.0000000000
62903  -42.210  -16.375  33.430 0.0000000000
64723  -41.406  -15.218  34.758 0.0000000000
61907  -39.383  -16.736  31.381 0.0000000000
36157  -10.815  -41.323  47.205 0.0000000000
36161  -11.072  -41.430  46.846 0.0000000000
35031  -11.294  -41.588  46.002 0.0000000000
34043  -10.381  -41.618  44.266 0.0000000000
35053  -10.107  -41.724  43.444 0.0000000000
40444  -13.658  -38.202  37.097 0.0000000000
40429  -13.634  -38.396  37.953 0.0000000000
39415  -13.079  -39.057  38.466 0.0000000000
38419  -12.398  -39.281  39.321 0.0000000000
38418  -11.850  -39.305  39.316 0.0000000000
38405  -11.874  -39.356  39.788 0.0000000000
38392  -11.520  -39.815  40.485 0.0000000000
39392  -11.249  -39.536  39.551 0.0000000000
48629  -4.609  -31.061  41.403 0.0000000000
48641  -4.846  -31.563  40.606 0.0000000000
47600  -4.264  -31.988  40.352 0.0000000000
46548  -3.889  -32.391  39.351 0.0000000000
46557  -2.826  -32.961  38.351 0.0000000000
44489  -1.389  -33.906  35.835 0.0000000000
43564  -6.128  -35.881  32.259 0.0000000000
43541  -4.494  -35.669  32.725 0.0000000000
43563  -5.316  -35.737  32.051 0.0000000000
43627  -5.121  -35.618  29.382 0.0000000000
44598  -3.919  -34.634  30.136 0.0000000000
40309  -4.171  -37.863  49.361 0.0000000000
40313  -3.939  -38.085  49.189 0.0000000000
39250  -3.734  -38.497  49.102 0.0000000000
34018  -4.294  -43.620  46.483 0.0000000000
34017  -3.944  -43.268  46.525 0.0000000000
34016  -3.607  -42.977  46.015 0.0000000000
34015  -3.469  -42.418  46.025 0.0000000000
34027  -3.406  -43.219  45.404 0.0000000000
34026  -3.427  -42.553  45.720 0.0000000000
35029  -3.264  -41.987  45.644 0.0000000000
36164  -2.979  -41.564  45.853 0.0000000000
36176  -2.626  -41.315  45.286 0.0000000000
37301  -2.304  -40.897  44.946 0.0000000000
36177  -2.906  -41.742  44.940 0.0000000000
36193  -2.624  -42.981  43.427 0.0000000000
37338  -2.547  -43.123  42.178 0.0000000000
36229  -1.873  -43.214  41.349 0.0000000000
36246  -1.766  -43.367  40.730 0.0000000000
45523  -29.397  -32.255  37.550 0.0000000000
43438  -29.221  -33.879  38.919 0.0000000000
43439  -29.451  -33.252  38.515 0.0000000000
44464  -29.579  -32.529  39.027 0.0000000000
46572  -29.222  -31.441  38.577 0.0000000000
46563  -29.373  -31.095  39.482 0.0000000000
47611  -30.392  -30.309  41.071 0.0000000000
47593  -30.590  -30.747  41.409 0.0000000000
48636  -30.808  -29.754  41.437 0.0000000000
49616  -31.331  -29.285  41.665 0.0000000000
44342  -24.314  -33.485  48.161 0.0000000000
44383  -24.448  -33.999  46.103 0.0000000000
43311  -25.379  -34.304  46.712 0.0000000000
42289  -25.473  -34.594  45.275 0.0000000000
43327  -25.422  -34.431  46.066 0.0000000000
43326  -25.018  -34.569  45.766 0.0000000000
44396  -24.463  -34.032  45.391 0.0000000000
45459  -23.881  -32.785  42.795 0.0000000000
62966  -46.337  -16.347  26.268 0.0000000000
62971  -46.200  -15.958  25.808 0.0000000000
63940  -45.900  -15.619  25.310 0.0000000000
64795  -49.077  -14.722  26.376 0.0000000000
64791  -51.073  -14.781  27.683 0.0000000000
59703  -39.129  -19.444  37.149 0.0000000000
59747  -37.116  -19.711  33.209 0.0000000000
61872  -37.487  -18.220  33.853 0.0000000000
43389  -17.543  -34.884  41.413 0.0000000000
43388  -17.033  -35.385  41.499 0.0000000000
43413  -15.712  -35.619  39.508 0.0000000000
43430  -15.895  -35.447  38.919 0.0000000000
42422  -14.603  -36.740  38.280 0.0000000000
50609  -4.021  -28.264  36.545 0.0000000000
49724  -3.951  -29.633  34.371 0.0000000000
43443  -1.350  -35.289  38.069 0.0000000000
43444  -1.736  -35.536  37.510 0.0000000000
42454  -3.609  -35.531  36.251 0.0000000000
43481  -4.081  -35.408  35.311 0.0000000000
42499  -4.665  -35.693  34.510 0.0000000000
43520  -5.752  -35.887  33.764 0.0000000000
42421  -7.227  -36.677  37.063 0.0000000000
43465  -6.892  -35.859  35.764 0.0000000000
40473  -7.576  -37.644  34.525 0.0000000000
42479  -7.405  -36.571  34.895 0.0000000000
43483  -6.744  -35.959  35.054 0.0000000000
43505  -6.835  -36.119  34.458 0.0000000000
43521  -6.534  -36.067  33.844 0.0000000000
43543  -6.281  -35.965  33.085 0.0000000000
42545  -6.815  -36.129  31.568 0.0000000000
41478  -6.403  -37.355  29.915 0.0000000000
40569  -4.958  -37.976  28.725 0.0000000000
36144  -6.294  -41.949  47.603 0.0000000000
35013  -6.511  -43.004  47.458 0.0000000000
34005  -5.902  -42.920  47.427 0.0000000000
35005  -5.555  -42.688  47.558 0.0000000000
34020  -5.061  -43.093  47.254 0.0000000000
34009  -4.875  -43.373  47.008 0.0000000000
33042  -5.807  -44.730  46.360 0.0000000000
33032  -4.490  -43.871  46.425 0.0000000000
33039  -4.194  -44.091  46.038 0.0000000000
31979  -3.863  -44.474  45.378 0.0000000000
32007  -1.821  -45.701  43.118 0.0000000000
55665  -35.205  -23.667  39.087 0.0000000000
47673  -28.782  -31.250  37.643 0.0000000000
47690  -28.741  -31.306  36.918 0.0000000000
53570  -31.025  -24.709  35.467 0.0000000000
54623  -31.864  -24.430  35.731 0.0000000000
54624  -32.496  -24.363  36.158 0.0000000000
55695  -33.984  -23.777  36.511 0.0000000000
43322  -18.714  -34.825  46.850 0.0000000000
43340  -18.597  -34.877  45.976 0.0000000000
43350  -18.300  -35.189  45.349 0.0000000000
42329  -18.369  -34.931  44.587 0.0000000000
43363  -18.188  -34.817  43.925 0.0000000000
44410  -17.728  -34.694  42.799 0.0000000000
45367  -22.214  -32.697  48.567 0.0000000000
45366  -21.484  -33.120  48.848 0.0000000000
44358  -21.588  -33.133  48.650 0.0000000000
44369  -21.075  -34.005  47.800 0.0000000000
45433  -23.046  -32.688  45.773 0.0000000000
46440  -21.852  -32.419  46.179 0.0000000000
44382  -20.674  -33.925  47.204 0.0000000000
43403  -17.605  -34.589  40.544 0.0000000000
43415  -17.157  -34.601  39.554 0.0000000000
44449  -17.575  -34.265  39.573 0.0000000000
67646  -51.283  -11.664  22.435 0.0000000000
67660  -52.706  -11.667  21.615 0.0000000000
46521  -2.624  -32.376  40.843 0.0000000000
45483  -1.633  -33.652  39.365 0.0000000000
45465  -1.467  -33.625  41.257 0.0000000000
45475  -1.426  -33.714  40.333 0.0000000000
42416  -2.610  -36.076  38.811 0.0000000000
42378  -3.378  -36.681  40.731 0.0000000000
41366  -6.613  -37.175  39.430 0.0000000000
40400  -6.465  -38.650  40.816 0.0000000000
38426  -5.168  -40.709  37.961 0.0000000000
60807  -45.724  -18.513  32.420 0.0000000000
63849  -39.771  -15.852  35.352 0.0000000000
60871  -38.861  -17.801  28.346 0.0000000000
60832  -40.210  -17.697  29.826 0.0000000000
60872  -39.907  -18.031  28.354 0.0000000000
60886  -40.236  -18.209  27.495 0.0000000000
60874  -41.895  -18.321  28.333 0.0000000000
59763  -42.590  -17.978  30.410 0.0000000000
59765  -44.047  -18.301  30.343 0.0000000000
34013  -7.625  -43.025  47.000 0.0000000000
34028  -7.558  -43.346  46.096 0.0000000000
35025  -8.924  -42.264  46.874 0.0000000000
43374  -16.829  -35.626  42.182 0.0000000000
42342  -16.540  -35.848  42.060 0.0000000000
42341  -16.152  -36.096  42.267 0.0000000000
42360  -15.610  -36.076  41.454 0.0000000000
41332  -14.745  -37.269  43.304 0.0000000000
40417  -14.293  -38.101  38.689 0.0000000000
40402  -14.550  -37.681  40.118 0.0000000000
40401  -14.173  -38.036  40.713 0.0000000000
41349  -14.443  -37.307  41.375 0.0000000000
41336  -14.331  -37.476  42.144 0.0000000000
40358  -13.714  -37.758  44.221 0.0000000000
39300  -13.346  -38.021  44.402 0.0000000000
38370  -12.728  -38.348  43.813 0.0000000000
38354  -12.805  -38.398  44.100 0.0000000000
38340  -12.856  -39.227  44.661 0.0000000000
36172  -12.542  -40.424  45.224 0.0000000000
36179  -11.804  -40.791  44.475 0.0000000000
36215  -11.555  -40.633  43.313 0.0000000000
36194  -11.347  -41.029  43.513 0.0000000000
35055  -11.074  -41.297  43.780 0.0000000000
35076  -10.829  -41.418  43.413 0.0000000000
35075  -10.551  -41.536  43.176 0.0000000000
35074  -9.984  -41.678  42.796 0.0000000000
37357  -11.095  -40.227  41.065 0.0000000000
38390  -9.759  -40.419  40.439 0.0000000000
38380  -9.962  -40.459  41.059 0.0000000000
35095  -9.670  -41.686  42.486 0.0000000000
35073  -9.471  -41.829  42.606 0.0000000000
34068  -8.802  -42.154  42.351 0.0000000000
35113  -7.979  -42.412  41.014 0.0000000000
35092  -7.501  -42.697  41.455 0.0000000000
49666  -6.201  -29.442  38.058 0.0000000000
48642  -5.452  -31.190  40.420 0.0000000000
48656  -5.935  -31.143  39.608 0.0000000000
47619  -5.946  -31.270  38.890 0.0000000000
48670  -6.428  -30.205  38.246 0.0000000000
49680  -5.893  -29.464  37.573 0.0000000000
48698  -5.446  -30.031  36.253 0.0000000000
48716  -4.608  -30.500  34.828 0.0000000000
47699  -4.027  -31.157  34.278 0.0000000000
47712  -2.881  -31.495  33.374 0.0000000000
43460  -1.488  -35.265  36.851 0.0000000000
44478  -1.226  -34.708  36.738 0.0000000000
41398  -1.260  -36.048  35.230 0.0000000000
41397  -1.043  -36.081  35.325 0.0000000000
43479  -0.933  -35.372  35.769 0.0000000000
44488  -1.055  -34.550  35.872 0.0000000000
44502  -1.232  -34.373  35.369 0.0000000000
44503  -1.474  -33.966  34.890 0.0000000000
42533  -3.977  -35.686  33.139 0.0000000000
43519  -3.079  -35.616  33.542 0.0000000000
43518  -2.529  -35.458  33.462 0.0000000000
45541  -1.616  -33.045  34.565 0.0000000000
47711  -2.943  -31.251  32.856 0.0000000000
47742  -3.029  -31.787  31.808 0.0000000000
46664  -1.868  -32.450  30.374 0.0000000000
42278  -1.405  -36.799  46.657 0.0000000000
38299  -4.502  -40.424  48.982 0.0000000000
39254  -3.065  -39.144  48.529 0.0000000000
35009  -3.608  -42.601  47.067 0.0000000000
36160  -3.177  -41.660  46.832 0.0000000000
37274  -3.145  -41.354  47.488 0.0000000000
39253  -2.597  -38.727  48.238 0.0000000000
40327  -2.144  -38.114  47.820 0.0000000000
41306  -1.678  -37.312  47.017 0.0000000000
42279  -1.542  -36.879  46.269 0.0000000000
40355  -2.308  -37.971  44.236 0.0000000000
40362  -2.821  -38.346  43.987 0.0000000000
40363  -3.293  -38.639  43.560 0.0000000000
39310  -4.277  -39.902  43.125 0.0000000000
39330  -4.425  -39.441  42.790 0.0000000000
38379  -5.395  -40.191  41.531 0.0000000000
38388  -5.402  -40.504  40.775 0.0000000000
38387  -4.873  -41.153  40.531 0.0000000000
38401  -5.220  -40.694  39.876 0.0000000000
32006  -1.664  -46.189  42.714 0.0000000000
30917  -0.164  -47.159  41.101 0.0000000000
30918  -0.604  -47.032  41.700 0.0000000000
32020  -1.494  -45.519  42.715 0.0000000000
34053  -0.886  -44.518  41.933 0.0000000000
34065  -0.666  -44.512  41.097 0.0000000000
35089  -1.177  -43.762  40.889 0.0000000000
35090  -1.530  -43.445  40.854 0.0000000000
35110  -1.896  -43.643  39.909 0.0000000000
34097  -0.295  -45.055  38.433 0.0000000000
34098  -1.011  -44.720  38.601 0.0000000000
35128  -2.026  -43.694  39.375 0.0000000000
36261  -2.833  -42.614  39.280 0.0000000000
37373  -3.259  -42.327  38.392 0.0000000000
37382  -3.683  -41.791  38.021 0.0000000000
38441  -4.405  -41.686  36.193 0.0000000000
34006  -6.171  -43.054  47.381 0.0000000000
34044  -10.704  -41.513  44.326 0.0000000000
34059  -9.495  -41.883  42.844 0.0000000000
34076  -1.439  -44.275  39.980 0.0000000000
35012  -5.038  -42.818  47.474 0.0000000000
35022  -4.694  -43.202  47.164 0.0000000000
35023  -4.810  -43.051  47.280 0.0000000000
35028  -3.086  -41.738  45.565 0.0000000000
35033  -3.105  -41.848  45.395 0.0000000000
35041  -10.295  -41.656  43.873 0.0000000000
35054  -10.590  -41.534  43.620 0.0000000000
35056  -11.390  -41.144  44.271 0.0000000000
35109  -1.614  -43.707  40.356 0.0000000000
35146  -2.096  -43.715  38.794 0.0000000000
36152  -5.179  -42.492  47.775 0.0000000000
36166  -12.032  -41.387  46.137 0.0000000000
36169  -2.827  -41.494  45.504 0.0000000000
36180  -12.285  -40.307  44.700 0.0000000000
36249  -3.958  -42.259  40.650 0.0000000000
37287  -2.714  -41.238  46.033 0.0000000000
37289  -12.716  -40.311  45.777 0.0000000000
37300  -2.492  -41.128  45.534 0.0000000000
37329  -4.448  -41.427  42.144 0.0000000000
37347  -12.298  -39.860  42.505 0.0000000000
38305  -2.943  -40.733  47.351 0.0000000000
38330  -13.160  -39.326  45.136 0.0000000000
38414  -4.252  -41.361  38.931 0.0000000000
38485  -6.188  -40.055  30.886 0.0000000000
38501  -6.204  -39.752  30.720 0.0000000000
39297  -2.612  -39.881  44.794 0.0000000000
39311  -12.956  -38.462  44.278 0.0000000000
39371  -10.992  -39.800  40.196 0.0000000000
39514  -7.324  -38.626  34.004 0.0000000000
40310  -4.420  -37.537  49.164 0.0000000000
40350  -2.605  -38.870  44.807 0.0000000000
40375  -4.085  -38.615  42.601 0.0000000000
40377  -14.094  -37.749  42.274 0.0000000000
40491  -7.201  -38.409  33.058 0.0000000000
41274  -4.171  -37.107  49.402 0.0000000000
41312  -1.670  -37.207  46.010 0.0000000000
41359  -14.549  -37.299  40.642 0.0000000000
41378  -7.496  -37.280  36.717 0.0000000000
41386  -7.573  -37.237  35.932 0.0000000000
41400  -7.580  -37.139  35.159 0.0000000000
41410  -0.923  -36.172  35.074 0.0000000000
41411  -1.103  -36.090  34.876 0.0000000000
41413  -7.554  -37.072  34.551 0.0000000000
41425  -1.478  -35.819  34.687 0.0000000000
41436  -7.453  -37.406  33.136 0.0000000000
42302  -18.651  -34.781  45.551 0.0000000000
42316  -18.847  -34.578  45.417 0.0000000000
42323  -1.292  -36.658  43.491 0.0000000000
42343  -25.531  -33.975  42.672 0.0000000000
42375  -1.506  -35.792  40.946 0.0000000000
42420  -6.757  -36.354  37.677 0.0000000000
42457  -7.109  -36.145  36.253 0.0000000000
42472  -0.890  -35.911  35.324 0.0000000000
42478  -5.386  -35.839  35.000 0.0000000000
42494  -0.884  -35.845  34.938 0.0000000000
42495  -1.143  -35.725  34.720 0.0000000000
42502  -7.405  -36.730  34.227 0.0000000000
42514  -1.468  -35.610  34.536 0.0000000000
42519  -5.028  -35.782  33.814 0.0000000000
42521  -7.383  -36.775  33.534 0.0000000000
42535  -4.729  -35.787  33.478 0.0000000000
42568  -5.680  -36.004  29.495 0.0000000000
43300  -25.227  -34.111  47.188 0.0000000000
43315  -1.380  -36.520  46.447 0.0000000000
43325  -24.789  -34.402  45.423 0.0000000000
43351  -18.454  -35.019  45.531 0.0000000000
43355  -27.354  -33.573  44.055 0.0000000000
43365  -24.804  -33.706  44.028 0.0000000000
43373  -16.544  -35.813  42.304 0.0000000000
43420  -28.405  -34.754  40.029 0.0000000000
43446  -6.722  -35.912  36.338 0.0000000000
43463  -4.187  -35.463  35.695 0.0000000000
43466  -7.189  -36.148  35.260 0.0000000000
43478  -0.827  -35.695  35.378 0.0000000000
43480  -3.772  -35.404  35.598 0.0000000000
43484  -7.134  -36.180  34.831 0.0000000000
43502  -3.782  -35.447  35.085 0.0000000000
43503  -4.177  -35.476  34.912 0.0000000000
43504  -6.109  -35.951  34.555 0.0000000000
43506  -7.203  -36.380  34.481 0.0000000000
43583  -3.784  -34.703  31.042 0.0000000000
44341  -21.593  -33.048  48.858 0.0000000000
44453  -30.143  -31.964  40.441 0.0000000000
45453  -31.327  -32.705  43.470 0.0000000000
46486  -31.453  -32.495  43.516 0.0000000000
46552  -29.541  -30.810  39.884 0.0000000000
46564  -29.499  -31.026  39.873 0.0000000000
47553  -21.237  -31.778  42.580 0.0000000000
47588  -20.426  -31.812  41.016 0.0000000000
47592  -30.869  -30.268  41.715 0.0000000000
47629  -29.894  -30.710  40.439 0.0000000000
47634  -3.810  -32.199  37.787 0.0000000000
47668  -5.433  -30.685  36.305 0.0000000000
47684  -5.318  -30.414  35.884 0.0000000000
48651  -30.176  -29.536  40.214 0.0000000000
48724  -28.584  -31.121  37.215 0.0000000000
48751  -2.861  -30.386  33.083 0.0000000000
49659  -29.547  -29.031  39.251 0.0000000000
49725  -4.187  -29.613  34.746 0.0000000000
52498  -32.430  -26.525  39.469 0.0000000000
54606  -33.584  -24.505  37.486 0.0000000000
55747  -35.678  -22.512  33.087 0.0000000000
57834  -37.141  -20.734  33.434 0.0000000000
57839  -36.761  -20.998  33.043 0.0000000000
58792  -37.333  -20.468  33.574 0.0000000000
58803  -37.054  -20.508  33.241 0.0000000000
59749  -43.098  -17.670  31.424 0.0000000000
59774  -42.176  -18.154  29.955 0.0000000000
60835  -42.231  -17.755  30.546 0.0000000000
60840  -47.477  -18.147  31.103 0.0000000000
62902  -41.615  -16.255  33.123 0.0000000000
62967  -47.326  -16.050  26.469 0.0000000000
63877  -39.821  -15.899  34.043 0.0000000000
64792  -51.790  -14.733  27.991 0.0000000000
65713  -53.295  -13.179  25.759 0.0000000000
66667  -52.682  -12.389  23.436 0.0000000000
