#!ascii label  , from subject demencia vox2ras=TkReg
805
73514  -23.101  -5.322  -28.284 0.5555555820
73515  -24.012  -5.327  -28.441 0.6666666865
74428  -24.520  -4.439  -29.286 0.7777777910
74429  -25.751  -4.503  -29.382 0.7777777910
76316  -25.562  -2.634  -29.584 0.8888888955
75368  -27.684  -3.454  -30.361 0.8888888955
72588  -22.897  -6.063  -27.931 0.5555555820
74420  -23.507  -4.412  -28.871 0.6666666865
74427  -23.857  -3.871  -29.345 0.8888888955
75357  -26.190  -3.534  -29.537 0.8888888955
76327  -27.072  -2.550  -30.348 1.0000000000
75369  -28.584  -3.535  -30.569 0.8888888955
76329  -28.903  -2.517  -30.737 1.0000000000
75346  -22.907  -3.595  -28.638 0.7777777910
76314  -23.926  -2.163  -29.421 1.0000000000
77237  -23.939  -1.456  -29.826 1.0000000000
77238  -25.243  -2.096  -29.805 1.0000000000
77252  -26.252  -1.615  -30.259 1.0000000000
76325  -24.523  -1.657  -29.981 1.0000000000
77253  -27.331  -1.556  -30.473 1.0000000000
78144  -25.627  -0.529  -30.477 1.0000000000
78145  -26.672  -0.530  -30.503 1.0000000000
77255  -29.241  -1.479  -30.919 1.0000000000
78146  -27.735  -0.502  -30.482 1.0000000000
78148  -29.646  -0.449  -31.083 1.0000000000
78929  -29.018  0.576  -31.259 1.0000000000
78930  -30.082  0.566  -30.883 0.7777777910
78137  -23.451  -0.395  -29.748 0.8888888955
77250  -24.255  -1.228  -30.235 1.0000000000
78142  -23.980  -0.388  -30.236 1.0000000000
78926  -26.059  0.508  -30.682 1.0000000000
78927  -27.068  0.530  -30.587 1.0000000000
78928  -28.119  0.531  -30.592 1.0000000000
79724  -28.431  1.513  -30.690 1.0000000000
78931  -31.083  0.632  -30.614 0.8888888955
79726  -30.544  1.518  -30.617 1.0000000000
79727  -31.483  1.622  -30.991 0.7777777910
79712  -23.339  1.443  -29.540 0.5555555820
80487  -24.384  2.435  -30.373 0.7777777910
79719  -24.012  1.444  -30.114 0.8888888955
79721  -25.491  1.526  -30.898 1.0000000000
79722  -26.427  1.558  -30.995 1.0000000000
79723  -27.397  1.563  -30.664 1.0000000000
80492  -28.805  2.475  -30.562 1.0000000000
80493  -29.926  2.470  -30.555 1.0000000000
80494  -31.038  2.493  -30.491 0.8888888955
80507  -32.053  2.864  -32.072 0.7777777910
79744  -32.495  2.356  -32.588 0.6666666865
80517  -32.400  2.827  -32.461 0.6666666865
81304  -22.621  3.391  -29.108 0.4444444478
80477  -23.725  2.424  -29.767 0.7777777910
81316  -24.147  3.397  -30.027 0.6666666865
81338  -25.477  3.660  -31.582 0.7777777910
80505  -25.842  3.360  -31.569 0.8888888955
80490  -26.727  2.649  -31.166 0.8888888955
80491  -27.706  2.529  -30.619 1.0000000000
81320  -27.072  3.504  -31.007 1.0000000000
81321  -28.066  3.488  -30.483 1.0000000000
81322  -29.230  3.451  -30.295 1.0000000000
81323  -30.372  3.453  -30.348 0.8888888955
81324  -31.345  3.538  -30.742 0.7777777910
81340  -31.897  3.692  -31.713 0.7777777910
80518  -32.765  2.857  -32.701 0.5555555820
81341  -32.277  4.072  -32.305 0.7777777910
82177  -32.444  4.739  -32.638 0.6666666865
83050  -24.457  4.878  -30.840 0.6666666865
82140  -23.811  4.326  -29.804 0.6666666865
82173  -25.122  4.348  -31.581 0.7777777910
82175  -25.967  4.184  -31.673 0.8888888955
82157  -26.251  4.342  -31.389 1.0000000000
82158  -27.251  4.434  -30.622 1.0000000000
82159  -28.480  4.608  -30.091 1.0000000000
82161  -30.832  4.532  -30.236 0.8888888955
82162  -31.635  4.579  -30.991 0.8888888955
82143  -30.103  5.085  -29.920 0.8888888955
83056  -31.321  5.243  -30.544 0.7777777910
82176  -32.130  4.890  -31.941 0.7777777910
83080  -32.433  5.584  -33.138 0.6666666865
83037  -24.141  5.093  -30.245 0.6666666865
82139  -23.042  4.365  -29.332 0.5555555820
83983  -24.524  5.483  -30.651 0.7777777910
83052  -25.631  5.146  -31.267 0.8888888955
83053  -26.496  5.270  -30.748 1.0000000000
82141  -28.711  5.238  -29.810 1.0000000000
82160  -29.724  4.363  -30.074 0.8888888955
83042  -31.266  5.756  -30.617 0.7777777910
83988  -31.572  6.659  -31.708 0.7777777910
83079  -31.855  6.124  -33.005 0.6666666865
83083  -32.153  6.334  -33.324 0.5555555820
83085  -32.949  6.352  -33.377 0.5555555820
83972  -24.126  6.180  -29.992 0.6666666865
83984  -25.045  6.064  -30.614 0.8888888955
83985  -25.944  6.057  -30.573 1.0000000000
83054  -27.435  5.487  -30.149 1.0000000000
83039  -28.850  5.840  -29.632 0.8888888955
82142  -29.280  5.135  -29.808 0.8888888955
83976  -29.463  6.606  -29.571 0.8888888955
83041  -30.740  5.638  -30.192 0.8888888955
83978  -31.253  6.444  -30.654 0.7777777910
84884  -31.504  7.478  -31.131 0.7777777910
83999  -31.845  6.890  -33.243 0.5555555820
84874  -31.122  7.367  -30.085 0.7777777910
84891  -31.518  7.603  -32.180 0.5555555820
85755  -32.170  7.824  -33.160 0.5555555820
85740  -31.449  8.465  -31.641 0.6666666865
84865  -22.706  7.350  -29.061 0.4444444478
84866  -23.480  7.208  -29.547 0.5555555820
84880  -25.070  6.908  -30.112 0.7777777910
83986  -26.723  6.197  -30.402 1.0000000000
84881  -25.616  6.907  -30.316 0.8888888955
84883  -26.916  6.814  -30.393 1.0000000000
83987  -27.321  6.513  -30.121 0.8888888955
83975  -28.532  6.712  -29.455 0.8888888955
83977  -30.408  6.557  -29.982 0.8888888955
85745  -31.619  8.508  -32.551 0.5555555820
85715  -24.265  9.406  -29.282 0.6666666865
85728  -23.714  8.120  -29.280 0.6666666865
85730  -25.570  8.671  -29.864 0.7777777910
84870  -27.120  7.486  -30.045 0.8888888955
85731  -26.486  8.555  -29.599 0.7777777910
84871  -28.154  7.632  -29.306 0.7777777910
84858  -28.449  8.154  -28.988 0.7777777910
84872  -29.104  7.336  -29.207 0.8888888955
84860  -29.509  7.911  -29.089 0.7777777910
85734  -30.898  8.226  -29.602 0.6666666865
86601  -30.080  9.129  -28.694 0.6666666865
86611  -30.607  8.871  -29.281 0.6666666865
85735  -31.398  8.347  -30.534 0.5555555820
87453  -30.972  10.044  -29.492 0.6666666865
86602  -30.712  9.459  -29.152 0.5555555820
86617  -31.390  9.346  -31.032 0.5555555820
86621  -31.501  9.441  -32.023 0.4444444478
87460  -31.105  10.127  -30.468 0.5555555820
87431  -23.305  11.828  -28.142 0.3333333433
87445  -23.346  11.221  -28.651 0.3333333433
86596  -24.696  10.125  -29.221 0.5555555820
86609  -25.183  9.587  -29.547 0.6666666865
87447  -25.357  10.363  -28.903 0.5555555820
86610  -25.885  9.360  -29.537 0.7777777910
85716  -27.038  8.895  -29.065 0.7777777910
86599  -28.097  9.401  -27.877 0.6666666865
85718  -28.562  8.556  -28.515 0.6666666865
85717  -27.731  8.806  -28.712 0.6666666865
86600  -29.272  9.171  -27.979 0.6666666865
87451  -29.883  9.582  -28.195 0.6666666865
87452  -30.528  10.050  -28.548 0.6666666865
88239  -30.800  10.752  -29.876 0.5555555820
88231  -24.035  11.749  -28.431 0.4444444478
88232  -24.899  11.411  -28.317 0.4444444478
88218  -24.494  12.200  -27.857 0.5555555820
87432  -25.823  11.065  -28.010 0.5555555820
87448  -26.417  10.193  -28.516 0.6666666865
87449  -27.288  10.123  -27.859 0.6666666865
86587  -28.767  9.781  -27.512 0.6666666865
87436  -29.446  9.962  -27.883 0.6666666865
88233  -30.645  11.220  -28.837 0.6666666865
88238  -30.449  11.580  -30.208 0.6666666865
88219  -25.389  12.095  -27.565 0.4444444478
87433  -26.758  10.884  -27.673 0.6666666865
87434  -27.586  10.867  -27.366 0.6666666865
86586  -28.294  9.970  -27.519 0.6666666865
87450  -27.878  10.158  -27.529 0.6666666865
87437  -30.287  10.658  -28.077 0.6666666865
75356  -25.129  -3.448  -29.432 0.8888888955
75354  -23.493  -3.193  -29.083 1.0000000000
76315  -24.702  -2.284  -29.672 1.0000000000
77239  -25.711  -2.034  -29.843 1.0000000000
76328  -27.976  -2.537  -30.497 1.0000000000
81305  -23.347  3.400  -29.582 0.5555555820
83036  -23.451  5.297  -29.668 0.5555555820
85727  -23.112  7.821  -29.241 0.5555555820
84857  -22.154  7.655  -28.284 0.2222222239
85732  -27.431  8.287  -29.316 0.7777777910
88221  -27.128  11.467  -27.099 0.6666666865
87459  -30.583  10.866  -30.946 0.5555555820
88216  -22.564  12.802  -26.926 0.2222222239
72578  -23.246  -6.735  -27.657 0.5555555820
72590  -24.710  -6.400  -28.291 0.5555555820
73516  -24.619  -5.451  -28.925 0.5555555820
73523  -25.356  -5.404  -29.192 0.5555555820
74442  -28.166  -4.604  -30.275 0.7777777910
73524  -26.350  -5.539  -29.372 0.6666666865
74430  -26.908  -4.644  -29.989 0.8888888955
75370  -29.576  -3.534  -30.784 0.7777777910
76330  -29.839  -2.464  -30.699 0.8888888955
72576  -21.880  -6.266  -27.139 0.4444444478
74411  -21.906  -4.499  -27.454 0.5555555820
75344  -21.950  -3.285  -27.550 0.2222222239
75353  -22.985  -2.805  -28.560 0.6666666865
78149  -30.576  -0.377  -30.584 0.8888888955
78942  -31.757  0.711  -31.396 0.6666666865
77235  -22.738  -1.285  -28.901 0.5555555820
79734  -32.530  1.473  -32.381 0.6666666865
78916  -22.235  0.458  -28.933 0.4444444478
79745  -32.772  1.912  -32.670 0.5555555820
81357  -33.097  3.814  -32.720 0.5555555820
79701  -21.928  1.852  -28.730 0.2222222239
83081  -33.138  5.655  -33.144 0.5555555820
83004  -22.439  5.348  -28.285 0.3333333433
84000  -33.285  6.596  -32.688 0.5555555820
83971  -23.007  6.325  -29.442 0.4444444478
84899  -32.760  7.474  -32.852 0.4444444478
83966  -21.887  7.073  -27.969 0.3333333433
85752  -32.425  8.353  -32.848 0.5555555820
86628  -31.851  9.351  -32.670 0.4444444478
87444  -22.369  10.819  -28.100 0.3333333433
86594  -22.891  10.010  -28.992 0.4444444478
87466  -31.258  10.300  -31.423 0.4444444478
87465  -30.884  11.155  -31.758 0.4444444478
88246  -30.354  11.771  -31.294 0.2222222239
89045  -24.347  12.736  -27.383 0.3333333433
88220  -26.372  11.685  -27.328 0.6666666865
87435  -28.392  10.583  -27.326 0.6666666865
88223  -29.230  11.301  -27.116 0.6666666865
88209  -30.071  12.020  -26.670 0.6666666865
89054  -30.530  12.278  -28.123 0.6666666865
89060  -30.344  12.348  -29.402 0.6666666865
89066  -30.155  12.523  -30.602 0.3333333433
88207  -26.880  11.973  -26.592 0.5555555820
73509  -22.440  -5.518  -27.925 0.5555555820
72589  -23.671  -6.020  -27.899 0.6666666865
72601  -25.175  -6.133  -28.965 0.6666666865
74421  -24.152  -4.901  -28.916 0.6666666865
76326  -26.375  -2.591  -29.807 1.0000000000
75355  -24.217  -3.260  -29.464 1.0000000000
75367  -26.927  -3.478  -30.136 0.8888888955
74441  -27.411  -4.040  -30.255 0.8888888955
72577  -22.406  -6.535  -27.493 0.4444444478
73508  -22.052  -5.583  -27.481 0.4444444478
74412  -22.132  -5.033  -27.831 0.5555555820
74419  -22.469  -4.431  -28.221 0.6666666865
77254  -28.337  -1.512  -30.593 1.0000000000
74418  -22.127  -3.826  -27.887 0.5555555820
75345  -22.365  -3.040  -28.165 0.6666666865
76313  -23.315  -2.093  -28.845 0.8888888955
76324  -24.246  -1.713  -29.826 1.0000000000
77236  -23.446  -1.268  -29.464 0.8888888955
77249  -23.737  -1.008  -30.053 1.0000000000
77251  -25.089  -1.509  -30.159 1.0000000000
78143  -24.703  -0.468  -30.423 1.0000000000
77256  -30.155  -1.407  -30.649 0.8888888955
78147  -28.651  -0.482  -30.965 1.0000000000
78136  -22.778  -0.451  -29.303 0.5555555820
78925  -25.131  0.494  -30.575 1.0000000000
78924  -24.328  0.485  -30.381 0.8888888955
79725  -29.475  1.515  -30.827 1.0000000000
79733  -32.058  1.869  -32.170 0.6666666865
79710  -21.933  1.241  -28.728 0.5555555820
78917  -22.991  0.482  -29.423 0.5555555820
79711  -22.499  1.478  -29.070 0.6666666865
78923  -23.698  0.483  -29.897 0.7777777910
81318  -25.136  3.205  -31.281 0.8888888955
80488  -24.966  2.448  -30.977 0.8888888955
79720  -24.671  1.461  -30.634 1.0000000000
80489  -25.767  2.698  -31.322 0.8888888955
80495  -31.674  2.650  -31.352 0.7777777910
81355  -32.262  3.411  -32.296 0.6666666865
80519  -33.307  2.597  -32.477 0.5555555820
81356  -32.599  3.754  -32.623 0.6666666865
81289  -22.148  3.284  -28.479 0.3333333433
80461  -22.273  2.476  -28.878 0.3333333433
80476  -22.911  2.434  -29.369 0.4444444478
82154  -24.328  4.263  -30.491 0.6666666865
81317  -24.658  3.421  -30.828 0.7777777910
81319  -26.426  3.520  -31.395 0.8888888955
82187  -32.825  4.699  -32.934 0.5555555820
83069  -25.509  4.747  -31.549 0.8888888955
83070  -31.782  5.926  -32.246 0.7777777910
83071  -32.111  5.448  -32.659 0.7777777910
83055  -28.266  5.435  -29.834 0.8888888955
83996  -31.598  6.804  -32.641 0.6666666865
84902  -32.440  7.435  -33.188 0.5555555820
84005  -33.053  6.682  -33.193 0.5555555820
83973  -24.719  6.601  -30.099 0.6666666865
83038  -27.946  6.108  -29.673 1.0000000000
83040  -29.806  5.809  -29.827 0.8888888955
84897  -31.701  7.641  -32.945 0.6666666865
84873  -30.072  7.482  -29.558 0.8888888955
85751  -32.040  8.352  -33.069 0.5555555820
84867  -24.459  7.350  -29.776 0.5555555820
84882  -26.392  6.903  -30.409 1.0000000000
84868  -25.229  7.747  -30.023 0.7777777910
83974  -27.780  6.881  -29.699 0.8888888955
86629  -32.285  9.248  -32.786 0.5555555820
85714  -23.734  9.155  -29.114 0.5555555820
85729  -24.607  8.728  -29.584 0.5555555820
86608  -24.572  9.604  -29.373 0.4444444478
84869  -26.052  7.727  -30.080 0.7777777910
84859  -28.865  7.977  -28.910 0.7777777910
85719  -29.428  8.458  -28.638 0.6666666865
85720  -30.096  8.343  -29.147 0.6666666865
86612  -31.158  9.210  -29.884 0.5555555820
86595  -23.974  10.096  -29.204 0.4444444478
87446  -24.389  10.914  -28.956 0.5555555820
87458  -25.974  9.897  -29.208 0.6666666865
86598  -27.134  9.422  -28.480 0.7777777910
88224  -30.080  11.421  -27.419 0.6666666865
83025  -22.766  5.365  -28.996 0.4444444478
85713  -22.675  8.586  -28.896 0.3333333433
82129  -22.544  4.309  -28.616 0.4444444478
88253  -30.618  11.949  -32.016 0.3333333433
72579  -24.066  -6.768  -27.678 0.5555555820
71635  -22.995  -7.435  -27.270 0.5555555820
72567  -21.906  -6.976  -27.027 0.3333333433
79700  -21.548  1.587  -28.284 0.1111111119
80460  -21.821  2.444  -28.427 0.1111111119
83967  -22.323  6.450  -28.460 0.3333333433
86593  -21.947  9.813  -28.420 0.3333333433
71656  -27.332  -7.723  -29.622 0.4444444478
70785  -28.395  -8.687  -28.590 0.2222222239
71645  -24.639  -7.540  -27.908 0.4444444478
71646  -25.354  -7.609  -28.460 0.4444444478
72591  -25.597  -6.830  -28.637 0.4444444478
71655  -26.619  -7.659  -29.134 0.4444444478
71666  -27.957  -7.370  -30.119 0.4444444478
71658  -29.299  -7.475  -29.797 0.2222222239
72602  -25.963  -6.211  -28.882 0.4444444478
72603  -26.806  -6.687  -29.305 0.4444444478
72604  -27.536  -6.761  -29.905 0.4444444478
71659  -30.150  -7.078  -30.127 0.1111111119
73526  -27.815  -6.118  -30.037 0.4444444478
72615  -28.889  -6.526  -30.676 0.3333333433
73525  -27.204  -5.859  -29.760 0.4444444478
72614  -28.179  -6.673  -30.299 0.3333333433
72616  -29.651  -6.454  -31.330 0.3333333433
71669  -30.369  -7.088  -31.076 0.2222222239
73537  -28.338  -5.827  -30.308 0.4444444478
72630  -30.607  -6.005  -32.180 0.2222222239
73559  -31.368  -5.908  -31.981 0.1111111119
73541  -32.334  -5.130  -30.897 0.1111111119
73539  -29.700  -5.447  -31.547 0.3333333433
74454  -30.621  -4.891  -31.944 0.3333333433
74443  -29.270  -4.560  -30.832 0.4444444478
75371  -30.555  -3.429  -31.035 0.6666666865
75384  -31.415  -3.427  -31.261 0.4444444478
76343  -33.008  -1.767  -31.127 0.3333333433
76331  -30.693  -2.338  -30.718 0.6666666865
77268  -31.859  -1.284  -31.051 0.5555555820
77269  -32.630  -1.110  -31.240 0.5555555820
78160  -32.924  -0.093  -31.645 0.3333333433
77257  -31.109  -1.369  -30.504 0.5555555820
78944  -33.217  0.973  -32.062 0.4444444478
78957  -33.018  1.452  -32.497 0.5555555820
88208  -29.433  12.009  -26.379 0.5555555820
89047  -30.339  12.404  -26.961 0.5555555820
89748  -30.555  13.195  -27.448 0.5555555820
70792  -26.695  -8.558  -29.344 0.4444444478
71648  -28.468  -8.343  -29.088 0.2222222239
71668  -29.488  -7.152  -30.693 0.2222222239
72625  -30.782  -6.476  -31.975 0.2222222239
72618  -31.496  -6.269  -31.267 0.1111111119
74455  -31.033  -4.452  -31.723 0.4444444478
74456  -31.828  -4.353  -31.452 0.3333333433
74444  -30.215  -4.491  -31.459 0.4444444478
75372  -31.013  -2.882  -31.027 0.6666666865
76341  -31.397  -2.291  -30.997 0.4444444478
78161  -33.598  0.013  -31.513 0.3333333433
79735  -33.707  1.791  -31.961 0.4444444478
82178  -33.347  4.630  -32.559 0.4444444478
89035  -29.092  12.323  -25.910 0.5555555820
89734  -29.030  13.003  -25.516 0.5555555820
76332  -32.596  -3.025  -30.965 0.2222222239
69930  -25.523  -9.537  -28.675 0.4444444478
69941  -26.084  -9.274  -29.097 0.4444444478
69942  -26.593  -9.296  -29.221 0.4444444478
70784  -27.882  -9.037  -28.954 0.2222222239
70773  -28.654  -8.656  -27.930 0.1111111119
71636  -23.835  -7.512  -27.394 0.4444444478
70781  -25.119  -8.543  -28.304 0.4444444478
71650  -30.173  -7.300  -28.988 0.1111111119
70786  -28.920  -8.374  -28.220 0.1111111119
72605  -30.780  -6.876  -29.595 0.1111111119
71670  -31.139  -6.860  -31.067 0.1111111119
73527  -32.053  -5.575  -30.355 0.1111111119
74446  -33.033  -4.369  -30.501 0.1111111119
74457  -32.453  -4.320  -31.124 0.1111111119
76333  -33.132  -2.595  -30.815 0.2222222239
77270  -33.393  -0.918  -31.243 0.1111111119
78945  -33.906  0.824  -31.494 0.2222222239
80508  -33.736  2.664  -31.972 0.4444444478
81325  -33.697  3.875  -31.677 0.3333333433
82163  -33.628  4.503  -31.774 0.3333333433
83072  -33.443  5.578  -32.306 0.3333333433
87472  -31.668  10.499  -32.052 0.3333333433
88206  -26.116  12.297  -26.745 0.4444444478
89754  -30.417  13.209  -28.679 0.5555555820
88222  -27.889  11.737  -26.366 0.5555555820
111701  -28.312  12.763  -25.668 0.5555555820
89036  -29.921  12.511  -26.039 0.5555555820
89736  -30.294  13.195  -26.137 0.5555555820
90397  -30.558  14.120  -26.783 0.5555555820
74431  -27.710  -5.400  -30.030 0.5555555820
78150  -31.529  -0.300  -30.736 0.5555555820
78159  -32.240  -0.193  -31.312 0.5555555820
78943  -32.482  0.830  -32.022 0.4444444478
73538  -29.042  -5.584  -30.814 0.3333333433
71657  -28.316  -8.029  -29.651 0.4444444478
70793  -27.526  -8.726  -29.340 0.3333333433
70794  -28.137  -8.616  -29.190 0.3333333433
71649  -29.049  -7.994  -28.823 0.1111111119
70782  -25.928  -8.557  -28.913 0.4444444478
72592  -26.286  -7.012  -28.801 0.4444444478
71647  -26.052  -7.663  -28.782 0.4444444478
71667  -28.666  -7.288  -30.335 0.4444444478
71660  -30.880  -7.037  -30.436 0.1111111119
72593  -30.690  -6.863  -28.975 0.1111111119
72624  -30.141  -6.158  -31.998 0.3333333433
71681  -30.794  -6.840  -31.530 0.2222222239
73550  -30.965  -5.273  -32.088 0.2222222239
73552  -32.107  -4.844  -31.362 0.1111111119
73540  -31.798  -5.762  -30.909 0.1111111119
75383  -30.926  -3.895  -31.334 0.4444444478
76342  -32.295  -2.396  -31.193 0.3333333433
75385  -32.258  -3.527  -31.210 0.3333333433
77258  -33.561  -1.736  -30.899 0.1111111119
70791  -26.294  -8.948  -29.276 0.4444444478
69943  -27.037  -9.155  -29.352 0.4444444478
111705  -29.003  13.855  -24.969 0.5555555820
75373  -32.844  -3.547  -30.846 0.2222222239
69932  -27.231  -9.653  -28.741 0.4444444478
70772  -24.412  -8.477  -27.618 0.4444444478
70771  -23.472  -8.445  -27.031 0.4444444478
72606  -31.450  -6.226  -30.168 0.1111111119
63577  -25.141  -16.216  -26.392 0.1111111119
66207  -23.417  -13.187  -26.786 0.3333333433
65333  -24.252  -14.683  -27.261 0.2222222239
64461  -24.732  -15.346  -26.857 0.2222222239
64462  -25.166  -15.598  -26.322 0.1111111119
65321  -24.924  -14.737  -26.493 0.1111111119
68189  -22.386  -10.904  -25.920 0.3333333433
67167  -22.307  -11.983  -25.809 0.3333333433
66219  -23.951  -13.335  -27.568 0.3333333433
67199  -24.654  -12.670  -27.918 0.3333333433
66208  -24.415  -14.231  -27.125 0.2222222239
66221  -24.884  -13.166  -27.223 0.2222222239
66209  -24.804  -13.778  -26.763 0.2222222239
66191  -25.250  -14.044  -26.102 0.1111111119
69883  -22.243  -9.397  -25.810 0.2222222239
69105  -22.630  -10.239  -26.270 0.2222222239
68211  -22.798  -11.172  -26.446 0.3333333433
67186  -23.050  -12.195  -26.661 0.3333333433
67187  -23.736  -12.295  -27.421 0.3333333433
70751  -22.220  -8.695  -25.926 0.2222222239
69900  -22.448  -9.403  -26.166 0.3333333433
70760  -23.118  -8.981  -26.767 0.3333333433
69106  -23.268  -10.359  -26.652 0.3333333433
69918  -23.530  -9.507  -26.846 0.3333333433
69121  -24.061  -10.406  -27.099 0.3333333433
68234  -24.859  -11.327  -28.486 0.3333333433
68224  -24.720  -10.877  -28.171 0.3333333433
68235  -25.427  -11.440  -28.361 0.3333333433
68225  -25.515  -11.848  -27.964 0.3333333433
68213  -25.580  -12.005  -27.406 0.1111111119
68226  -26.004  -11.430  -27.612 0.2222222239
71625  -22.065  -7.645  -26.420 0.2222222239
70759  -22.671  -8.501  -26.598 0.2222222239
70770  -22.879  -7.928  -26.922 0.3333333433
69919  -24.219  -9.431  -27.343 0.3333333433
69122  -24.627  -10.345  -27.781 0.3333333433
69135  -24.996  -10.370  -28.387 0.3333333433
69136  -25.555  -10.554  -28.581 0.3333333433
68236  -25.923  -11.283  -28.131 0.3333333433
69123  -26.362  -10.858  -27.887 0.1111111119
71624  -21.809  -7.286  -25.929 0.3333333433
69929  -24.852  -9.460  -28.025 0.3333333433
69137  -26.246  -10.629  -28.487 0.3333333433
69931  -26.211  -9.865  -28.900 0.3333333433
79736  -34.190  1.489  -31.367 0.2222222239
81343  -33.838  3.039  -31.667 0.2222222239
80509  -34.117  2.390  -31.415 0.2222222239
83997  -33.402  6.547  -31.772 0.2222222239
65320  -24.506  -14.744  -26.965 0.2222222239
67168  -25.557  -13.180  -26.102 0.1111111119
68223  -24.375  -11.357  -27.801 0.3333333433
67210  -24.668  -11.892  -28.407 0.3333333433
63576  -24.790  -15.974  -26.990 0.1111111119
66206  -22.787  -13.096  -26.167 0.3333333433
65318  -23.102  -13.734  -26.384 0.3333333433
65319  -23.409  -14.368  -26.714 0.3333333433
64471  -24.183  -15.235  -27.321 0.3333333433
64472  -24.403  -15.415  -27.181 0.3333333433
63561  -25.543  -16.414  -25.573 0.1111111119
64447  -25.524  -15.459  -25.527 0.1111111119
65306  -25.362  -14.742  -25.811 0.1111111119
69082  -22.208  -10.083  -25.728 0.2222222239
67189  -25.980  -12.350  -26.208 0.1111111119
68214  -26.176  -11.578  -26.756 0.1111111119
71615  -22.005  -7.951  -25.757 0.2222222239
69107  -26.369  -10.888  -27.248 0.1111111119
72555  -21.817  -6.611  -25.673 0.1111111119
81326  -33.955  3.604  -31.115 0.2222222239
84892  -33.144  7.529  -32.158 0.2222222239
84885  -33.522  7.566  -31.008 0.2222222239
73499  -21.755  -5.545  -26.904 0.2222222239
76312  -22.608  -2.067  -28.461 0.5555555820
71634  -22.425  -7.512  -26.996 0.4444444478
83058  -33.567  5.571  -31.373 0.2222222239
65332  -23.972  -14.514  -27.427 0.3333333433
66220  -24.430  -13.616  -27.359 0.3333333433
67198  -24.397  -12.228  -28.084 0.3333333433
67200  -25.124  -12.661  -27.683 0.2222222239
68212  -23.585  -11.320  -26.978 0.3333333433
67188  -25.434  -12.684  -26.915 0.1111111119
69901  -22.919  -9.495  -26.552 0.3333333433
67212  -25.166  -12.214  -28.208 0.3333333433
69138  -26.740  -10.276  -28.064 0.1111111119
63560  -24.993  -16.670  -26.232 0.1111111119
63575  -24.364  -15.649  -27.099 0.2222222239
66190  -22.245  -13.167  -25.413 0.2222222239
65305  -23.067  -14.783  -26.138 0.3333333433
64460  -23.781  -15.391  -27.066 0.3333333433
68188  -22.008  -11.013  -25.388 0.2222222239
67166  -21.840  -11.753  -25.086 0.2222222239
80496  -34.408  2.457  -30.503 0.1111111119
81306  -34.435  3.356  -29.659 0.1111111119
82144  -34.186  4.623  -30.132 0.1111111119
82130  -34.594  4.610  -29.053 0.1111111119
83043  -34.231  5.787  -29.445 0.1111111119
83989  -33.647  6.485  -30.845 0.1111111119
83990  -34.063  6.572  -30.119 0.1111111119
84886  -33.833  7.059  -30.475 0.1111111119
87473  -32.256  10.230  -32.056 0.1111111119
87478  -32.020  9.751  -32.609 0.2222222239
87471  -31.070  11.405  -32.085 0.1111111119
86622  -32.299  9.644  -32.487 0.1111111119
88255  -31.993  11.566  -31.715 0.1111111119
89034  -26.939  12.849  -25.638 0.4444444478
111700  -27.720  12.435  -25.847 0.4444444478
89735  -29.630  12.920  -25.490 0.4444444478
89760  -30.131  13.359  -29.851 0.3333333433
89765  -29.954  13.525  -30.964 0.1111111119
89071  -30.636  12.813  -31.957 0.1111111119
89718  -29.907  13.437  -25.282 0.4444444478
111704  -29.542  14.545  -24.985 0.4444444478
90385  -29.721  14.945  -25.236 0.4444444478
90386  -30.049  14.229  -25.532 0.4444444478
91105  -30.190  14.996  -26.301 0.4444444478
91117  -30.450  15.053  -27.517 0.4444444478
91129  -30.123  14.951  -28.856 0.2222222239
90425  -29.740  14.594  -30.162 0.2222222239
90431  -29.582  14.471  -31.345 0.2222222239
93392  -26.738  18.722  -29.319 0.1111111119
92641  -27.985  17.765  -29.642 0.1111111119
90437  -29.303  15.358  -31.567 0.1111111119
89708  -27.648  15.589  -23.769 0.4444444478
90380  -29.231  15.325  -24.554 0.3333333433
91099  -29.784  15.761  -25.580 0.4444444478
91104  -29.926  15.888  -26.931 0.4444444478
92607  -29.248  17.570  -25.748 0.3333333433
91857  -29.490  16.912  -27.687 0.3333333433
91872  -29.267  16.879  -29.207 0.1111111119
91128  -29.751  15.750  -29.229 0.1111111119
91137  -29.751  15.237  -29.609 0.2222222239
91136  -29.307  15.720  -30.184 0.1111111119
91886  -28.462  17.035  -30.558 0.1111111119
92575  -25.562  15.786  -23.822 0.2222222239
91095  -29.374  16.487  -24.523 0.3333333433
91841  -29.557  16.749  -25.390 0.3333333433
91849  -29.614  16.790  -26.376 0.4444444478
92619  -29.118  17.779  -27.032 0.2222222239
93347  -28.576  18.344  -26.432 0.1111111119
93362  -28.232  18.347  -27.541 0.1111111119
92630  -27.689  18.186  -28.540 0.1111111119
92640  -27.453  18.192  -29.005 0.1111111119
92585  -28.013  17.354  -23.436 0.3333333433
91828  -28.615  17.151  -23.722 0.3333333433
91087  -29.276  16.990  -24.451 0.3333333433
91834  -29.351  17.138  -24.882 0.3333333433
93336  -28.792  18.291  -25.401 0.2222222239
93346  -28.204  18.976  -25.897 0.1111111119
93360  -27.398  19.506  -27.468 0.1111111119
93377  -27.445  18.554  -28.274 0.1111111119
94714  -26.860  20.996  -28.343 0.1111111119
93311  -26.599  17.879  -22.479 0.1111111119
93322  -28.145  18.661  -23.312 0.2222222239
92586  -28.628  17.795  -23.725 0.3333333433
91830  -29.200  17.340  -24.476 0.3333333433
93323  -28.716  18.739  -24.070 0.3333333433
94019  -28.386  19.636  -24.587 0.2222222239
94680  -28.167  20.050  -25.008 0.1111111119
94030  -28.194  19.609  -25.374 0.1111111119
94696  -27.475  20.333  -26.025 0.1111111119
93361  -27.784  19.203  -27.143 0.1111111119
94047  -27.304  19.923  -27.272 0.1111111119
94705  -26.717  20.752  -27.636 0.1111111119
93376  -27.136  19.417  -27.892 0.1111111119
93404  -26.464  19.428  -29.534 0.1111111119
93405  -26.915  19.078  -30.176 0.1111111119
93304  -27.055  18.676  -21.676 0.1111111119
93312  -27.392  18.490  -22.625 0.1111111119
94001  -27.324  19.653  -21.976 0.1111111119
94669  -27.762  20.803  -23.367 0.1111111119
94018  -28.220  19.754  -23.705 0.2222222239
94679  -27.903  20.596  -24.604 0.1111111119
95318  -27.658  21.708  -24.037 0.1111111119
95325  -27.378  21.608  -25.126 0.1111111119
95982  -27.003  22.426  -25.641 0.1111111119
94695  -27.143  20.588  -26.642 0.1111111119
93305  -27.814  19.301  -21.416 0.1111111119
94002  -28.045  20.180  -21.447 0.1111111119
94658  -27.606  20.972  -22.195 0.1111111119
95301  -27.975  21.715  -22.398 0.1111111119
95310  -27.859  21.927  -22.949 0.1111111119
95968  -27.546  22.674  -23.639 0.1111111119
94659  -28.679  20.917  -21.704 0.1111111119
94650  -29.040  20.358  -21.103 0.1111111119
95302  -28.474  21.926  -22.014 0.1111111119
84875  -33.669  8.116  -30.360 0.1111111119
85746  -33.177  8.518  -31.750 0.1111111119
90411  -30.556  14.095  -28.081 0.4444444478
90418  -30.308  14.045  -29.160 0.3333333433
90424  -29.396  15.119  -30.421 0.2222222239
95975  -27.259  22.538  -24.596 0.1111111119
82120  -35.053  4.443  -27.263 0.1111111119
81294  -34.794  3.628  -28.519 0.1111111119
85753  -32.771  8.390  -32.519 0.2222222239
88254  -31.190  11.886  -32.115 0.1111111119
91100  -29.932  14.957  -25.654 0.4444444478
93992  -28.593  19.531  -20.852 0.1111111119
81276  -35.041  3.808  -27.767 0.1111111119
80478  -34.568  2.199  -29.633 0.1111111119
81277  -35.294  3.396  -27.073 0.1111111119
83014  -34.869  5.486  -27.391 0.1111111119
83026  -34.566  5.614  -28.382 0.1111111119
83968  -34.246  6.638  -28.638 0.1111111119
83979  -34.140  6.833  -29.403 0.1111111119
85741  -33.464  8.646  -30.761 0.1111111119
84876  -33.933  7.582  -29.915 0.1111111119
86618  -33.145  9.411  -31.304 0.1111111119
87468  -33.114  10.259  -30.839 0.1111111119
88247  -32.590  11.752  -30.877 0.1111111119
89770  -29.973  13.624  -31.894 0.1111111119
89072  -31.310  12.919  -31.652 0.1111111119
90438  -29.738  14.865  -32.188 0.1111111119
91151  -29.201  16.267  -31.933 0.1111111119
91896  -28.011  17.492  -32.065 0.1111111119
93310  -25.873  17.361  -22.653 0.1111111119
92577  -27.153  17.315  -23.151 0.2222222239
93302  -25.048  17.425  -21.904 0.1111111119
93291  -25.418  18.510  -20.426 0.1111111119
93292  -26.706  18.139  -20.827 0.1111111119
94086  -26.797  19.876  -29.772 0.1111111119
93293  -28.136  18.386  -20.754 0.1111111119
95990  -26.702  22.319  -26.925 0.1111111119
94713  -26.638  21.588  -28.074 0.1111111119
95354  -27.776  21.751  -27.881 0.1111111119
95958  -27.816  22.748  -23.047 0.1111111119
97251  -27.387  24.569  -23.794 0.1111111119
86630  -32.580  8.890  -32.745 0.1111111119
89070  -30.293  12.699  -31.539 0.1111111119
82164  -33.770  4.764  -30.963 0.1111111119
83059  -33.906  5.628  -30.476 0.1111111119
86623  -32.677  9.336  -32.285 0.1111111119
87474  -32.668  9.990  -31.560 0.1111111119
89771  -30.590  13.858  -32.086 0.1111111119
91116  -29.904  15.914  -28.229 0.2222222239
90430  -29.209  15.146  -30.855 0.2222222239
92656  -27.138  18.327  -29.846 0.1111111119
93391  -26.589  19.347  -28.759 0.1111111119
92657  -27.505  18.203  -30.779 0.1111111119
91144  -28.848  16.132  -31.255 0.2222222239
90379  -28.761  16.461  -23.883 0.3333333433
92631  -28.307  17.886  -28.332 0.1111111119
92576  -26.464  16.972  -23.375 0.1111111119
91829  -29.055  17.066  -24.056 0.3333333433
93324  -28.880  18.293  -24.683 0.2222222239
94039  -27.644  19.831  -26.374 0.1111111119
94059  -26.741  20.083  -28.238 0.1111111119
94072  -26.585  20.139  -29.062 0.1111111119
93290  -24.587  17.716  -20.613 0.1111111119
93303  -25.996  18.211  -21.678 0.1111111119
92587  -29.008  17.827  -24.261 0.3333333433
93335  -28.581  18.917  -24.968 0.2222222239
94687  -27.441  20.806  -25.679 0.1111111119
94704  -26.527  21.460  -27.817 0.1111111119
95344  -26.513  21.403  -27.132 0.1111111119
94007  -27.662  19.755  -22.832 0.1111111119
95333  -26.951  21.511  -26.191 0.1111111119
95311  -28.101  22.075  -22.451 0.1111111119
80466  -34.806  2.442  -28.731 0.1111111119
82119  -34.909  4.611  -28.079 0.1111111119
96614  -26.945  23.229  -25.053 0.1111111119
95949  -28.570  22.785  -21.855 0.1111111119
83015  -35.066  5.039  -26.797 0.1111111119
87467  -32.616  10.842  -31.314 0.1111111119
96621  -27.149  23.356  -25.998 0.1111111119
95343  -26.464  21.878  -27.519 0.1111111119
96599  -27.709  23.606  -23.177 0.1111111119
97243  -27.679  24.374  -23.224 0.1111111119
96608  -26.987  23.488  -24.094 0.1111111119
78130  -21.705  -0.492  -28.258 0.2222222239
78908  -21.821  0.167  -28.498 0.2222222239
76306  -22.040  -2.026  -28.243 0.3333333433
78131  -22.195  -0.498  -28.764 0.4444444478
111698  -25.116  12.844  -26.727 0.2222222239
111703  -24.631  13.852  -24.392 0.1111111119
85712  -21.602  8.732  -28.111 0.1111111119
88215  -21.821  12.493  -26.803 0.1111111119
88204  -21.848  12.548  -26.286 0.1111111119
89033  -24.539  13.490  -25.298 0.1111111119
91811  -24.625  14.674  -23.550 0.1111111119
76305  -21.880  -2.273  -27.753 0.2222222239
89044  -23.869  13.175  -26.810 0.1111111119
81288  -21.812  2.949  -28.185 0.1111111119
81266  -22.238  3.908  -28.241 0.3333333433
77228  -21.619  -1.369  -28.020 0.2222222239
89043  -23.395  13.208  -26.231 0.1111111119
88205  -22.993  12.803  -25.906 0.1111111119
75374  -33.573  -3.390  -30.324 0.1111111119
64445  -22.967  -14.929  -25.738 0.1111111119
63559  -24.200  -16.338  -26.390 0.1111111119
64429  -22.101  -14.552  -24.360 0.1111111119
65290  -22.230  -14.031  -24.845 0.1111111119
67152  -21.884  -12.456  -25.090 0.1111111119
74387  -21.960  -4.649  -25.845 0.1111111119
78907  -21.438  0.533  -27.968 0.1111111119
77229  -22.090  -1.308  -28.508 0.1111111119
83954  -22.188  5.941  -27.986 0.2222222239
83953  -21.851  6.534  -27.496 0.2222222239
64431  -23.223  -15.782  -25.288 0.1111111119
65289  -21.576  -14.027  -24.194 0.1111111119
66178  -21.736  -13.165  -24.657 0.1111111119
67151  -21.656  -12.155  -24.365 0.1111111119
68173  -21.678  -11.113  -24.681 0.1111111119
69081  -21.781  -10.207  -25.083 0.1111111119
69882  -22.077  -9.397  -25.421 0.1111111119
75324  -21.804  -3.728  -26.056 0.1111111119
78116  -21.490  -0.487  -27.579 0.1111111119
82979  -22.248  5.563  -27.160 0.2222222239
83935  -21.885  6.604  -26.625 0.2222222239
84847  -20.957  7.637  -26.634 0.1111111119
63545  -23.167  -15.963  -24.917 0.1111111119
84856  -21.480  7.713  -27.620 0.2222222239
83003  -22.271  5.426  -27.722 0.2222222239
74399  -21.720  -4.606  -26.535 0.1111111119
69873  -21.883  -9.387  -24.737 0.1111111119
70750  -22.027  -8.586  -25.262 0.1111111119
73486  -21.747  -5.617  -26.050 0.1111111119
65304  -22.764  -14.192  -25.823 0.1111111119
64446  -23.301  -15.474  -26.024 0.1111111119
75336  -21.724  -3.553  -26.848 0.1111111119
77215  -21.665  -1.478  -27.328 0.1111111119
64430  -22.735  -15.195  -24.869 0.1111111119
73487  -22.221  -5.346  -25.619 0.1111111119
74388  -22.522  -4.682  -25.461 0.1111111119
87443  -21.738  10.546  -27.820 0.1111111119
82108  -22.357  4.569  -27.537 0.1111111119
86592  -21.292  9.938  -27.631 0.1111111119
87429  -21.509  11.525  -27.116 0.1111111119
87430  -22.771  11.790  -27.765 0.1111111119
63586  -24.305  -15.532  -27.338 0.2222222239
63587  -24.612  -15.600  -27.175 0.2222222239
67211  -24.870  -12.061  -28.458 0.3333333433
68233  -24.563  -11.734  -28.262 0.3333333433
70783  -26.338  -8.142  -29.052 0.4444444478
71682  -31.179  -6.644  -31.621 0.1111111119
72607  -32.066  -5.640  -29.855 0.1111111119
72617  -30.348  -6.668  -31.636 0.2222222239
72626  -31.302  -6.205  -31.889 0.1111111119
72631  -30.974  -6.089  -32.150 0.1111111119
72632  -31.207  -6.051  -32.083 0.1111111119
73549  -30.385  -5.419  -32.057 0.2222222239
73551  -31.611  -5.435  -31.660 0.1111111119
73557  -30.822  -5.729  -32.174 0.2222222239
73558  -31.175  -5.769  -32.083 0.1111111119
74445  -30.683  -4.102  -31.384 0.4444444478
78915  -21.737  0.807  -28.499 0.1111111119
78956  -32.801  1.326  -32.385 0.5555555820
79746  -33.237  1.718  -32.445 0.5555555820
80506  -26.151  3.218  -31.488 0.8888888955
81337  -24.947  3.791  -31.399 0.7777777910
81339  -25.985  3.808  -31.694 0.8888888955
81342  -33.584  3.577  -32.052 0.3333333433
82155  -24.684  4.317  -31.151 0.7777777910
82156  -25.734  4.644  -31.517 0.8888888955
82174  -25.667  4.335  -31.642 0.8888888955
82188  -33.119  4.691  -32.897 0.5555555820
83051  -24.858  5.089  -31.327 0.7777777910
83057  -31.680  5.665  -31.202 0.7777777910
83068  -25.350  4.750  -31.559 0.8888888955
83084  -32.637  6.261  -33.410 0.5555555820
84003  -32.303  6.885  -33.385 0.5555555820
84004  -32.725  6.787  -33.344 0.5555555820
84898  -32.441  7.821  -32.950 0.4444444478
84901  -32.057  7.531  -33.274 0.5555555820
84903  -32.778  7.094  -33.194 0.5555555820
85733  -28.097  8.330  -29.031 0.7777777910
85756  -32.256  7.972  -33.026 0.5555555820
86597  -26.489  9.413  -29.131 0.7777777910
87457  -25.601  9.816  -29.358 0.6666666865
87479  -32.108  9.841  -32.474 0.2222222239
88217  -23.575  12.383  -27.783 0.3333333433
88230  -23.556  11.820  -28.283 0.3333333433
88234  -30.857  10.541  -29.163 0.6666666865
89046  -24.809  12.535  -27.423 0.4444444478
91094  -29.101  16.628  -24.070 0.3333333433
92596  -29.140  17.745  -24.880 0.3333333433
93378  -27.955  18.213  -28.021 0.1111111119
94038  -27.385  20.129  -26.767 0.1111111119
94048  -27.583  19.646  -26.918 0.1111111119
94688  -27.825  20.207  -25.496 0.1111111119
95352  -26.566  21.942  -27.854 0.1111111119
95353  -26.976  21.972  -28.097 0.1111111119
95989  -26.511  22.091  -27.380 0.1111111119
95994  -26.579  22.146  -27.587 0.1111111119
