#!ascii label  , from subject demencia vox2ras=TkReg
311
80492  -28.805  2.475  -30.562 0.0000000000
77250  -24.255  -1.228  -30.235 0.0000000000
76331  -30.693  -2.338  -30.718 0.0000000000
73524  -26.350  -5.539  -29.372 0.0000000000
89718  -29.907  13.437  -25.282 0.0000000000
87452  -30.528  10.050  -28.548 0.0000000000
84882  -26.392  6.903  -30.409 0.0000000000
70781  -25.119  -8.543  -28.304 0.0000000000
76316  -25.562  -2.634  -29.584 0.0000000000
74421  -24.152  -4.901  -28.916 0.0000000000
88209  -30.071  12.020  -26.670 0.0000000000
87449  -27.288  10.123  -27.859 0.0000000000
81318  -25.136  3.205  -31.281 0.0000000000
83037  -24.141  5.093  -30.245 0.0000000000
82158  -27.251  4.434  -30.622 0.0000000000
83976  -29.463  6.606  -29.571 0.0000000000
82162  -31.635  4.579  -30.991 0.0000000000
80507  -32.053  2.864  -32.072 0.0000000000
79712  -23.339  1.443  -29.540 0.0000000000
78926  -26.059  0.508  -30.682 0.0000000000
78930  -30.082  0.566  -30.883 0.0000000000
77253  -27.331  -1.556  -30.473 0.0000000000
75369  -28.584  -3.535  -30.569 0.0000000000
72616  -29.651  -6.454  -31.330 0.0000000000
85715  -24.265  9.406  -29.282 0.0000000000
84858  -28.449  8.154  -28.988 0.0000000000
86617  -31.390  9.346  -31.032 0.0000000000
72578  -23.246  -6.735  -27.657 0.0000000000
72591  -25.597  -6.830  -28.637 0.0000000000
75346  -22.907  -3.595  -28.638 0.0000000000
74419  -22.469  -4.431  -28.221 0.0000000000
87433  -26.758  10.884  -27.673 0.0000000000
87432  -25.823  11.065  -28.010 0.0000000000
80490  -26.727  2.649  -31.166 0.0000000000
82175  -25.967  4.184  -31.673 0.0000000000
81321  -28.066  3.488  -30.483 0.0000000000
82160  -29.724  4.363  -30.074 0.0000000000
81323  -30.372  3.453  -30.348 0.0000000000
81340  -31.897  3.692  -31.713 0.0000000000
80494  -31.038  2.493  -30.491 0.0000000000
78137  -23.451  -0.395  -29.748 0.0000000000
78924  -24.328  0.485  -30.381 0.0000000000
78144  -25.627  -0.529  -30.477 0.0000000000
78145  -26.672  -0.530  -30.503 0.0000000000
77252  -26.252  -1.615  -30.259 0.0000000000
74429  -25.751  -4.503  -29.382 0.0000000000
75367  -26.927  -3.478  -30.136 0.0000000000
74442  -28.166  -4.604  -30.275 0.0000000000
73538  -29.042  -5.584  -30.814 0.0000000000
73537  -28.338  -5.827  -30.308 0.0000000000
111705  -29.003  13.855  -24.969 0.0000000000
89708  -27.648  15.589  -23.769 0.0000000000
111704  -29.542  14.545  -24.985 0.0000000000
91095  -29.374  16.487  -24.523 0.0000000000
90397  -30.558  14.120  -26.783 0.0000000000
87437  -30.287  10.658  -28.077 0.0000000000
83984  -25.045  6.064  -30.614 0.0000000000
84867  -24.459  7.350  -29.776 0.0000000000
84868  -25.229  7.747  -30.023 0.0000000000
85731  -26.486  8.555  -29.599 0.0000000000
84870  -27.120  7.486  -30.045 0.0000000000
83978  -31.253  6.444  -30.654 0.0000000000
84874  -31.122  7.367  -30.085 0.0000000000
85740  -31.449  8.465  -31.641 0.0000000000
78149  -30.576  -0.377  -30.584 0.0000000000
78942  -31.757  0.711  -31.396 0.0000000000
70771  -23.472  -8.445  -27.031 0.0000000000
71645  -24.639  -7.540  -27.908 0.0000000000
72590  -24.710  -6.400  -28.291 0.0000000000
71646  -25.354  -7.609  -28.460 0.0000000000
76313  -23.315  -2.093  -28.845 0.0000000000
77238  -25.243  -2.096  -29.805 0.0000000000
75355  -24.217  -3.260  -29.464 0.0000000000
74427  -23.857  -3.871  -29.345 0.0000000000
73523  -25.356  -5.404  -29.192 0.0000000000
111701  -28.312  12.763  -25.668 0.0000000000
89036  -29.921  12.511  -26.039 0.0000000000
88223  -29.230  11.301  -27.116 0.0000000000
87435  -28.392  10.583  -27.326 0.0000000000
86587  -28.767  9.781  -27.512 0.0000000000
81305  -23.347  3.400  -29.582 0.0000000000
82154  -24.328  4.263  -30.491 0.0000000000
83052  -25.631  5.146  -31.267 0.0000000000
83985  -25.944  6.057  -30.573 0.0000000000
83987  -27.321  6.513  -30.121 0.0000000000
83055  -28.266  5.435  -29.834 0.0000000000
83041  -30.740  5.638  -30.192 0.0000000000
83070  -31.782  5.926  -32.246 0.0000000000
82176  -32.130  4.890  -31.941 0.0000000000
69136  -25.555  -10.554  -28.581 0.0000000000
69941  -26.084  -9.274  -29.097 0.0000000000
80487  -24.384  2.435  -30.373 0.0000000000
79721  -25.491  1.526  -30.898 0.0000000000
79723  -27.397  1.563  -30.664 0.0000000000
79725  -29.475  1.515  -30.827 0.0000000000
78928  -28.119  0.531  -30.592 0.0000000000
78147  -28.651  -0.482  -30.965 0.0000000000
77255  -29.241  -1.479  -30.919 0.0000000000
76327  -27.072  -2.550  -30.348 0.0000000000
76328  -27.976  -2.537  -30.497 0.0000000000
75370  -29.576  -3.534  -30.784 0.0000000000
74444  -30.215  -4.491  -31.459 0.0000000000
72630  -30.607  -6.005  -32.180 0.0000000000
89748  -30.555  13.195  -27.448 0.0000000000
87458  -25.974  9.897  -29.208 0.0000000000
85717  -27.731  8.806  -28.712 0.0000000000
86601  -30.080  9.129  -28.694 0.0000000000
84872  -29.104  7.336  -29.207 0.0000000000
85720  -30.096  8.343  -29.147 0.0000000000
86602  -30.712  9.459  -29.152 0.0000000000
79727  -31.483  1.622  -30.991 0.0000000000
79734  -32.530  1.473  -32.381 0.0000000000
73508  -22.052  -5.583  -27.481 0.0000000000
73514  -23.101  -5.322  -28.284 0.0000000000
72601  -25.175  -6.133  -28.965 0.0000000000
72602  -25.963  -6.211  -28.882 0.0000000000
70792  -26.695  -8.558  -29.344 0.0000000000
71655  -26.619  -7.659  -29.134 0.0000000000
72604  -27.536  -6.761  -29.905 0.0000000000
88232  -24.899  11.411  -28.317 0.0000000000
80491  -27.706  2.529  -30.619 0.0000000000
81320  -27.072  3.504  -31.007 0.0000000000
81322  -29.230  3.451  -30.295 0.0000000000
80493  -29.926  2.470  -30.555 0.0000000000
77249  -23.737  -1.008  -30.053 0.0000000000
78142  -23.980  -0.388  -30.236 0.0000000000
78143  -24.703  -0.468  -30.423 0.0000000000
77251  -25.089  -1.509  -30.159 0.0000000000
74430  -26.908  -4.644  -29.989 0.0000000000
74431  -27.710  -5.400  -30.030 0.0000000000
73525  -27.204  -5.859  -29.760 0.0000000000
90385  -29.721  14.945  -25.236 0.0000000000
91105  -30.190  14.996  -26.301 0.0000000000
90386  -30.049  14.229  -25.532 0.0000000000
88233  -30.645  11.220  -28.837 0.0000000000
88239  -30.800  10.752  -29.876 0.0000000000
84881  -25.616  6.907  -30.316 0.0000000000
83973  -24.719  6.601  -30.099 0.0000000000
84880  -25.070  6.908  -30.112 0.0000000000
84869  -26.052  7.727  -30.080 0.0000000000
83988  -31.572  6.659  -31.708 0.0000000000
84884  -31.504  7.478  -31.131 0.0000000000
77256  -30.155  -1.407  -30.649 0.0000000000
77257  -31.109  -1.369  -30.504 0.0000000000
69929  -24.852  -9.460  -28.025 0.0000000000
69919  -24.219  -9.431  -27.343 0.0000000000
70772  -24.412  -8.477  -27.618 0.0000000000
71636  -23.835  -7.512  -27.394 0.0000000000
76314  -23.926  -2.163  -29.421 0.0000000000
75354  -23.493  -3.193  -29.083 0.0000000000
74420  -23.507  -4.412  -28.871 0.0000000000
74428  -24.520  -4.439  -29.286 0.0000000000
88222  -27.889  11.737  -26.366 0.0000000000
87434  -27.586  10.867  -27.366 0.0000000000
87450  -27.878  10.158  -27.529 0.0000000000
86586  -28.294  9.970  -27.519 0.0000000000
81316  -24.147  3.397  -30.027 0.0000000000
81317  -24.658  3.421  -30.828 0.0000000000
82157  -26.251  4.342  -31.389 0.0000000000
83069  -25.509  4.747  -31.549 0.0000000000
83053  -26.496  5.270  -30.748 0.0000000000
83054  -27.435  5.487  -30.149 0.0000000000
82161  -30.832  4.532  -30.236 0.0000000000
82143  -30.103  5.085  -29.920 0.0000000000
83056  -31.321  5.243  -30.544 0.0000000000
83042  -31.266  5.756  -30.617 0.0000000000
83071  -32.111  5.448  -32.659 0.0000000000
81355  -32.262  3.411  -32.296 0.0000000000
79744  -32.495  2.356  -32.588 0.0000000000
79711  -22.499  1.478  -29.070 0.0000000000
80477  -23.725  2.424  -29.767 0.0000000000
78925  -25.131  0.494  -30.575 0.0000000000
79720  -24.671  1.461  -30.634 0.0000000000
79722  -26.427  1.558  -30.995 0.0000000000
78927  -27.068  0.530  -30.587 0.0000000000
78146  -27.735  -0.502  -30.482 0.0000000000
77254  -28.337  -1.512  -30.593 0.0000000000
77239  -25.711  -2.034  -29.843 0.0000000000
76326  -26.375  -2.591  -29.807 0.0000000000
75368  -27.684  -3.454  -30.361 0.0000000000
76329  -28.903  -2.517  -30.737 0.0000000000
74443  -29.270  -4.560  -30.832 0.0000000000
73539  -29.700  -5.447  -31.547 0.0000000000
72624  -30.141  -6.158  -31.998 0.0000000000
72625  -30.782  -6.476  -31.975 0.0000000000
89736  -30.294  13.195  -26.137 0.0000000000
89047  -30.339  12.404  -26.961 0.0000000000
82139  -23.042  4.365  -29.332 0.0000000000
85714  -23.734  9.155  -29.114 0.0000000000
86608  -24.572  9.604  -29.373 0.0000000000
86596  -24.696  10.125  -29.221 0.0000000000
86609  -25.183  9.587  -29.547 0.0000000000
85732  -27.431  8.287  -29.316 0.0000000000
85716  -27.038  8.895  -29.065 0.0000000000
85718  -28.562  8.556  -28.515 0.0000000000
85719  -29.428  8.458  -28.638 0.0000000000
83975  -28.532  6.712  -29.455 0.0000000000
85735  -31.398  8.347  -30.534 0.0000000000
85734  -30.898  8.226  -29.602 0.0000000000
86611  -30.607  8.871  -29.281 0.0000000000
86612  -31.158  9.210  -29.884 0.0000000000
79726  -30.544  1.518  -30.617 0.0000000000
78931  -31.083  0.632  -30.614 0.0000000000
72577  -22.406  -6.535  -27.493 0.0000000000
72588  -22.897  -6.063  -27.931 0.0000000000
73509  -22.440  -5.518  -27.925 0.0000000000
72592  -26.286  -7.012  -28.801 0.0000000000
70791  -26.294  -8.948  -29.276 0.0000000000
72603  -26.806  -6.687  -29.305 0.0000000000
88221  -27.128  11.467  -27.099 0.0000000000
87448  -26.417  10.193  -28.516 0.0000000000
80505  -25.842  3.360  -31.569 0.0000000000
81338  -25.477  3.660  -31.582 0.0000000000
81319  -26.426  3.520  -31.395 0.0000000000
82159  -28.480  4.608  -30.091 0.0000000000
81324  -31.345  3.538  -30.742 0.0000000000
80495  -31.674  2.650  -31.352 0.0000000000
78923  -23.698  0.483  -29.897 0.0000000000
75357  -26.190  -3.534  -29.537 0.0000000000
74441  -27.411  -4.040  -30.255 0.0000000000
89034  -26.939  12.849  -25.638 0.0000000000
90380  -29.231  15.325  -24.554 0.0000000000
88224  -30.080  11.421  -27.419 0.0000000000
89054  -30.530  12.278  -28.123 0.0000000000
84866  -23.480  7.208  -29.547 0.0000000000
85727  -23.112  7.821  -29.241 0.0000000000
85728  -23.714  8.120  -29.280 0.0000000000
85729  -24.607  8.728  -29.584 0.0000000000
86610  -25.885  9.360  -29.537 0.0000000000
85730  -25.570  8.671  -29.864 0.0000000000
84871  -28.154  7.632  -29.306 0.0000000000
83977  -30.408  6.557  -29.982 0.0000000000
78150  -31.529  -0.300  -30.736 0.0000000000
71635  -22.995  -7.435  -27.270 0.0000000000
72579  -24.066  -6.768  -27.678 0.0000000000
77236  -23.446  -1.268  -29.464 0.0000000000
77237  -23.939  -1.456  -29.826 0.0000000000
76325  -24.523  -1.657  -29.981 0.0000000000
76324  -24.246  -1.713  -29.826 0.0000000000
76315  -24.702  -2.284  -29.672 0.0000000000
75356  -25.129  -3.448  -29.432 0.0000000000
89734  -29.030  13.003  -25.516 0.0000000000
89735  -29.630  12.920  -25.490 0.0000000000
89035  -29.092  12.323  -25.910 0.0000000000
88208  -29.433  12.009  -26.379 0.0000000000
87436  -29.446  9.962  -27.883 0.0000000000
87451  -29.883  9.582  -28.195 0.0000000000
83050  -24.457  4.878  -30.840 0.0000000000
82173  -25.122  4.348  -31.581 0.0000000000
83983  -24.524  5.483  -30.651 0.0000000000
83986  -26.723  6.197  -30.402 0.0000000000
84883  -26.916  6.814  -30.393 0.0000000000
83038  -27.946  6.108  -29.673 0.0000000000
83039  -28.850  5.840  -29.632 0.0000000000
82141  -28.711  5.238  -29.810 0.0000000000
82142  -29.280  5.135  -29.808 0.0000000000
83040  -29.806  5.809  -29.827 0.0000000000
83996  -31.598  6.804  -32.641 0.0000000000
83079  -31.855  6.124  -33.005 0.0000000000
83080  -32.433  5.584  -33.138 0.0000000000
81341  -32.277  4.072  -32.305 0.0000000000
75372  -31.013  -2.882  -31.027 0.0000000000
69135  -24.996  -10.370  -28.387 0.0000000000
69930  -25.523  -9.537  -28.675 0.0000000000
79719  -24.012  1.444  -30.114 0.0000000000
80488  -24.966  2.448  -30.977 0.0000000000
80489  -25.767  2.698  -31.322 0.0000000000
79724  -28.431  1.513  -30.690 0.0000000000
78929  -29.018  0.576  -31.259 0.0000000000
78148  -29.646  -0.449  -31.083 0.0000000000
76330  -29.839  -2.464  -30.699 0.0000000000
75371  -30.555  -3.429  -31.035 0.0000000000
75383  -30.926  -3.895  -31.334 0.0000000000
74454  -30.621  -4.891  -31.944 0.0000000000
87446  -24.389  10.914  -28.956 0.0000000000
87447  -25.357  10.363  -28.903 0.0000000000
86598  -27.134  9.422  -28.480 0.0000000000
86599  -28.097  9.401  -27.877 0.0000000000
86600  -29.272  9.171  -27.979 0.0000000000
83974  -27.780  6.881  -29.699 0.0000000000
84859  -28.865  7.977  -28.910 0.0000000000
84873  -30.072  7.482  -29.558 0.0000000000
84860  -29.509  7.911  -29.089 0.0000000000
87453  -30.972  10.044  -29.492 0.0000000000
79733  -32.058  1.869  -32.170 0.0000000000
74412  -22.132  -5.033  -27.831 0.0000000000
72589  -23.671  -6.020  -27.899 0.0000000000
73515  -24.012  -5.327  -28.441 0.0000000000
73516  -24.619  -5.451  -28.925 0.0000000000
70782  -25.928  -8.557  -28.913 0.0000000000
71647  -26.052  -7.663  -28.782 0.0000000000
73526  -27.815  -6.118  -30.037 0.0000000000
70783  -26.338  -8.142  -29.052 0.0000000000
72617  -30.348  -6.668  -31.636 0.0000000000
73549  -30.385  -5.419  -32.057 0.0000000000
73557  -30.822  -5.729  -32.174 0.0000000000
74445  -30.683  -4.102  -31.384 0.0000000000
80506  -26.151  3.218  -31.488 0.0000000000
81337  -24.947  3.791  -31.399 0.0000000000
81339  -25.985  3.808  -31.694 0.0000000000
82155  -24.684  4.317  -31.151 0.0000000000
82156  -25.734  4.644  -31.517 0.0000000000
82174  -25.667  4.335  -31.642 0.0000000000
83051  -24.858  5.089  -31.327 0.0000000000
83057  -31.680  5.665  -31.202 0.0000000000
83068  -25.350  4.750  -31.559 0.0000000000
85733  -28.097  8.330  -29.031 0.0000000000
86595  -23.974  10.096  -29.204 0.0000000000
86597  -26.489  9.413  -29.131 0.0000000000
87457  -25.601  9.816  -29.358 0.0000000000
88234  -30.857  10.541  -29.163 0.0000000000
