#!ascii label  , from subject demencia vox2ras=TkReg
1647
12075  -36.932  -64.683  -40.213 0.1000000015
12089  -36.600  -64.676  -41.239 0.1000000015
12102  -36.259  -64.612  -42.443 0.1000000015
13271  -36.752  -63.547  -41.694 0.1000000015
13272  -37.602  -63.146  -41.146 0.1000000015
14439  -36.771  -62.664  -42.423 0.1000000015
14440  -37.364  -62.056  -42.106 0.1000000015
15582  -37.852  -61.648  -41.908 0.1000000015
15595  -36.878  -61.699  -42.886 0.1000000015
15615  -37.622  -60.998  -43.478 0.1000000015
15597  -38.059  -61.157  -42.164 0.1000000015
15616  -38.062  -60.856  -42.811 0.1000000015
16799  -38.471  -60.077  -43.643 0.1000000015
19215  -40.023  -58.952  -43.159 0.1000000015
16798  -37.910  -60.563  -44.137 0.1000000015
18006  -39.082  -59.387  -43.736 0.1000000015
12045  -37.125  -64.178  -38.966 0.1000000015
12059  -37.458  -64.148  -39.588 0.1000000015
13257  -37.211  -63.891  -40.775 0.1000000015
13243  -38.167  -63.693  -39.819 0.1000000015
13258  -37.972  -63.486  -40.488 0.1000000015
13259  -38.655  -63.178  -40.192 0.1000000015
14413  -37.920  -62.303  -41.450 0.1000000015
14414  -38.460  -62.147  -40.987 0.1000000015
15583  -38.443  -61.360  -41.488 0.1000000015
16778  -38.562  -60.651  -42.264 0.1000000015
21526  -41.841  -56.383  -38.014 0.1000000015
20366  -41.146  -57.197  -38.659 0.1000000015
20380  -41.345  -57.853  -39.436 0.1000000015
20398  -41.238  -58.333  -40.182 0.1000000015
20419  -40.638  -58.245  -41.511 0.1000000015
19182  -40.716  -58.766  -41.780 0.1000000015
17973  -40.505  -59.357  -42.072 0.1000000015
17972  -39.940  -59.785  -42.285 0.1000000015
18007  -39.605  -59.246  -43.378 0.1000000015
16800  -39.123  -59.613  -43.398 0.1000000015
13213  -36.530  -63.954  -37.606 0.1000000015
14346  -37.927  -62.601  -38.240 0.2000000030
14345  -36.843  -62.679  -37.777 0.2000000030
13214  -37.098  -63.472  -38.457 0.1000000015
14347  -38.758  -62.219  -38.497 0.1000000015
13229  -38.611  -63.129  -39.037 0.1000000015
25026  -43.936  -53.613  -34.495 0.1000000015
25027  -44.665  -53.607  -34.702 0.1000000015
14348  -39.165  -62.058  -38.791 0.1000000015
14372  -39.116  -62.748  -39.777 0.1000000015
25028  -45.216  -53.659  -35.069 0.1000000015
23823  -45.032  -54.260  -34.841 0.1000000015
22657  -44.398  -55.183  -34.789 0.1000000015
21508  -43.782  -56.240  -35.750 0.1000000015
20357  -43.489  -57.162  -36.052 0.1000000015
20361  -43.296  -57.366  -36.657 0.1000000015
14373  -39.373  -62.256  -39.410 0.1000000015
15550  -39.686  -61.701  -39.666 0.1000000015
16767  -38.676  -60.828  -41.683 0.1000000015
21509  -44.025  -55.555  -35.682 0.1000000015
22688  -43.702  -55.279  -36.223 0.1000000015
21516  -43.294  -56.446  -36.679 0.1000000015
20360  -42.897  -57.616  -37.370 0.1000000015
17945  -42.156  -59.105  -38.034 0.1000000015
17955  -41.743  -59.015  -39.089 0.1000000015
15568  -39.413  -61.330  -40.457 0.1000000015
16768  -39.260  -60.591  -41.437 0.1000000015
21527  -42.320  -57.224  -37.930 0.1000000015
19145  -42.108  -58.597  -38.481 0.1000000015
17961  -41.207  -59.314  -40.160 0.1000000015
17960  -40.962  -59.471  -40.987 0.1000000015
20367  -41.800  -57.516  -38.504 0.1000000015
19144  -41.845  -58.207  -38.895 0.1000000015
19149  -41.559  -58.536  -39.575 0.1000000015
19161  -41.371  -58.896  -40.268 0.1000000015
16769  -40.260  -60.029  -41.526 0.1000000015
16779  -39.269  -59.896  -42.769 0.1000000015
15521  -37.506  -61.600  -37.556 0.1000000015
15520  -36.766  -62.003  -37.105 0.2000000030
14336  -36.481  -63.007  -36.666 0.1000000015
13184  -36.448  -63.921  -35.747 0.2000000030
15522  -38.488  -61.528  -37.956 0.1000000015
27314  -42.375  -52.079  -34.897 0.1000000015
26182  -43.454  -53.033  -34.795 0.1000000015
15523  -39.260  -61.341  -38.408 0.1000000015
15533  -39.553  -61.742  -38.990 0.1000000015
15524  -39.841  -61.056  -38.655 0.1000000015
25015  -44.287  -54.111  -34.325 0.1000000015
21477  -44.296  -55.779  -34.938 0.1000000015
21476  -43.757  -56.061  -34.666 0.1000000015
20344  -43.534  -56.721  -35.285 0.1000000015
19130  -42.528  -58.569  -37.164 0.1000000015
17928  -41.886  -59.057  -37.451 0.1000000015
17949  -41.585  -59.551  -38.612 0.1000000015
16756  -40.562  -60.544  -39.407 0.1000000015
15551  -40.011  -61.129  -39.941 0.1000000015
17953  -40.916  -59.803  -39.931 0.1000000015
17923  -36.571  -59.617  -36.061 0.1000000015
16713  -36.147  -60.570  -35.699 0.1000000015
17924  -37.322  -59.575  -36.843 0.1000000015
16714  -36.740  -60.496  -36.574 0.1000000015
15511  -36.892  -61.215  -37.018 0.1000000015
15510  -36.373  -61.622  -36.273 0.2000000030
14328  -36.308  -62.688  -35.489 0.2000000030
16731  -38.212  -60.643  -37.528 0.1000000015
17940  -37.961  -59.928  -37.272 0.1000000015
16732  -39.113  -60.579  -37.751 0.1000000015
26181  -42.518  -52.700  -34.213 0.1000000015
25013  -42.567  -53.653  -33.528 0.1000000015
23820  -43.025  -54.711  -33.792 0.1000000015
23834  -42.360  -54.965  -34.003 0.1000000015
27313  -41.617  -51.577  -34.526 0.1000000015
25014  -43.530  -54.051  -33.990 0.1000000015
23821  -43.886  -54.685  -34.155 0.1000000015
21475  -42.946  -56.309  -34.726 0.1000000015
21495  -42.721  -56.826  -35.094 0.1000000015
20343  -42.740  -57.444  -35.621 0.1000000015
19129  -41.796  -58.583  -36.891 0.1000000015
17927  -41.292  -59.318  -37.406 0.1000000015
16715  -40.694  -59.759  -37.594 0.1000000015
16744  -40.348  -60.715  -38.702 0.1000000015
27323  -41.845  -51.071  -35.416 0.1000000015
20356  -43.147  -57.942  -36.490 0.1000000015
17944  -41.558  -59.609  -37.894 0.1000000015
16745  -41.005  -60.194  -38.454 0.1000000015
28478  -41.826  -50.320  -36.165 0.1000000015
28490  -42.524  -49.811  -36.929 0.1000000015
29683  -41.173  -48.917  -36.386 0.1000000015
20350  -36.793  -58.257  -35.927 0.1000000015
20351  -37.318  -57.958  -36.185 0.1000000015
19125  -37.808  -58.606  -36.758 0.1000000015
17908  -36.102  -59.717  -34.997 0.1000000015
15502  -35.923  -61.497  -35.034 0.2000000030
20352  -38.424  -57.507  -36.455 0.1000000015
17925  -38.150  -59.301  -37.111 0.1000000015
19126  -38.901  -58.766  -37.112 0.1000000015
28458  -40.372  -50.821  -34.174 0.1000000015
27312  -40.868  -51.087  -34.244 0.1000000015
27303  -41.330  -52.071  -33.659 0.1000000015
26169  -41.340  -52.533  -33.132 0.1000000015
26170  -42.082  -52.895  -33.269 0.1000000015
24996  -41.973  -53.385  -33.031 0.1000000015
25012  -41.949  -53.746  -33.079 0.1000000015
21505  -38.904  -56.854  -36.237 0.1000000015
20353  -39.636  -57.842  -37.049 0.1000000015
19137  -39.058  -59.274  -37.187 0.1000000015
17941  -38.825  -59.721  -37.283 0.1000000015
26180  -41.762  -52.396  -33.732 0.1000000015
22654  -41.967  -55.576  -34.444 0.1000000015
21494  -41.957  -56.537  -35.050 0.1000000015
20354  -40.598  -58.135  -36.865 0.1000000015
19139  -40.045  -59.263  -37.337 0.1000000015
17942  -39.682  -59.826  -37.463 0.1000000015
28466  -39.880  -50.110  -34.427 0.1000000015
22655  -42.725  -55.566  -34.346 0.1000000015
21474  -42.422  -56.008  -34.639 0.1000000015
20355  -41.358  -58.268  -36.430 0.1000000015
17926  -40.855  -59.454  -37.403 0.1000000015
17943  -40.401  -59.612  -37.454 0.1000000015
28468  -41.522  -50.818  -35.271 0.1000000015
28467  -40.811  -50.321  -35.041 0.1000000015
28477  -40.998  -49.693  -35.870 0.1000000015
29682  -40.496  -49.096  -35.638 0.1000000015
30813  -41.265  -47.894  -36.315 0.1000000015
30826  -41.831  -48.087  -36.820 0.1000000015
20339  -37.566  -57.276  -35.818 0.1000000015
21489  -37.287  -56.951  -35.321 0.1000000015
19113  -36.535  -58.770  -35.566 0.1000000015
16697  -35.821  -60.681  -34.863 0.1000000015
21491  -38.449  -56.685  -35.808 0.1000000015
22669  -38.010  -56.247  -35.322 0.1000000015
16696  -35.756  -61.094  -34.724 0.1000000015
22670  -38.750  -55.978  -35.338 0.1000000015
15494  -36.008  -61.460  -34.017 0.2000000030
27302  -40.602  -51.689  -33.379 0.1000000015
26156  -41.656  -53.056  -32.852 0.1000000015
24995  -41.489  -53.491  -32.877 0.1000000015
22671  -39.865  -55.816  -35.443 0.1000000015
21506  -39.553  -57.033  -36.523 0.1000000015
15481  -36.834  -61.749  -33.163 0.2000000030
23819  -41.946  -54.227  -33.393 0.1000000015
23833  -41.539  -54.718  -34.016 0.1000000015
22673  -41.529  -55.806  -34.811 0.1000000015
22672  -40.960  -55.820  -35.199 0.1000000015
20341  -40.970  -57.688  -36.302 0.1000000015
29672  -39.291  -49.218  -34.347 0.1000000015
29673  -40.003  -49.212  -34.905 0.1000000015
30804  -40.286  -48.237  -35.091 0.1000000015
30812  -40.775  -48.101  -35.785 0.1000000015
22650  -37.771  -55.536  -34.563 0.1000000015
21473  -37.551  -56.449  -35.083 0.1000000015
21472  -36.932  -56.666  -34.711 0.1000000015
20338  -36.740  -57.700  -35.366 0.1000000015
20327  -36.343  -57.571  -34.212 0.1000000015
16677  -35.916  -60.466  -34.157 0.1000000015
22652  -40.268  -55.167  -34.761 0.1000000015
22651  -39.182  -55.246  -34.802 0.1000000015
19105  -36.299  -58.645  -34.575 0.1000000015
28457  -39.729  -50.831  -33.789 0.1000000015
27301  -39.534  -51.311  -33.091 0.1000000015
27284  -39.837  -51.922  -32.254 0.1000000015
26168  -40.796  -52.456  -32.743 0.1000000015
26154  -40.391  -52.748  -32.269 0.1000000015
23818  -40.978  -54.139  -33.365 0.1000000015
23832  -40.659  -54.579  -34.110 0.1000000015
17893  -36.210  -59.587  -33.849 0.1000000015
28465  -39.268  -50.137  -34.058 0.1000000015
23806  -41.357  -53.829  -33.061 0.1000000015
29671  -38.862  -49.680  -33.917 0.1000000015
30803  -39.772  -48.304  -34.438 0.1000000015
32982  -39.882  -47.018  -34.295 0.1000000015
31910  -40.115  -47.476  -34.600 0.1000000015
32989  -40.080  -46.492  -34.925 0.1000000015
22643  -37.308  -54.794  -33.834 0.1000000015
22649  -36.957  -56.091  -34.184 0.1000000015
21464  -36.437  -56.573  -33.886 0.1000000015
23830  -38.802  -54.660  -34.224 0.1000000015
23815  -38.131  -54.263  -33.602 0.1000000015
23831  -39.729  -54.545  -34.229 0.1000000015
19098  -36.208  -58.528  -33.373 0.1000000015
28456  -38.895  -50.619  -33.372 0.1000000015
26155  -41.138  -52.981  -32.581 0.1000000015
25011  -40.442  -53.882  -33.105 0.1000000015
23817  -40.173  -54.159  -33.515 0.1000000015
23816  -39.294  -54.131  -33.548 0.1000000015
29662  -38.357  -49.431  -33.560 0.1000000015
27300  -39.143  -51.147  -33.051 0.1000000015
27283  -39.120  -51.285  -32.628 0.1000000015
24994  -40.684  -53.534  -32.745 0.1000000015
17878  -36.559  -59.575  -32.915 0.1000000015
29663  -38.780  -48.927  -33.889 0.1000000015
31899  -38.754  -47.731  -32.801 0.1000000015
30793  -38.633  -48.338  -33.230 0.1000000015
31900  -39.177  -47.448  -33.073 0.1000000015
31909  -39.681  -47.517  -33.952 0.1000000015
32981  -39.470  -46.604  -33.882 0.1000000015
25008  -37.999  -53.628  -32.562 0.1000000015
25007  -37.288  -53.580  -32.184 0.1000000015
23814  -36.869  -54.111  -33.152 0.1000000015
21463  -35.973  -56.296  -33.223 0.1000000015
24992  -38.766  -53.416  -31.867 0.1000000015
26153  -39.646  -52.649  -31.791 0.1000000015
24978  -39.213  -53.030  -31.533 0.1000000015
20319  -36.043  -57.293  -33.181 0.1000000015
29661  -37.858  -49.410  -33.083 0.1000000015
28455  -38.230  -50.164  -33.062 0.1000000015
24993  -39.684  -53.295  -32.200 0.1000000015
30792  -38.126  -48.826  -33.273 0.1000000015
16658  -36.580  -60.625  -33.165 0.1000000015
30780  -38.488  -47.894  -32.771 0.1000000015
31888  -38.536  -47.316  -32.278 0.1000000015
32961  -38.972  -46.880  -32.347 0.1000000015
32973  -38.939  -46.613  -32.908 0.1000000015
32960  -38.706  -46.604  -32.293 0.1000000015
33930  -38.175  -46.113  -32.273 0.1000000015
33945  -38.897  -46.194  -33.580 0.1000000015
23813  -36.251  -54.844  -33.161 0.1000000015
22642  -36.607  -55.441  -33.703 0.1000000015
22641  -35.866  -55.426  -32.949 0.1000000015
28440  -37.771  -50.306  -32.518 0.1000000015
27264  -38.843  -51.618  -31.579 0.1000000015
26138  -39.133  -52.487  -31.326 0.1000000015
24977  -38.568  -53.007  -31.002 0.1000000015
30779  -37.910  -48.341  -32.799 0.1000000015
29647  -37.320  -49.330  -32.636 0.1000000015
28441  -38.508  -50.849  -32.509 0.1000000015
28420  -38.187  -50.979  -31.942 0.1000000015
27265  -39.423  -52.193  -31.635 0.1000000015
31887  -37.474  -47.664  -32.161 0.1000000015
31876  -37.743  -47.059  -31.720 0.1000000015
31877  -38.218  -46.867  -31.774 0.1000000015
32938  -37.401  -46.204  -31.293 0.1000000015
32951  -38.364  -46.579  -31.911 0.1000000015
33899  -37.211  -45.916  -31.050 0.1000000015
33914  -37.421  -45.677  -31.625 0.1000000015
24991  -37.942  -53.443  -31.627 0.1000000015
23805  -36.535  -53.823  -31.898 0.1000000015
23804  -36.044  -54.592  -32.487 0.1000000015
24976  -37.640  -53.236  -30.948 0.1000000015
30778  -37.049  -48.430  -32.404 0.1000000015
32937  -36.877  -46.360  -30.904 0.1000000015
33913  -36.770  -45.132  -31.236 0.1000000015
28439  -37.149  -50.089  -32.191 0.1000000015
27263  -38.172  -51.240  -31.512 0.1000000015
26125  -38.307  -52.278  -30.709 0.1000000015
31875  -36.684  -47.316  -31.462 0.1000000015
33898  -36.776  -45.443  -30.625 0.1000000015
34881  -36.463  -44.415  -29.868 0.1000000015
34894  -36.491  -44.475  -30.884 0.1000000015
27250  -37.118  -51.488  -30.486 0.1000000015
26124  -37.662  -52.170  -30.415 0.1000000015
24961  -37.913  -52.732  -30.647 0.1000000015
30763  -36.497  -48.379  -31.827 0.1000000015
29646  -36.758  -49.326  -32.056 0.1000000015
28418  -36.782  -50.274  -31.570 0.1000000015
28419  -37.588  -50.814  -31.693 0.1000000015
28406  -37.140  -51.006  -31.102 0.1000000015
31886  -36.864  -47.866  -32.070 0.1000000015
34866  -36.468  -44.398  -28.757 0.1000000015
29629  -36.135  -49.383  -31.332 0.1000000015
31864  -36.487  -46.873  -30.858 0.1000000015
32924  -36.644  -46.069  -29.969 0.1000000015
33885  -36.639  -45.256  -29.417 0.1000000015
31874  -36.161  -47.563  -31.109 0.1000000015
32936  -36.406  -46.619  -30.416 0.1000000015
34851  -36.622  -44.476  -27.605 0.1000000015
32923  -35.984  -46.602  -29.706 0.1000000015
32911  -36.283  -45.897  -29.023 0.1000000015
33873  -36.568  -45.223  -28.374 0.1000000015
14412  -37.267  -62.727  -41.719 0.1000000015
13228  -38.035  -63.519  -38.982 0.1000000015
12076  -37.602  -64.013  -40.175 0.1000000015
13244  -38.659  -63.216  -39.470 0.1000000015
13273  -38.333  -62.843  -40.836 0.1000000015
14390  -38.933  -62.369  -40.472 0.1000000015
15567  -38.782  -61.708  -40.841 0.1000000015
20397  -40.645  -57.868  -40.485 0.1000000015
19160  -41.137  -58.530  -40.981 0.1000000015
14359  -39.020  -62.672  -39.045 0.1000000015
25025  -43.208  -53.453  -34.176 0.1000000015
22646  -44.121  -55.187  -34.405 0.1000000015
19140  -42.414  -58.401  -37.834 0.1000000015
20368  -42.307  -57.954  -38.206 0.1000000015
17954  -41.546  -59.227  -39.427 0.1000000015
16762  -39.552  -60.800  -40.769 0.1000000015
16763  -40.109  -60.542  -40.530 0.1000000015
16730  -37.429  -60.559  -37.159 0.1000000015
15534  -40.033  -61.197  -39.204 0.1000000015
22645  -43.616  -55.338  -34.246 0.1000000015
19115  -42.508  -58.255  -36.379 0.1000000015
16733  -40.163  -60.350  -37.986 0.1000000015
20342  -41.639  -57.592  -35.790 0.1000000015
19114  -42.057  -58.248  -36.027 0.1000000015
19128  -40.822  -58.939  -37.116 0.1000000015
28491  -42.939  -50.575  -37.019 0.1000000015
19124  -36.956  -58.754  -36.334 0.1000000015
14322  -36.304  -62.469  -34.515 0.2000000030
21492  -39.351  -56.478  -35.919 0.1000000015
21507  -40.340  -57.463  -36.607 0.1000000015
19138  -39.423  -59.278  -37.248 0.1000000015
22653  -41.163  -55.270  -34.551 0.1000000015
21493  -40.643  -56.755  -35.946 0.1000000015
31919  -40.584  -47.331  -35.280 0.1000000015
30794  -39.281  -48.297  -33.769 0.1000000015
25010  -39.892  -53.788  -32.930 0.1000000015
25009  -38.978  -53.675  -32.783 0.1000000015
32972  -38.512  -46.338  -32.670 0.1000000015
33929  -37.624  -45.561  -32.559 0.1000000015
27252  -38.547  -51.903  -30.962 0.1000000015
10726  -34.866  -65.588  -25.624 0.5000000000
6894  -37.487  -69.188  -29.044 0.5000000000
6879  -36.666  -69.660  -28.803 0.5000000000
11831  -34.724  -64.549  -25.652 0.5000000000
10739  -35.052  -65.325  -26.187 0.5000000000
10740  -35.710  -65.874  -26.569 0.5000000000
6881  -38.134  -69.105  -28.337 0.5000000000
12989  -34.469  -63.669  -23.891 0.5000000000
11813  -34.701  -64.497  -24.448 0.5000000000
6867  -38.319  -68.984  -27.910 0.5000000000
13008  -34.456  -63.533  -24.944 0.5000000000
13054  -35.194  -63.928  -26.248 0.5000000000
13030  -34.839  -63.292  -25.795 0.4000000060
13055  -35.923  -63.934  -26.568 0.4000000060
10765  -40.072  -65.971  -28.257 0.5000000000
10766  -40.789  -65.603  -27.692 0.5000000000
11882  -41.303  -64.996  -28.220 0.5000000000
11898  -42.254  -63.858  -28.950 0.5000000000
11883  -41.958  -64.426  -28.172 0.5000000000
14263  -43.167  -62.448  -29.077 0.4000000060
15414  -42.759  -61.254  -29.168 0.4000000060
4207  -34.124  -72.201  -27.432 0.1000000015
5957  -36.174  -70.041  -29.415 0.5000000000
10709  -35.021  -65.087  -24.041 0.5000000000
10718  -34.829  -65.455  -24.685 0.5000000000
9773  -34.977  -66.091  -25.732 0.5000000000
9782  -35.816  -66.986  -26.468 0.4000000060
6865  -36.918  -69.426  -27.945 0.5000000000
14146  -34.289  -62.631  -22.466 0.5000000000
14137  -34.245  -62.148  -21.349 0.5000000000
14161  -34.200  -62.826  -23.372 0.5000000000
14178  -34.152  -62.590  -24.321 0.5000000000
14196  -34.573  -62.563  -25.206 0.4000000060
13031  -35.566  -63.264  -26.140 0.4000000060
11855  -37.306  -64.777  -26.607 0.6999999881
10742  -37.943  -65.584  -26.448 0.5000000000
14145  -33.721  -61.906  -22.250 0.3000000119
15341  -33.699  -61.733  -23.468 0.3000000119
13056  -36.762  -64.078  -26.535 0.5000000000
11856  -38.147  -64.687  -26.173 0.6000000238
9785  -38.622  -66.421  -26.329 0.6000000238
8815  -38.408  -67.602  -26.538 0.6000000238
7841  -39.052  -68.458  -27.995 0.5000000000
9800  -39.478  -67.002  -28.481 0.3000000119
15342  -33.948  -61.365  -24.063 0.3000000119
15356  -34.838  -61.996  -25.133 0.3000000119
13032  -36.610  -63.255  -25.933 0.4000000060
11833  -38.341  -64.158  -25.660 0.5000000000
10743  -38.974  -65.259  -26.033 0.6000000238
9787  -40.077  -66.076  -26.356 0.6000000238
8833  -39.767  -67.137  -27.131 0.5000000000
9801  -40.047  -66.566  -27.603 0.5000000000
15343  -35.022  -61.400  -24.720 0.4000000060
14180  -36.113  -61.750  -24.965 0.4000000060
13033  -37.935  -63.342  -25.168 0.5000000000
11814  -39.410  -63.922  -25.182 0.5000000000
10731  -40.934  -65.018  -25.523 0.5000000000
10746  -41.114  -65.348  -26.068 0.5000000000
15344  -35.875  -61.186  -24.619 0.4000000060
14199  -38.090  -62.540  -25.287 0.5000000000
14183  -39.295  -62.982  -25.138 0.5000000000
13057  -40.988  -63.466  -25.758 0.4000000060
11837  -41.531  -64.485  -25.732 0.5000000000
11873  -42.125  -64.281  -27.156 0.5000000000
15358  -37.503  -61.585  -25.532 0.4000000060
15359  -38.301  -62.015  -25.696 0.5000000000
14201  -40.047  -62.938  -25.351 0.5000000000
14219  -40.780  -62.805  -26.336 0.4000000060
14236  -42.349  -63.035  -27.281 0.4000000060
13086  -42.561  -63.530  -27.986 0.5000000000
15376  -38.868  -61.851  -26.303 0.5000000000
15378  -40.525  -62.042  -27.004 0.4000000060
14235  -41.692  -62.396  -27.466 0.4000000060
14251  -42.661  -62.264  -28.522 0.4000000060
15392  -39.288  -61.456  -27.057 0.3000000119
15411  -40.407  -61.153  -28.169 0.4000000060
15412  -41.172  -61.171  -28.412 0.3000000119
16585  -41.593  -60.304  -28.669 0.3000000119
17823  -42.294  -60.007  -29.261 0.3000000119
4184  -33.798  -72.415  -25.369 0.1000000015
4196  -33.717  -72.505  -26.670 0.1000000015
4185  -34.714  -72.342  -25.034 0.1000000015
5056  -34.574  -71.602  -27.300 0.4000000060
5955  -34.792  -70.942  -27.932 0.4000000060
5956  -35.586  -70.460  -28.679 0.5000000000
5945  -35.181  -70.389  -27.807 0.4000000060
6864  -35.902  -69.825  -27.765 0.5000000000
6878  -36.290  -69.870  -28.312 0.5000000000
10710  -35.459  -65.788  -23.566 0.5000000000
10719  -35.118  -66.312  -24.436 0.5000000000
9765  -34.928  -66.213  -25.227 0.5000000000
9774  -35.164  -66.696  -25.935 0.4000000060
12973  -34.810  -63.781  -22.821 0.5000000000
11791  -35.043  -64.426  -22.960 0.5000000000
11801  -35.014  -64.650  -23.444 0.5000000000
12959  -35.004  -63.072  -21.933 0.5000000000
8824  -37.020  -68.338  -26.984 0.6000000238
15308  -34.036  -61.521  -20.899 0.2000000030
16499  -34.138  -60.596  -20.259 0.2000000030
14136  -33.753  -61.657  -21.719 0.3000000119
15327  -33.693  -60.810  -23.504 0.3000000119
16498  -33.711  -60.496  -20.850 0.3000000119
16522  -33.617  -60.379  -23.067 0.3000000119
17751  -33.576  -59.696  -21.191 0.3000000119
17772  -33.918  -59.744  -23.192 0.4000000060
16536  -34.631  -60.413  -24.232 0.4000000060
16523  -33.929  -60.276  -23.748 0.3000000119
16537  -35.428  -60.466  -24.442 0.4000000060
15357  -36.596  -61.223  -25.133 0.4000000060
16551  -37.062  -60.936  -25.581 0.4000000060
17786  -35.104  -59.803  -24.245 0.3000000119
16538  -36.128  -60.384  -24.798 0.3000000119
16562  -36.866  -60.003  -26.022 0.3000000119
15375  -38.027  -61.495  -26.070 0.4000000060
17805  -36.940  -59.517  -26.387 0.3000000119
16572  -38.534  -60.702  -27.347 0.3000000119
16583  -39.591  -60.584  -28.159 0.4000000060
16584  -40.691  -60.320  -28.460 0.3000000119
17806  -37.446  -59.486  -26.989 0.2000000030
17811  -38.140  -59.503  -27.490 0.2000000030
17819  -39.345  -59.602  -28.205 0.3000000119
20240  -38.622  -57.804  -26.988 0.1000000015
19027  -39.998  -58.014  -27.485 0.2000000030
17820  -40.189  -59.431  -28.336 0.4000000060
22546  -38.347  -55.104  -24.929 0.1000000015
4198  -34.872  -72.179  -25.463 0.1000000015
4197  -34.470  -72.198  -26.192 0.1000000015
5044  -34.771  -71.432  -26.382 0.2000000030
5944  -34.778  -70.725  -27.119 0.4000000060
6863  -35.118  -69.931  -27.329 0.4000000060
9766  -35.117  -67.131  -24.907 0.4000000060
8811  -34.861  -68.303  -26.039 0.4000000060
7818  -35.804  -68.556  -26.819 0.5000000000
7830  -35.497  -69.264  -27.177 0.5000000000
11792  -35.516  -64.718  -22.735 0.5000000000
7831  -36.446  -68.921  -27.220 0.4000000060
14122  -35.739  -62.372  -20.605 0.4000000060
14139  -36.061  -62.920  -21.101 0.4000000060
12974  -35.599  -63.937  -22.081 0.5000000000
15302  -35.346  -61.787  -20.099 0.4000000060
14138  -35.290  -62.669  -21.208 0.5000000000
14121  -34.955  -62.166  -20.657 0.4000000060
15289  -35.817  -61.268  -19.659 0.3000000119
15288  -35.080  -61.182  -19.721 0.3000000119
16490  -34.616  -60.611  -19.728 0.3000000119
17735  -34.577  -59.649  -19.243 0.2000000030
17719  -34.896  -59.356  -18.666 0.1000000015
18928  -33.967  -59.156  -19.749 0.3000000119
20111  -33.887  -58.462  -19.924 0.1000000015
17757  -34.183  -59.218  -22.915 0.3000000119
20125  -33.908  -58.134  -20.464 0.2000000030
18949  -33.683  -58.869  -21.610 0.2000000030
17774  -35.310  -59.314  -24.062 0.2000000030
17788  -36.226  -59.506  -25.118 0.2000000030
18983  -35.478  -58.759  -23.692 0.2000000030
19000  -36.099  -58.584  -24.553 0.2000000030
17798  -36.605  -59.479  -25.787 0.2000000030
19019  -37.098  -58.584  -26.724 0.2000000030
19025  -37.890  -58.490  -27.262 0.2000000030
20209  -36.572  -57.539  -24.381 0.1000000015
20221  -36.712  -57.590  -25.230 0.1000000015
20231  -37.787  -57.484  -26.496 0.1000000015
20232  -39.019  -57.066  -26.409 0.1000000015
21372  -36.916  -57.036  -24.784 0.1000000015
21373  -37.554  -56.439  -25.204 0.1000000015
21385  -38.393  -56.587  -25.902 0.1000000015
22545  -37.690  -55.416  -24.639 0.1000000015
22558  -38.242  -55.538  -25.112 0.1000000015
23714  -38.045  -54.886  -24.767 0.1000000015
24891  -37.511  -53.832  -23.295 0.1000000015
5045  -35.028  -71.839  -25.657 0.3000000119
5033  -35.094  -71.142  -25.707 0.3000000119
6827  -36.947  -70.185  -23.673 0.3000000119
6826  -36.405  -70.103  -24.160 0.3000000119
5919  -35.110  -70.489  -25.663 0.3000000119
5931  -34.865  -70.611  -26.223 0.3000000119
6851  -34.845  -69.913  -26.689 0.4000000060
7780  -36.556  -68.526  -23.679 0.3000000119
6825  -35.482  -69.737  -24.819 0.3000000119
6839  -34.962  -69.717  -25.733 0.5000000000
9737  -36.813  -66.739  -23.001 0.4000000060
8779  -36.151  -67.583  -23.772 0.5000000000
8778  -35.661  -67.978  -24.336 0.4000000060
8805  -34.999  -68.426  -25.502 0.4000000060
7817  -34.948  -68.940  -26.572 0.5000000000
12942  -37.402  -63.230  -20.754 0.4000000060
12961  -36.761  -63.664  -21.370 0.4000000060
10701  -36.429  -65.633  -22.779 0.5000000000
15291  -37.494  -61.687  -19.353 0.4000000060
15304  -36.933  -61.985  -20.039 0.4000000060
14123  -36.666  -62.673  -20.583 0.4000000060
16493  -36.889  -61.137  -19.147 0.4000000060
15290  -36.590  -61.485  -19.564 0.4000000060
15273  -38.111  -61.316  -18.731 0.4000000060
16477  -37.209  -60.499  -18.531 0.3000000119
16492  -36.313  -60.832  -19.158 0.3000000119
16476  -36.032  -60.114  -18.754 0.3000000119
17721  -36.473  -59.322  -18.172 0.3000000119
18903  -35.405  -58.338  -18.020 0.1000000015
18902  -35.071  -58.427  -18.122 0.1000000015
20112  -34.203  -57.660  -19.778 0.1000000015
18950  -34.351  -58.180  -21.884 0.2000000030
21262  -34.848  -56.883  -20.337 0.1000000015
21282  -35.009  -56.961  -21.162 0.2000000030
20168  -34.945  -57.970  -22.275 0.2000000030
18961  -35.830  -57.993  -23.167 0.1000000015
20191  -36.631  -57.336  -23.647 0.1000000015
21361  -36.969  -56.624  -24.269 0.1000000015
21362  -37.320  -56.062  -24.606 0.1000000015
22527  -37.081  -56.106  -23.790 0.1000000015
22544  -37.185  -55.859  -24.248 0.1000000015
23694  -37.530  -54.617  -23.349 0.1000000015
23672  -37.730  -54.290  -22.630 0.1000000015
24864  -37.845  -53.680  -22.042 0.1000000015
26033  -37.839  -53.201  -21.990 0.1000000015
26010  -38.038  -52.499  -21.546 0.1000000015
27136  -39.298  -51.490  -20.597 0.1000000015
5898  -37.067  -70.314  -23.197 0.3000000119
5897  -36.681  -71.147  -23.148 0.2000000030
7782  -37.936  -69.295  -23.271 0.3000000119
7763  -37.281  -68.311  -23.221 0.4000000060
8762  -37.610  -67.573  -22.925 0.3000000119
12962  -37.811  -63.838  -21.116 0.3000000119
11778  -37.377  -64.408  -21.578 0.4000000060
10702  -37.291  -65.427  -22.103 0.4000000060
9738  -37.692  -66.490  -22.336 0.3000000119
14106  -38.266  -62.254  -19.759 0.3000000119
14124  -37.648  -62.556  -20.191 0.3000000119
10687  -37.917  -65.257  -21.637 0.4000000060
9739  -38.817  -66.844  -22.190 0.3000000119
16479  -39.553  -60.860  -18.244 0.3000000119
15292  -38.540  -61.903  -19.211 0.3000000119
16461  -39.055  -60.119  -17.800 0.3000000119
16478  -38.479  -60.712  -18.305 0.3000000119
17708  -37.354  -59.235  -17.734 0.3000000119
17707  -36.791  -58.885  -17.839 0.2000000030
18904  -36.380  -58.367  -17.722 0.1000000015
20090  -36.522  -57.234  -17.437 0.1000000015
20091  -37.021  -56.794  -17.271 0.1000000015
20089  -35.492  -57.471  -17.953 0.1000000015
21249  -36.552  -56.182  -18.374 0.1000000015
20099  -35.091  -57.105  -18.551 0.1000000015
21248  -35.742  -56.628  -18.734 0.1000000015
21302  -35.604  -57.074  -21.397 0.2000000030
21303  -36.278  -57.035  -21.245 0.2000000030
20147  -36.028  -57.274  -21.864 0.2000000030
20170  -36.657  -57.243  -22.730 0.1000000015
20148  -37.003  -57.186  -21.466 0.1000000015
21345  -37.074  -56.758  -23.381 0.1000000015
21323  -37.116  -56.977  -22.993 0.1000000015
21324  -37.420  -56.593  -22.806 0.1000000015
21346  -37.297  -56.046  -23.292 0.1000000015
22503  -37.594  -55.389  -22.662 0.1000000015
23652  -37.776  -54.731  -22.289 0.1000000015
24837  -38.185  -53.541  -21.650 0.1000000015
23639  -38.442  -54.193  -21.240 0.1000000015
24818  -38.676  -53.444  -21.021 0.1000000015
25987  -38.911  -52.449  -20.809 0.1000000015
28293  -39.859  -50.583  -20.511 0.1000000015
4995  -36.834  -71.455  -21.993 0.2000000030
5888  -36.657  -71.493  -22.576 0.2000000030
5879  -38.020  -70.258  -21.929 0.2000000030
6812  -38.049  -69.626  -23.106 0.3000000119
6783  -39.175  -68.904  -21.088 0.2000000030
6795  -38.361  -69.671  -22.576 0.3000000119
7764  -38.474  -68.702  -23.003 0.3000000119
8763  -38.524  -67.510  -22.535 0.3000000119
14107  -39.058  -62.306  -19.829 0.3000000119
14125  -38.631  -62.744  -20.268 0.3000000119
12943  -38.213  -63.276  -20.656 0.3000000119
11779  -38.422  -64.540  -21.332 0.3000000119
10688  -39.038  -65.408  -21.574 0.3000000119
9716  -38.460  -66.088  -21.855 0.3000000119
15275  -39.915  -61.570  -18.733 0.3000000119
15294  -40.232  -62.064  -19.250 0.3000000119
9717  -39.516  -66.399  -22.020 0.2000000030
8764  -39.187  -67.374  -22.281 0.2000000030
16480  -40.395  -61.231  -18.208 0.2000000030
16462  -40.414  -60.341  -17.518 0.3000000119
17709  -38.413  -59.444  -17.419 0.3000000119
17700  -37.952  -58.811  -17.198 0.2000000030
18896  -36.804  -58.186  -17.475 0.1000000015
18898  -38.151  -58.070  -16.973 0.2000000030
20078  -37.437  -57.294  -17.102 0.1000000015
22411  -37.530  -55.819  -17.548 0.1000000015
22392  -38.432  -55.442  -16.796 0.1000000015
23607  -40.700  -54.765  -18.377 0.1000000015
22410  -37.125  -55.959  -17.704 0.1000000015
22412  -38.119  -55.285  -17.888 0.1000000015
23605  -39.274  -55.280  -18.744 0.1000000015
111322  -41.296  -55.308  -19.474 0.1000000015
111321  -41.970  -54.807  -18.899 0.1000000015
22471  -44.150  -55.769  -19.834 0.1000000015
22451  -37.103  -55.894  -18.634 0.1000000015
22452  -37.667  -55.956  -19.011 0.1000000015
22434  -39.708  -55.887  -19.374 0.1000000015
111315  -41.336  -56.124  -19.969 0.1000000015
111307  -41.969  -56.533  -20.173 0.1000000015
21287  -43.460  -56.672  -20.539 0.1000000015
21263  -35.727  -56.532  -19.908 0.1000000015
21264  -36.827  -56.309  -19.430 0.1000000015
20127  -37.047  -57.275  -21.001 0.2000000030
20171  -37.809  -57.009  -22.153 0.1000000015
21325  -38.098  -56.340  -22.153 0.1000000015
22484  -37.901  -55.037  -21.968 0.1000000015
111319  -39.089  -54.543  -20.635 0.1000000015
24819  -39.517  -53.405  -20.569 0.1000000015
25988  -39.849  -52.461  -20.585 0.1000000015
8730  -40.988  -67.541  -20.101 0.2000000030
7744  -39.650  -68.388  -21.414 0.2000000030
7743  -39.041  -68.598  -22.126 0.3000000119
8731  -41.475  -67.075  -19.783 0.2000000030
7731  -40.496  -68.070  -20.282 0.2000000030
7765  -39.165  -68.009  -22.275 0.3000000119
14126  -39.533  -62.757  -20.460 0.3000000119
12945  -39.987  -63.517  -20.998 0.3000000119
11764  -40.062  -64.020  -21.053 0.3000000119
11780  -39.690  -64.414  -21.226 0.3000000119
14109  -40.995  -62.486  -19.662 0.3000000119
12946  -41.060  -63.566  -20.794 0.3000000119
11765  -40.532  -64.140  -21.030 0.3000000119
10689  -40.185  -65.583  -21.668 0.3000000119
15258  -42.190  -61.710  -17.736 0.2000000030
15277  -41.866  -62.113  -18.421 0.3000000119
9740  -39.398  -67.011  -22.245 0.2000000030
16463  -41.684  -61.000  -17.213 0.2000000030
16452  -41.228  -60.203  -16.680 0.2000000030
17711  -40.209  -59.475  -17.001 0.3000000119
16451  -40.613  -59.808  -16.862 0.3000000119
17710  -39.441  -59.489  -17.246 0.3000000119
17701  -38.800  -58.766  -17.031 0.2000000030
17702  -39.731  -58.778  -16.806 0.2000000030
18899  -39.116  -57.956  -16.728 0.2000000030
21228  -38.642  -56.398  -16.217 0.1000000015
111313  -39.049  -56.997  -19.898 0.1000000015
111317  -39.792  -56.817  -19.843 0.1000000015
111318  -40.796  -56.602  -19.995 0.1000000015
20130  -42.673  -57.648  -20.618 0.1000000015
21285  -37.589  -57.077  -20.091 0.1000000015
21286  -38.281  -57.073  -19.850 0.1000000015
111308  -40.110  -57.650  -20.623 0.1000000015
18940  -42.066  -58.170  -21.004 0.1000000015
20129  -38.624  -57.391  -20.610 0.1000000015
20150  -39.651  -57.674  -21.423 0.1000000015
111309  -40.190  -58.119  -21.248 0.1000000015
111300  -40.978  -58.210  -21.524 0.1000000015
20128  -37.524  -57.339  -20.882 0.1000000015
20149  -38.325  -57.318  -21.478 0.1000000015
111312  -40.145  -57.856  -21.982 0.1000000015
111305  -40.723  -57.227  -22.554 0.1000000015
20172  -39.463  -57.080  -22.213 0.1000000015
22505  -38.734  -56.058  -21.693 0.1000000015
22485  -38.542  -55.129  -21.327 0.1000000015
10648  -41.064  -65.858  -18.494 0.3000000119
9696  -42.369  -66.130  -19.738 0.3000000119
9695  -42.012  -66.536  -20.277 0.3000000119
9719  -41.515  -66.538  -21.130 0.2000000030
8745  -40.683  -67.524  -21.088 0.2000000030
8744  -39.853  -67.380  -22.015 0.2000000030
10676  -42.205  -66.122  -20.888 0.3000000119
14110  -42.098  -62.658  -19.764 0.3000000119
14129  -42.619  -63.110  -20.305 0.3000000119
11767  -42.447  -64.636  -20.761 0.3000000119
10690  -41.230  -65.792  -21.564 0.3000000119
9718  -40.591  -66.574  -21.746 0.2000000030
15259  -43.105  -61.817  -17.616 0.2000000030
14093  -42.480  -62.412  -19.090 0.3000000119
14111  -43.002  -62.744  -19.704 0.3000000119
16464  -42.495  -61.414  -17.163 0.2000000030
16453  -42.526  -60.940  -16.323 0.2000000030
17694  -41.191  -59.219  -15.600 0.3000000119
17703  -40.628  -59.227  -16.286 0.2000000030
18900  -39.991  -57.945  -16.240 0.2000000030
111311  -41.056  -56.529  -22.141 0.1000000015
111314  -39.770  -55.652  -21.171 0.1000000015
11727  -40.312  -65.337  -18.232 0.1000000015
11728  -41.178  -65.025  -18.343 0.2000000030
10649  -41.813  -65.500  -18.658 0.3000000119
10650  -42.545  -65.295  -18.885 0.3000000119
10667  -42.712  -65.550  -19.550 0.3000000119
12948  -43.072  -63.760  -20.446 0.3000000119
11768  -43.325  -64.475  -19.935 0.3000000119
14095  -43.829  -62.779  -18.533 0.3000000119
14112  -43.648  -63.014  -19.425 0.3000000119
12929  -43.816  -63.357  -19.346 0.3000000119
12949  -43.787  -63.610  -19.933 0.3000000119
15260  -43.941  -62.305  -17.709 0.2000000030
15245  -42.941  -61.494  -16.969 0.2000000030
16454  -43.412  -61.350  -16.211 0.1000000015
17704  -41.550  -59.912  -15.947 0.2000000030
16444  -43.710  -61.134  -15.576 0.1000000015
17705  -42.173  -60.161  -15.624 0.2000000030
17695  -41.782  -59.546  -15.386 0.2000000030
17696  -42.364  -59.892  -15.105 0.2000000030
18888  -41.390  -58.960  -15.121 0.3000000119
11729  -41.995  -64.808  -18.398 0.3000000119
10651  -42.975  -64.802  -18.827 0.3000000119
11731  -43.336  -64.365  -18.600 0.3000000119
11752  -43.457  -64.458  -19.283 0.3000000119
14082  -44.548  -62.913  -17.562 0.3000000119
12930  -43.870  -63.448  -18.792 0.3000000119
12950  -43.830  -63.667  -19.458 0.3000000119
15261  -44.338  -62.590  -17.559 0.2000000030
15247  -44.569  -62.313  -16.868 0.2000000030
15238  -45.452  -61.970  -15.840 0.1000000015
16431  -44.508  -60.523  -14.789 0.1000000015
16430  -43.399  -60.403  -14.837 0.1000000015
17676  -42.836  -59.716  -14.495 0.1000000015
11708  -42.243  -64.360  -17.769 0.3000000119
11690  -42.564  -64.189  -17.011 0.2000000030
11709  -42.988  -64.325  -17.719 0.3000000119
11710  -43.609  -64.157  -17.574 0.3000000119
12897  -44.611  -63.444  -17.068 0.2000000030
12913  -44.241  -63.418  -17.920 0.3000000119
11732  -43.794  -63.812  -18.246 0.3000000119
12877  -45.151  -63.101  -16.304 0.2000000030
12876  -44.870  -63.399  -16.338 0.2000000030
14047  -45.759  -62.399  -14.679 0.1000000015
14060  -45.535  -62.783  -15.543 0.1000000015
14035  -45.797  -62.499  -13.656 0.1000000015
15224  -45.920  -61.586  -14.847 0.1000000015
16446  -45.611  -61.322  -15.147 0.1000000015
16445  -45.017  -61.119  -15.416 0.1000000015
16432  -45.909  -60.624  -14.398 0.1000000015
17678  -44.945  -59.934  -14.140 0.1000000015
11691  -43.249  -64.255  -16.899 0.2000000030
11679  -43.392  -64.152  -16.201 0.2000000030
11693  -44.382  -63.894  -16.336 0.2000000030
11711  -44.155  -63.875  -17.318 0.2000000030
12848  -45.283  -63.359  -14.972 0.1000000015
12862  -44.766  -63.675  -15.675 0.2000000030
12835  -45.396  -62.990  -14.016 0.1000000015
14048  -46.065  -61.839  -14.462 0.1000000015
15225  -46.274  -61.413  -14.259 0.1000000015
16408  -46.512  -60.180  -13.732 0.1000000015
17679  -45.588  -59.916  -13.947 0.1000000015
14018  -46.353  -62.114  -13.152 0.1000000015
15210  -46.579  -61.436  -13.582 0.1000000015
16409  -46.959  -60.625  -13.437 0.1000000015
17653  -46.867  -59.779  -13.388 0.1000000015
13999  -46.460  -62.214  -12.299 0.1000000015
15168  -47.042  -60.853  -11.534 0.1000000015
16388  -47.273  -60.744  -12.598 0.1000000015
10741  -36.906  -65.743  -26.636 0.4000000060
11853  -35.389  -64.729  -26.479 0.5000000000
11854  -36.296  -64.837  -26.799 0.5000000000
8813  -36.340  -67.860  -26.729 0.5000000000
8812  -35.372  -67.829  -26.373 0.4000000060
7852  -38.341  -68.799  -28.879 0.5000000000
7832  -37.487  -68.929  -27.259 0.5000000000
9784  -37.634  -66.631  -26.519 0.6000000238
7834  -39.136  -68.216  -27.480 0.5000000000
8845  -39.111  -68.124  -28.701 0.3000000119
9799  -39.163  -66.849  -29.085 0.5000000000
7820  -37.890  -68.333  -26.801 0.5000000000
6893  -36.727  -69.469  -29.661 0.5000000000
7821  -38.421  -68.258  -26.805 0.5000000000
11872  -41.497  -64.889  -27.403 0.5000000000
13096  -42.959  -62.992  -29.253 0.4000000060
16586  -42.293  -60.420  -28.989 0.3000000119
15413  -42.040  -61.319  -28.598 0.4000000060
9783  -36.616  -66.769  -26.607 0.4000000060
14197  -35.536  -62.305  -25.449 0.3000000119
11832  -37.531  -64.015  -26.024 0.4000000060
15326  -33.551  -61.274  -23.007 0.3000000119
15355  -34.441  -61.946  -24.756 0.4000000060
11857  -38.661  -64.592  -25.925 0.6000000238
9786  -39.439  -66.200  -26.219 0.6000000238
8816  -39.249  -67.053  -26.304 0.6000000238
8814  -37.329  -67.587  -26.733 0.6000000238
8826  -39.227  -67.799  -26.906 0.5000000000
8832  -39.438  -67.658  -27.764 0.5000000000
14198  -36.909  -62.312  -25.165 0.4000000060
13010  -38.904  -63.352  -25.117 0.5000000000
10730  -40.288  -65.024  -25.467 0.6000000238
11835  -39.871  -64.482  -25.274 0.5000000000
9794  -40.196  -66.485  -26.849 0.5000000000
8817  -39.676  -66.635  -26.314 0.5000000000
9802  -40.542  -65.980  -27.084 0.5000000000
14179  -35.629  -61.669  -24.888 0.4000000060
13012  -40.231  -63.626  -25.037 0.5000000000
13037  -41.263  -63.891  -25.507 0.4000000060
11836  -40.690  -64.318  -25.220 0.5000000000
11858  -41.622  -64.773  -26.516 0.5000000000
14200  -39.007  -62.544  -25.582 0.5000000000
14218  -39.630  -62.428  -25.964 0.5000000000
13058  -41.509  -63.534  -25.977 0.4000000060
11859  -42.067  -64.199  -26.309 0.5000000000
14220  -41.892  -63.100  -26.556 0.4000000060
14234  -40.977  -62.302  -27.127 0.4000000060
16573  -39.295  -61.124  -27.562 0.4000000060
16564  -38.182  -61.204  -26.520 0.4000000060
15377  -39.883  -61.938  -26.591 0.4000000060
15394  -40.862  -61.852  -27.752 0.4000000060
9755  -35.529  -66.950  -24.013 0.5000000000
8806  -35.033  -67.711  -25.653 0.4000000060
12960  -35.798  -63.372  -21.563 0.5000000000
7819  -36.293  -68.466  -26.867 0.5000000000
15301  -34.497  -61.419  -20.385 0.3000000119
17744  -33.911  -59.786  -20.133 0.2000000030
16507  -33.534  -60.607  -22.437 0.3000000119
17756  -33.643  -59.700  -22.334 0.3000000119
17773  -34.680  -59.412  -23.637 0.3000000119
16550  -36.699  -60.315  -25.509 0.3000000119
16563  -37.470  -60.564  -26.314 0.3000000119
17787  -35.689  -59.581  -24.496 0.2000000030
16571  -37.800  -60.114  -27.122 0.3000000119
17812  -38.734  -59.601  -27.926 0.3000000119
16582  -38.913  -60.179  -28.126 0.4000000060
19026  -38.945  -58.570  -27.589 0.3000000119
19042  -39.725  -58.799  -27.957 0.2000000030
20241  -39.519  -57.609  -26.975 0.2000000030
21375  -39.096  -55.479  -25.578 0.1000000015
9756  -36.146  -66.829  -23.462 0.4000000060
10711  -36.232  -66.227  -23.232 0.4000000060
7808  -34.837  -68.887  -25.830 0.4000000060
12975  -36.193  -63.860  -21.780 0.5000000000
15303  -36.181  -61.919  -20.093 0.4000000060
16491  -35.351  -60.504  -19.191 0.3000000119
17736  -35.165  -59.959  -18.920 0.2000000030
17734  -34.128  -59.531  -19.695 0.2000000030
18929  -34.206  -58.577  -19.188 0.1000000015
17720  -35.373  -59.546  -18.559 0.1000000015
18959  -34.033  -58.835  -22.381 0.2000000030
20126  -34.373  -57.580  -20.955 0.2000000030
18982  -35.008  -58.905  -23.412 0.2000000030
18960  -34.884  -58.553  -22.882 0.2000000030
18999  -35.632  -59.053  -24.205 0.2000000030
19011  -36.427  -58.642  -25.522 0.2000000030
18984  -36.187  -58.020  -23.782 0.1000000015
20230  -36.791  -57.953  -26.121 0.2000000030
20222  -37.289  -57.264  -25.798 0.1000000015
21384  -37.733  -56.917  -25.869 0.1000000015
21386  -39.493  -55.940  -25.995 0.1000000015
21374  -38.632  -55.801  -25.518 0.1000000015
5021  -36.083  -71.741  -24.417 0.3000000119
5034  -35.520  -71.439  -25.124 0.3000000119
6811  -37.472  -69.719  -23.355 0.3000000119
5907  -36.671  -70.839  -23.880 0.3000000119
6810  -36.867  -69.523  -23.698 0.3000000119
6809  -36.223  -69.376  -24.107 0.3000000119
5906  -36.015  -70.790  -24.673 0.3000000119
5920  -35.455  -70.663  -25.255 0.3000000119
6824  -35.151  -69.514  -25.273 0.3000000119
7779  -35.807  -68.880  -24.287 0.3000000119
7762  -36.850  -68.195  -23.350 0.3000000119
7797  -35.329  -68.721  -24.772 0.3000000119
8761  -36.747  -67.695  -23.287 0.4000000060
11793  -36.619  -64.490  -22.048 0.4000000060
16460  -37.984  -59.983  -17.965 0.3000000119
18915  -36.229  -58.801  -18.071 0.2000000030
20098  -34.631  -57.751  -18.607 0.1000000015
21247  -34.894  -56.927  -19.268 0.1000000015
20146  -35.082  -57.482  -21.763 0.2000000030
20169  -35.559  -57.747  -22.467 0.1000000015
18962  -36.323  -57.668  -23.334 0.1000000015
22528  -37.373  -55.376  -23.768 0.1000000015
23653  -37.962  -54.299  -21.889 0.1000000015
5889  -37.150  -70.790  -22.408 0.2000000030
5890  -37.783  -70.133  -22.779 0.2000000030
5009  -36.449  -71.927  -23.105 0.2000000030
12963  -38.760  -63.820  -21.071 0.3000000119
11794  -37.311  -64.869  -21.874 0.4000000060
15293  -39.441  -61.967  -19.251 0.3000000119
15274  -38.996  -61.420  -18.701 0.3000000119
21235  -36.147  -56.686  -17.934 0.1000000015
21237  -37.414  -56.417  -17.191 0.1000000015
21236  -36.876  -56.324  -17.636 0.1000000015
21283  -35.675  -56.743  -20.844 0.1000000015
22504  -38.116  -55.621  -21.940 0.1000000015
5872  -38.222  -70.217  -20.591 0.2000000030
6782  -38.774  -69.274  -21.686 0.2000000030
14108  -39.966  -62.321  -19.891 0.3000000119
12964  -39.370  -63.731  -21.047 0.3000000119
15276  -40.849  -62.045  -18.649 0.3000000119
15257  -41.200  -61.475  -17.866 0.3000000119
18897  -37.211  -58.326  -17.356 0.1000000015
20079  -38.450  -57.215  -16.662 0.1000000015
21227  -37.988  -56.435  -16.770 0.1000000015
22391  -37.774  -55.968  -17.003 0.1000000015
23584  -39.928  -54.644  -17.786 0.1000000015
23583  -38.964  -54.858  -18.033 0.1000000015
23606  -39.940  -54.944  -18.744 0.1000000015
22432  -37.628  -55.635  -18.313 0.1000000015
22433  -38.533  -55.606  -18.781 0.1000000015
22470  -42.835  -55.559  -19.837 0.1000000015
22454  -42.466  -54.974  -19.168 0.1000000015
21265  -37.824  -56.576  -19.493 0.1000000015
21250  -38.877  -56.323  -19.398 0.1000000015
21266  -38.444  -56.677  -19.537 0.1000000015
21251  -39.345  -56.537  -19.604 0.1000000015
21288  -44.700  -56.764  -20.347 0.1000000015
21284  -36.694  -56.964  -20.670 0.1000000015
8718  -41.425  -67.051  -19.318 0.2000000030
8746  -41.375  -67.062  -20.503 0.2000000030
7745  -40.248  -68.157  -20.847 0.2000000030
9678  -41.769  -66.645  -19.318 0.3000000119
14127  -40.544  -62.811  -20.511 0.3000000119
11781  -40.856  -64.910  -21.375 0.3000000119
14092  -41.674  -62.359  -19.127 0.3000000119
14128  -41.607  -62.977  -20.405 0.3000000119
11766  -41.499  -64.351  -21.028 0.3000000119
11782  -41.809  -65.166  -21.313 0.3000000119
20080  -39.343  -57.174  -16.175 0.2000000030
111303  -41.447  -57.587  -20.532 0.1000000015
20152  -43.665  -57.610  -20.832 0.1000000015
111304  -40.634  -58.159  -21.278 0.1000000015
9657  -41.732  -66.140  -18.835 0.3000000119
9677  -41.369  -67.048  -19.050 0.3000000119
9679  -42.252  -65.958  -19.205 0.3000000119
11783  -42.316  -65.419  -21.018 0.3000000119
10677  -42.548  -65.547  -20.356 0.3000000119
12947  -42.096  -63.709  -20.687 0.3000000119
14130  -43.368  -63.179  -20.104 0.3000000119
15278  -42.761  -62.146  -18.364 0.3000000119
15279  -43.427  -62.330  -18.261 0.3000000119
14094  -43.245  -62.586  -18.932 0.3000000119
18887  -40.692  -58.346  -15.309 0.2000000030
20065  -39.927  -57.218  -15.582 0.2000000030
11726  -39.375  -65.582  -18.495 0.1000000015
11707  -41.416  -64.426  -17.819 0.2000000030
10678  -42.985  -65.148  -19.803 0.3000000119
10668  -43.114  -64.898  -19.287 0.3000000119
14081  -44.205  -62.747  -17.973 0.3000000119
14096  -44.140  -63.064  -18.318 0.3000000119
15246  -43.620  -61.666  -16.782 0.2000000030
15236  -43.812  -61.470  -16.188 0.2000000030
16443  -42.765  -60.528  -15.349 0.1000000015
16429  -42.798  -60.172  -14.925 0.2000000030
11730  -42.705  -64.609  -18.422 0.3000000119
14069  -44.954  -62.919  -16.724 0.2000000030
15248  -45.088  -62.483  -16.418 0.2000000030
15237  -44.414  -61.593  -16.155 0.2000000030
14070  -45.301  -62.753  -16.157 0.1000000015
17677  -43.910  -59.839  -14.308 0.1000000015
12863  -45.217  -63.229  -15.857 0.1000000015
12834  -44.882  -63.525  -14.104 0.1000000015
16433  -46.559  -61.026  -14.007 0.1000000015
15186  -46.900  -61.426  -12.619 0.1000000015
10763  -38.876  -66.325  -29.116 0.3000000119
10779  -37.093  -66.033  -29.834 0.3000000119
10780  -38.180  -65.980  -29.480 0.3000000119
11932  -35.141  -64.896  -31.513 0.2000000030
13141  -34.171  -63.452  -32.429 0.2000000030
10778  -36.148  -66.117  -29.670 0.4000000060
10797  -35.826  -65.518  -29.957 0.3000000119
10798  -36.570  -65.626  -29.959 0.3000000119
11913  -35.514  -65.187  -30.611 0.3000000119
10764  -39.416  -66.149  -28.696 0.4000000060
11894  -37.579  -65.257  -29.884 0.4000000060
10781  -39.093  -65.464  -29.011 0.4000000060
11895  -38.553  -64.822  -29.577 0.4000000060
11933  -36.253  -65.185  -31.356 0.4000000060
10782  -40.069  -65.348  -28.851 0.4000000060
10783  -40.740  -65.324  -28.479 0.4000000060
11934  -37.272  -64.739  -31.267 0.4000000060
11946  -35.376  -65.069  -32.644 0.3000000119
11896  -39.719  -64.681  -29.523 0.4000000060
11915  -38.013  -64.515  -30.485 0.4000000060
10810  -35.915  -65.563  -32.056 0.4000000060
11897  -41.181  -64.597  -29.320 0.4000000060
13108  -38.672  -63.963  -30.868 0.4000000060
11947  -36.850  -65.090  -31.879 0.3000000119
11917  -40.197  -64.179  -30.441 0.4000000060
11916  -39.062  -64.042  -30.307 0.4000000060
11935  -38.306  -64.252  -31.390 0.4000000060
13127  -38.788  -63.899  -31.197 0.4000000060
11948  -37.668  -64.917  -32.097 0.3000000119
11936  -39.249  -63.877  -31.308 0.4000000060
11949  -38.680  -64.610  -32.257 0.4000000060
11918  -41.276  -63.921  -30.691 0.4000000060
11937  -40.437  -63.928  -31.479 0.4000000060
10821  -38.207  -65.752  -32.768 0.3000000119
13095  -42.173  -63.616  -29.994 0.4000000060
9843  -38.256  -66.633  -33.672 0.2000000030
13110  -42.029  -63.365  -31.071 0.4000000060
11938  -41.352  -63.725  -31.659 0.4000000060
11950  -39.607  -64.077  -32.382 0.4000000060
9833  -38.827  -66.092  -33.179 0.2000000030
9834  -39.086  -66.083  -33.624 0.2000000030
9857  -37.875  -66.675  -34.803 0.3000000119
13112  -43.223  -62.451  -29.732 0.3000000119
13111  -42.820  -62.703  -30.481 0.3000000119
13130  -42.266  -62.759  -31.307 0.3000000119
10823  -39.491  -64.620  -32.957 0.3000000119
10834  -39.173  -65.354  -33.930 0.2000000030
9844  -38.705  -66.184  -34.282 0.2000000030
8877  -37.139  -66.912  -35.158 0.2000000030
15415  -43.118  -61.577  -29.330 0.3000000119
14277  -43.022  -61.941  -30.679 0.3000000119
11951  -40.735  -63.798  -32.222 0.4000000060
10835  -39.424  -64.800  -33.377 0.1000000015
16600  -42.824  -60.875  -29.926 0.3000000119
15459  -42.253  -61.608  -30.962 0.3000000119
14307  -41.303  -62.604  -32.093 0.2000000030
13142  -39.543  -63.484  -32.813 0.2000000030
9858  -38.366  -66.122  -34.764 0.1000000015
9872  -37.222  -66.563  -35.252 0.2000000030
15457  -41.041  -61.686  -31.437 0.2000000030
15470  -40.782  -62.117  -31.905 0.2000000030
14316  -39.227  -63.067  -32.949 0.1000000015
11964  -38.969  -64.327  -33.739 0.1000000015
10847  -37.803  -65.776  -35.049 0.1000000015
16599  -42.515  -60.488  -29.561 0.2000000030
15446  -42.082  -61.267  -30.753 0.3000000119
15458  -41.738  -61.667  -31.197 0.3000000119
17821  -41.130  -59.290  -28.586 0.2000000030
17835  -42.240  -59.831  -29.456 0.1000000015
16614  -42.339  -60.703  -30.279 0.3000000119
16628  -40.724  -61.174  -31.103 0.2000000030
14305  -39.522  -62.641  -32.593 0.1000000015
11963  -38.111  -64.214  -34.150 0.1000000015
11977  -37.090  -64.898  -35.129 0.1000000015
10846  -37.322  -65.537  -35.217 0.1000000015
17822  -41.933  -59.427  -29.040 0.2000000030
17843  -41.701  -59.983  -30.080 0.2000000030
16612  -40.431  -60.485  -30.707 0.2000000030
15456  -40.339  -61.575  -31.574 0.1000000015
15469  -39.971  -62.007  -32.088 0.1000000015
14315  -38.641  -62.629  -33.010 0.1000000015
13158  -38.289  -63.431  -33.622 0.1000000015
13172  -37.392  -64.237  -34.508 0.1000000015
12012  -36.291  -65.042  -37.037 0.1000000015
17842  -40.924  -59.884  -30.230 0.1000000015
16627  -39.883  -60.965  -31.185 0.2000000030
15455  -39.558  -61.463  -31.604 0.1000000015
15483  -38.510  -61.983  -32.548 0.1000000015
14314  -37.553  -62.591  -33.365 0.1000000015
13171  -36.665  -63.567  -34.745 0.1000000015
11994  -36.529  -65.012  -36.027 0.1000000015
10888  -36.284  -65.958  -37.565 0.1000000015
16644  -38.317  -61.238  -31.927 0.1000000015
14313  -36.630  -62.515  -33.757 0.1000000015
13156  -36.633  -63.024  -34.202 0.1000000015
13200  -36.367  -64.199  -36.614 0.1000000015
18873  -41.363  -58.343  -14.512 0.2000000030
19044  -41.384  -58.326  -28.784 0.1000000015
17834  -41.851  -59.441  -29.607 0.1000000015
17833  -41.280  -59.136  -29.900 0.1000000015
16611  -39.543  -60.279  -30.789 0.1000000015
19063  -40.632  -59.107  -30.162 0.1000000015
16626  -38.704  -60.698  -31.386 0.1000000015
15482  -37.792  -61.763  -32.793 0.1000000015
11893  -37.015  -65.505  -30.059 0.3000000119
11914  -36.744  -65.120  -30.397 0.3000000119
10811  -36.429  -65.359  -31.968 0.3000000119
10822  -39.245  -65.294  -32.978 0.2000000030
13129  -41.771  -63.150  -31.921 0.3000000119
13143  -40.189  -63.337  -32.494 0.2000000030
15448  -43.090  -61.541  -30.355 0.3000000119
14292  -41.866  -62.401  -31.612 0.3000000119
11965  -39.476  -64.152  -33.122 0.2000000030
11979  -38.665  -64.880  -34.294 0.1000000015
15471  -41.370  -62.112  -31.679 0.2000000030
14306  -40.526  -62.642  -32.381 0.2000000030
13159  -39.057  -63.516  -33.228 0.1000000015
10861  -36.997  -65.865  -35.383 0.1000000015
11978  -37.976  -64.953  -34.645 0.1000000015
16613  -41.412  -60.818  -30.684 0.3000000119
14304  -38.904  -62.278  -32.533 0.1000000015
19056  -41.512  -58.438  -29.403 0.1000000015
15468  -38.929  -61.806  -32.034 0.1000000015
13157  -37.268  -63.411  -33.987 0.1000000015
12027  -36.512  -65.015  -38.024 0.1000000015
5984  -34.697  -70.292  -30.458 0.3000000119
6901  -34.188  -69.480  -30.719 0.2000000030
7858  -33.568  -68.694  -30.589 0.3000000119
7859  -34.552  -68.498  -30.283 0.2000000030
5969  -34.862  -70.699  -30.073 0.2000000030
5970  -35.516  -70.346  -29.931 0.4000000060
5985  -35.263  -69.974  -30.442 0.3000000119
7860  -35.490  -68.870  -30.314 0.2000000030
8840  -35.065  -67.638  -29.820 0.2000000030
8851  -33.636  -67.723  -30.270 0.1000000015
8852  -34.324  -67.536  -29.974 0.2000000030
9819  -33.168  -66.720  -30.480 0.1000000015
7849  -36.108  -68.382  -30.039 0.3000000119
9807  -34.723  -66.851  -29.721 0.2000000030
10794  -32.791  -65.696  -30.822 0.1000000015
10795  -33.750  -65.813  -30.263 0.1000000015
11930  -32.664  -64.884  -31.133 0.1000000015
11910  -32.863  -65.216  -30.901 0.1000000015
11911  -33.315  -65.093  -30.725 0.1000000015
13125  -33.083  -63.617  -31.449 0.1000000015
7850  -36.790  -68.679  -29.906 0.3000000119
8841  -35.922  -67.654  -29.749 0.2000000030
10777  -35.234  -66.111  -29.658 0.2000000030
9820  -33.931  -66.806  -30.048 0.2000000030
10776  -34.451  -66.188  -29.876 0.2000000030
13126  -33.958  -63.643  -31.802 0.1000000015
14290  -32.309  -63.036  -31.646 0.1000000015
8843  -37.715  -67.950  -29.908 0.2000000030
9808  -35.596  -66.865  -29.590 0.2000000030
11912  -34.387  -65.026  -30.614 0.2000000030
11931  -33.909  -64.325  -31.182 0.1000000015
14291  -33.009  -62.767  -31.823 0.1000000015
9810  -37.510  -66.960  -29.801 0.3000000119
8844  -38.563  -68.159  -29.519 0.2000000030
13140  -33.636  -63.066  -32.084 0.1000000015
11945  -34.635  -64.172  -32.298 0.1000000015
14312  -33.630  -62.368  -33.285 0.1000000015
9811  -38.526  -67.120  -29.563 0.2000000030
13155  -34.432  -63.641  -33.179 0.1000000015
13169  -34.111  -62.978  -33.730 0.1000000015
9812  -39.082  -67.505  -29.180 0.2000000030
11961  -34.894  -64.649  -33.523 0.1000000015
11962  -35.361  -65.539  -33.519 0.1000000015
14327  -33.730  -62.142  -35.083 0.1000000015
13182  -34.117  -63.012  -34.700 0.1000000015
13170  -34.413  -63.892  -34.195 0.1000000015
10819  -35.877  -65.892  -32.872 0.3000000119
13183  -34.267  -63.990  -35.288 0.1000000015
7851  -37.670  -68.768  -29.600 0.3000000119
6892  -36.139  -69.786  -30.071 0.3000000119
6904  -36.338  -69.320  -30.132 0.2000000030
9809  -36.526  -66.890  -29.668 0.3000000119
13154  -33.956  -62.928  -32.857 0.1000000015
10796  -34.830  -65.560  -30.072 0.2000000030
7848  -35.423  -68.241  -30.031 0.2000000030
8842  -36.787  -67.775  -29.785 0.3000000119
14321  -33.739  -62.230  -34.110 0.1000000015
15492  -33.213  -61.373  -34.345 0.1000000015
10860  -34.701  -65.789  -35.513 0.1000000015
10872  -34.657  -65.595  -36.281 0.1000000015
9869  -34.923  -66.512  -35.213 0.2000000030
10887  -34.621  -65.713  -37.206 0.1000000015
10831  -35.666  -66.389  -33.644 0.2000000030
9854  -34.966  -66.420  -34.676 0.2000000030
9883  -34.911  -66.418  -36.240 0.2000000030
9870  -35.479  -66.822  -35.514 0.1000000015
9855  -35.468  -66.866  -34.535 0.1000000015
9895  -34.783  -67.029  -37.570 0.1000000015
9884  -35.580  -66.931  -36.444 0.1000000015
10820  -36.859  -65.679  -32.518 0.2000000030
10832  -36.512  -66.488  -33.210 0.2000000030
8875  -36.260  -67.233  -34.445 0.1000000015
8898  -35.914  -66.920  -35.640 0.1000000015
9841  -36.234  -67.038  -33.847 0.1000000015
8886  -36.064  -67.170  -35.063 0.1000000015
9842  -37.132  -66.892  -33.757 0.2000000030
8887  -36.458  -66.887  -35.399 0.1000000015
8864  -36.729  -67.114  -34.188 0.1000000015
10833  -37.438  -66.414  -33.100 0.2000000030
8876  -36.929  -67.125  -34.708 0.1000000015
8899  -36.000  -66.880  -35.872 0.1000000015
10845  -35.068  -65.987  -34.248 0.1000000015
5080  -34.563  -71.077  -29.756 0.2000000030
6900  -33.457  -69.571  -30.623 0.1000000015
4172  -35.412  -72.390  -24.099 0.1000000015
8717  -40.955  -67.383  -19.254 0.1000000015
5871  -37.510  -71.062  -20.133 0.1000000015
4980  -36.706  -71.688  -21.487 0.1000000015
6774  -39.439  -68.818  -20.674 0.1000000015
5878  -37.366  -71.073  -21.312 0.1000000015
8702  -40.295  -67.637  -18.627 0.2000000030
7695  -40.377  -67.985  -19.088 0.1000000015
5857  -38.101  -70.603  -19.127 0.1000000015
9656  -41.014  -66.842  -18.595 0.2000000030
7715  -40.588  -67.887  -19.635 0.1000000015
7714  -40.109  -68.530  -19.491 0.1000000015
6761  -38.821  -69.771  -19.502 0.1000000015
5068  -34.450  -71.504  -28.579 0.2000000030
4186  -35.307  -72.078  -24.990 0.1000000015
6773  -38.943  -69.302  -20.550 0.1000000015
7730  -39.951  -68.536  -20.442 0.1000000015
4173  -36.162  -72.167  -23.735 0.1000000015
4969  -36.818  -71.510  -20.660 0.1000000015
4947  -37.070  -71.330  -19.980 0.1000000015
6762  -39.467  -69.047  -19.877 0.1000000015
7694  -39.812  -68.439  -18.560 0.1000000015
5079  -33.790  -71.331  -29.585 0.1000000015
5093  -34.188  -70.856  -30.245 0.1000000015
12874  -42.212  -63.834  -16.335 0.1000000015
11689  -41.698  -64.059  -17.075 0.1000000015
12896  -40.886  -64.116  -17.225 0.1000000015
12894  -38.729  -63.694  -17.447 0.1000000015
14068  -40.552  -62.907  -15.946 0.1000000015
14067  -39.988  -62.895  -16.061 0.1000000015
14080  -38.249  -63.026  -17.189 0.1000000015
12858  -41.453  -63.012  -15.751 0.1000000015
12873  -40.903  -63.414  -16.339 0.1000000015
12872  -39.547  -63.361  -16.720 0.1000000015
12871  -39.013  -63.259  -16.903 0.1000000015
14079  -37.659  -63.334  -17.437 0.1000000015
12859  -42.046  -63.383  -15.769 0.1000000015
16442  -37.878  -61.027  -15.342 0.1000000015
14057  -40.796  -62.410  -15.412 0.1000000015
15234  -39.942  -61.730  -15.144 0.1000000015
14056  -39.541  -62.188  -15.816 0.1000000015
14055  -38.940  -62.068  -16.032 0.1000000015
14066  -38.849  -62.690  -16.581 0.1000000015
14065  -37.796  -62.597  -16.977 0.1000000015
12860  -43.055  -63.792  -15.515 0.1000000015
12861  -43.575  -63.921  -15.414 0.1000000015
15220  -39.515  -61.068  -14.761 0.1000000015
15233  -38.710  -61.467  -15.530 0.1000000015
15235  -40.479  -61.822  -15.005 0.1000000015
14058  -41.983  -62.895  -15.295 0.1000000015
14059  -42.503  -63.320  -15.252 0.1000000015
11680  -43.803  -64.071  -15.696 0.1000000015
21217  -40.089  -56.310  -14.932 0.1000000015
14045  -42.836  -63.047  -14.444 0.1000000015
12846  -43.762  -63.896  -15.041 0.1000000015
11681  -44.283  -63.962  -15.584 0.1000000015
17675  -41.983  -59.247  -14.776 0.1000000015
20081  -39.783  -57.425  -16.031 0.1000000015
20064  -39.497  -56.792  -15.824 0.1000000015
20053  -41.358  -57.521  -14.035 0.1000000015
22378  -39.997  -55.289  -15.612 0.1000000015
21216  -39.472  -56.264  -15.585 0.1000000015
15219  -38.841  -60.848  -14.887 0.1000000015
21215  -38.985  -56.110  -15.886 0.1000000015
11706  -40.535  -64.594  -17.806 0.1000000015
11705  -39.519  -64.688  -17.994 0.1000000015
12875  -42.914  -64.109  -16.361 0.1000000015
12895  -39.978  -64.055  -17.175 0.1000000015
14044  -41.885  -62.404  -14.766 0.1000000015
20052  -40.664  -57.406  -14.599 0.1000000015
22377  -39.147  -55.626  -16.021 0.1000000015
19043  -40.667  -58.183  -28.069 0.1000000015
5929  -32.076  -70.248  -27.252 0.1000000015
6861  -31.986  -69.307  -28.007 0.1000000015
6877  -32.584  -69.814  -29.422 0.1000000015
6850  -31.739  -69.402  -26.690 0.1000000015
7828  -31.835  -68.182  -28.273 0.1000000015
6862  -32.367  -70.087  -28.494 0.1000000015
6837  -31.911  -69.647  -25.684 0.1000000015
5917  -32.057  -70.273  -26.355 0.1000000015
5943  -32.326  -70.961  -27.872 0.1000000015
7806  -31.632  -68.378  -25.648 0.1000000015
7794  -31.900  -68.017  -24.852 0.1000000015
7807  -31.889  -69.162  -25.125 0.1000000015
10581  -31.528  -65.203  -13.792 0.1000000015
11664  -31.484  -64.647  -14.322 0.1000000015
12888  -30.409  -64.065  -17.041 0.1000000015
12908  -29.753  -63.883  -17.909 0.1000000015
12909  -30.662  -63.354  -18.147 0.1000000015
12925  -31.072  -62.972  -19.324 0.1000000015
5954  -32.662  -70.837  -28.863 0.1000000015
12938  -29.361  -63.073  -20.441 0.1000000015
12940  -31.658  -63.180  -20.387 0.1000000015
8792  -31.767  -67.491  -25.009 0.1000000015
9764  -32.013  -66.811  -24.257 0.1000000015
7857  -32.966  -68.942  -30.609 0.1000000015
14135  -29.787  -62.716  -21.465 0.1000000015
12972  -30.953  -63.580  -22.739 0.1000000015
11800  -30.836  -64.242  -23.838 0.1000000015
9763  -31.588  -66.464  -24.601 0.1000000015
9753  -31.831  -66.081  -23.858 0.1000000015
7795  -32.147  -68.756  -24.406 0.1000000015
14134  -29.067  -62.786  -21.441 0.1000000015
10708  -32.010  -65.854  -23.433 0.1000000015
9754  -32.169  -66.638  -23.677 0.1000000015
11675  -31.140  -64.297  -15.011 0.1000000015
12852  -30.799  -64.370  -15.504 0.1000000015
12889  -31.441  -63.439  -17.277 0.1000000015
5930  -32.352  -71.217  -26.676 0.1000000015
5055  -32.699  -71.838  -27.393 0.1000000015
12910  -31.739  -63.258  -18.318 0.1000000015
6891  -32.926  -69.704  -30.233 0.1000000015
11775  -32.043  -63.941  -22.018 0.1000000015
11789  -31.775  -64.380  -22.656 0.1000000015
10698  -32.039  -65.312  -23.034 0.1000000015
8777  -32.540  -67.773  -23.530 0.1000000015
11790  -32.343  -65.086  -22.432 0.1000000015
10699  -32.363  -65.897  -22.831 0.1000000015
11653  -32.304  -64.424  -13.535 0.1000000015
11665  -32.100  -64.015  -14.332 0.1000000015
11654  -33.375  -64.226  -13.712 0.1000000015
11634  -34.166  -64.711  -12.824 0.1000000015
5043  -32.824  -72.019  -26.639 0.1000000015
12840  -31.673  -63.938  -14.909 0.1000000015
12854  -31.913  -63.609  -15.617 0.1000000015
5918  -32.392  -70.718  -25.493 0.1000000015
4205  -33.089  -72.156  -27.739 0.1000000015
12868  -32.163  -63.465  -16.482 0.1000000015
6838  -32.209  -69.770  -24.872 0.1000000015
5066  -32.898  -71.774  -28.275 0.1000000015
12958  -32.089  -63.565  -20.994 0.1000000015
10685  -32.833  -65.650  -21.930 0.1000000015
9735  -32.835  -66.872  -22.459 0.1000000015
11776  -32.457  -64.318  -21.504 0.1000000015
5031  -32.929  -71.837  -25.745 0.1000000015
12828  -32.775  -63.893  -14.237 0.1000000015
12829  -33.263  -63.960  -14.331 0.1000000015
10583  -34.886  -65.151  -13.512 0.1000000015
10562  -35.132  -65.250  -12.852 0.1000000015
5904  -32.808  -70.536  -24.291 0.1000000015
12855  -32.751  -63.629  -15.685 0.1000000015
12842  -33.137  -63.774  -14.879 0.1000000015
6823  -32.354  -69.706  -24.305 0.1000000015
5078  -33.159  -71.377  -29.086 0.1000000015
12890  -32.393  -63.464  -17.438 0.1000000015
7778  -32.696  -68.818  -23.415 0.1000000015
12926  -32.143  -63.249  -19.346 0.1000000015
12941  -32.469  -63.661  -20.309 0.1000000015
11762  -33.103  -64.452  -20.155 0.1000000015
11655  -34.311  -64.666  -13.985 0.1000000015
11666  -33.704  -64.190  -14.581 0.1000000015
6807  -32.577  -69.659  -23.772 0.1000000015
4217  -33.795  -72.079  -28.075 0.1000000015
9712  -33.174  -66.311  -21.815 0.1000000015
8759  -33.090  -68.173  -22.711 0.1000000015
12911  -32.653  -63.512  -18.400 0.1000000015
12927  -32.994  -63.810  -19.317 0.1000000015
6793  -33.365  -69.824  -22.765 0.1000000015
5905  -33.410  -71.091  -23.873 0.1000000015
7761  -33.434  -68.895  -22.382 0.1000000015
11676  -33.655  -64.069  -15.663 0.1000000015
10686  -33.350  -65.966  -21.370 0.1000000015
9736  -33.449  -67.589  -22.092 0.1000000015
12869  -33.095  -63.634  -16.610 0.1000000015
11763  -33.475  -65.232  -20.106 0.1000000015
10674  -33.256  -65.200  -20.986 0.1000000015
12891  -33.175  -63.835  -17.563 0.1000000015
12928  -33.358  -64.321  -18.979 0.1000000015
11751  -33.474  -64.910  -19.288 0.1000000015
12912  -33.314  -63.999  -18.411 0.1000000015
5886  -33.947  -70.883  -22.874 0.1000000015
8742  -34.017  -67.920  -21.590 0.1000000015
7741  -33.839  -68.663  -21.894 0.1000000015
11667  -34.336  -64.759  -15.030 0.1000000015
9675  -34.266  -66.309  -19.834 0.1000000015
9693  -34.186  -66.646  -20.585 0.1000000015
10675  -33.731  -65.956  -20.562 0.1000000015
5887  -34.396  -70.745  -22.282 0.1000000015
6779  -33.962  -69.383  -22.082 0.1000000015
8728  -34.963  -67.752  -20.382 0.1000000015
7742  -34.423  -68.841  -21.405 0.1000000015
11686  -33.733  -64.581  -16.811 0.1000000015
6781  -35.159  -70.551  -21.370 0.1000000015
10564  -36.921  -65.732  -12.431 0.1000000015
10563  -35.862  -65.723  -12.588 0.1000000015
12866  -30.750  -64.098  -16.059 0.1000000015
12939  -30.463  -62.787  -20.651 0.1000000015
12956  -30.541  -62.947  -21.954 0.1000000015
12957  -31.562  -63.471  -21.655 0.1000000015
10707  -31.596  -65.362  -23.729 0.1000000015
10725  -30.904  -65.870  -25.251 0.1000000015
12867  -31.282  -63.645  -16.314 0.1000000015
12841  -32.403  -63.742  -14.927 0.1000000015
5895  -32.843  -70.209  -23.695 0.1000000015
7760  -33.077  -69.038  -22.895 0.1000000015
9713  -33.699  -66.789  -21.471 0.1000000015
10666  -33.850  -65.674  -19.542 0.1000000015
6794  -34.112  -70.140  -22.387 0.1000000015
10544  -36.144  -65.722  -11.601 0.1000000015
13303  -28.975  -63.108  -44.355 0.1000000015
13302  -28.175  -63.190  -44.126 0.1000000015
13394  -30.102  -63.872  -48.022 0.1000000015
13383  -29.426  -63.824  -47.727 0.1000000015
13365  -29.748  -63.526  -46.736 0.1000000015
13324  -28.497  -63.394  -45.018 0.1000000015
12199  -30.532  -64.172  -48.394 0.1000000015
12200  -31.677  -64.439  -48.584 0.1000000015
12212  -31.864  -64.316  -49.641 0.1000000015
14478  -29.631  -62.843  -44.200 0.1000000015
14460  -29.009  -62.808  -43.487 0.1000000015
14433  -28.599  -62.519  -42.457 0.1000000015
13347  -30.023  -63.297  -45.892 0.1000000015
13325  -29.586  -63.168  -45.031 0.1000000015
14459  -27.899  -62.899  -43.230 0.1000000015
13384  -30.545  -63.736  -47.528 0.1000000015
13346  -29.047  -63.496  -45.901 0.1000000015
13364  -28.669  -63.623  -46.849 0.1000000015
12183  -30.927  -63.906  -47.897 0.1000000015
12201  -32.654  -64.242  -48.651 0.1000000015
17947  -29.953  -59.698  -37.844 0.1000000015
16752  -29.327  -60.282  -39.122 0.1000000015
16726  -30.655  -59.904  -38.146 0.1000000015
14434  -29.679  -62.453  -42.579 0.1000000015
14406  -29.323  -62.119  -41.517 0.1000000015
14387  -29.236  -61.779  -40.861 0.1000000015
15561  -29.045  -61.387  -40.409 0.1000000015
15545  -29.655  -60.940  -39.880 0.1000000015
14461  -30.132  -62.595  -43.521 0.1000000015
14405  -28.128  -62.196  -41.591 0.1000000015
13326  -30.366  -63.030  -45.393 0.1000000015
17937  -30.639  -59.707  -37.452 0.1000000015
16741  -30.076  -59.942  -38.490 0.1000000015
17920  -30.384  -59.595  -36.486 0.1000000015
15577  -30.061  -61.989  -41.334 0.1000000015
15562  -29.959  -61.639  -40.703 0.1000000015
15546  -30.599  -61.084  -39.939 0.1000000015
14407  -30.271  -62.212  -41.869 0.1000000015
13348  -30.576  -63.108  -45.852 0.1000000015
13366  -30.808  -63.307  -46.487 0.1000000015
13385  -31.171  -63.692  -47.083 0.1000000015
12165  -31.869  -64.093  -46.974 0.1000000015
12184  -31.501  -64.096  -47.519 0.1000000015
14479  -30.539  -62.753  -44.588 0.1000000015
16740  -29.034  -59.870  -37.977 0.1000000015
16753  -30.284  -60.521  -39.249 0.1000000015
14435  -30.723  -62.431  -42.665 0.1000000015
14462  -31.245  -62.469  -43.623 0.1000000015
14463  -32.500  -62.209  -43.678 0.1000000015
15612  -32.772  -62.110  -43.289 0.1000000015
14437  -33.910  -62.697  -42.849 0.1000000015
15578  -30.668  -61.895  -41.298 0.1000000015
14408  -31.135  -62.150  -41.928 0.1000000015
14436  -31.798  -62.155  -42.636 0.1000000015
14409  -31.740  -61.961  -41.927 0.1000000015
15593  -32.696  -62.027  -42.894 0.1000000015
15579  -31.518  -61.792  -41.365 0.1000000015
15563  -31.045  -61.516  -40.632 0.1000000015
15565  -33.013  -61.487  -40.636 0.1000000015
15613  -33.108  -62.116  -43.298 0.1000000015
15580  -32.491  -61.719  -41.815 0.1000000015
4183  -33.277  -72.315  -26.312 0.1000000015
4195  -33.141  -72.344  -27.064 0.1000000015
4206  -33.527  -72.324  -27.522 0.1000000015
4215  -33.091  -72.069  -28.033 0.1000000015
4216  -33.325  -72.102  -28.062 0.1000000015
4992  -33.991  -71.474  -22.911 0.1000000015
5022  -36.454  -71.615  -23.686 0.2000000030
5067  -33.558  -71.859  -28.686 0.1000000015
5069  -35.023  -70.895  -29.390 0.2000000030
5081  -34.985  -70.795  -29.822 0.2000000030
5094  -34.572  -70.778  -30.182 0.2000000030
5876  -34.798  -70.992  -21.791 0.1000000015
5877  -35.357  -71.079  -21.194 0.1000000015
5896  -33.314  -70.593  -23.471 0.1000000015
5899  -37.649  -69.954  -23.140 0.3000000119
5908  -36.823  -70.418  -23.565 0.3000000119
5942  -32.222  -70.160  -27.893 0.1000000015
5971  -36.165  -69.950  -29.816 0.3000000119
5983  -33.896  -70.253  -30.590 0.3000000119
6792  -32.865  -69.470  -23.207 0.1000000015
6808  -32.878  -69.990  -23.315 0.1000000015
6840  -35.243  -70.169  -25.369 0.3000000119
6866  -37.874  -69.189  -27.837 0.5000000000
6880  -37.516  -69.291  -28.450 0.5000000000
6895  -37.899  -69.126  -28.703 0.5000000000
6902  -34.979  -69.468  -30.484 0.2000000030
6903  -35.711  -69.563  -30.332 0.3000000119
7781  -37.470  -69.039  -23.368 0.3000000119
7796  -35.077  -69.080  -25.279 0.4000000060
7829  -34.979  -69.486  -27.027 0.5000000000
7833  -38.520  -68.604  -27.354 0.5000000000
7840  -38.581  -68.824  -28.165 0.5000000000
7853  -38.800  -68.585  -28.469 0.5000000000
7861  -36.134  -68.974  -30.275 0.2000000030
8743  -34.562  -68.074  -21.007 0.1000000015
8760  -33.558  -68.246  -22.136 0.1000000015
8793  -32.100  -67.408  -24.376 0.1000000015
8794  -35.138  -68.568  -25.142 0.4000000060
8795  -35.154  -68.078  -25.023 0.4000000060
8823  -36.544  -68.423  -26.901 0.6000000238
8825  -38.700  -68.158  -26.815 0.5000000000
8827  -39.735  -66.922  -26.607 0.5000000000
8865  -37.086  -67.043  -34.225 0.1000000015
8888  -36.880  -66.759  -35.307 0.2000000030
9658  -42.133  -65.762  -18.906 0.3000000119
9714  -34.362  -67.351  -20.860 0.1000000015
9715  -37.812  -65.841  -21.922 0.4000000060
9788  -40.603  -65.660  -26.192 0.5000000000
9795  -40.591  -65.807  -26.538 0.5000000000
9871  -36.636  -66.496  -35.574 0.2000000030
10691  -42.007  -65.849  -21.284 0.3000000119
10692  -42.328  -65.762  -20.948 0.3000000119
10700  -35.715  -65.302  -23.086 0.4000000060
10727  -35.098  -65.905  -26.066 0.5000000000
10728  -39.227  -64.915  -25.789 0.6000000238
10729  -39.577  -64.961  -25.647 0.6000000238
10744  -39.854  -65.532  -25.905 0.6000000238
10745  -40.535  -65.473  -25.883 0.6000000238
10754  -41.076  -65.425  -26.843 0.5000000000
10844  -34.783  -66.002  -34.852 0.1000000015
10848  -38.567  -65.580  -34.577 0.1000000015
10862  -37.547  -66.286  -35.189 0.1000000015
11652  -31.758  -64.770  -13.732 0.1000000015
11670  -43.841  -63.992  -15.363 0.1000000015
11671  -44.035  -64.028  -15.309 0.1000000015
11692  -43.823  -64.197  -16.655 0.2000000030
11750  -33.255  -64.341  -19.443 0.1000000015
11753  -43.711  -64.057  -19.191 0.3000000119
11769  -43.817  -63.985  -19.719 0.3000000119
11777  -36.937  -64.159  -21.712 0.4000000060
11802  -35.420  -65.112  -23.208 0.5000000000
11815  -40.002  -64.015  -25.084 0.5000000000
11816  -40.432  -63.867  -25.073 0.5000000000
11834  -39.132  -64.469  -25.651 0.6000000238
11838  -41.964  -64.097  -25.903 0.5000000000
11952  -41.303  -63.529  -32.124 0.4000000060
12847  -44.461  -63.846  -14.951 0.1000000015
12853  -31.208  -63.898  -15.530 0.1000000015
12944  -39.076  -63.284  -20.775 0.3000000119
13009  -38.472  -63.134  -25.004 0.5000000000
13011  -39.747  -63.424  -25.020 0.5000000000
13034  -38.740  -63.841  -25.319 0.5000000000
13035  -40.182  -63.371  -25.097 0.5000000000
13036  -40.574  -63.595  -25.302 0.4000000060
13038  -41.764  -63.950  -25.770 0.4000000060
13059  -42.055  -63.704  -26.216 0.5000000000
13073  -42.328  -63.687  -26.870 0.5000000000
13097  -43.204  -62.467  -29.361 0.3000000119
13109  -39.017  -63.819  -30.855 0.4000000060
13128  -38.975  -63.788  -31.075 0.4000000060
13144  -41.077  -63.224  -32.415 0.4000000060
13367  -31.737  -63.735  -46.660 0.1000000015
13393  -29.868  -64.005  -48.216 0.1000000015
14036  -46.152  -61.952  -13.965 0.1000000015
14113  -43.835  -63.130  -18.889 0.3000000119
14133  -28.780  -62.822  -21.520 0.1000000015
14160  -33.747  -62.141  -23.039 0.3000000119
14177  -33.839  -62.153  -23.683 0.3000000119
14181  -38.288  -62.950  -24.998 0.5000000000
14182  -38.688  -62.899  -25.138 0.5000000000
14202  -40.667  -63.143  -25.826 0.4000000060
14217  -39.160  -62.354  -25.943 0.5000000000
14221  -42.211  -63.393  -26.683 0.4000000060
14250  -41.997  -62.012  -28.247 0.4000000060
14252  -43.056  -61.751  -29.051 0.3000000119
14264  -43.266  -62.022  -29.349 0.3000000119
14278  -43.341  -62.004  -30.127 0.3000000119
14293  -42.472  -62.059  -31.108 0.3000000119
14358  -38.523  -62.886  -38.718 0.1000000015
14360  -39.272  -62.209  -39.048 0.1000000015
14391  -39.450  -62.191  -40.009 0.1000000015
15187  -47.242  -60.917  -11.938 0.1000000015
15244  -38.659  -62.009  -16.153 0.1000000015
15300  -33.960  -61.078  -20.705 0.2000000030
15307  -33.755  -61.254  -21.305 0.2000000030
15311  -33.573  -61.208  -22.062 0.3000000119
15393  -39.973  -61.456  -27.461 0.3000000119
15395  -41.540  -61.831  -28.183 0.4000000060
15430  -42.822  -60.992  -29.618 0.3000000119
15431  -43.134  -61.370  -29.771 0.3000000119
15447  -42.616  -61.461  -30.653 0.3000000119
15467  -38.203  -61.536  -32.278 0.1000000015
15493  -35.814  -61.244  -34.278 0.1000000015
15501  -35.811  -61.265  -34.520 0.1000000015
15569  -39.823  -60.996  -40.279 0.1000000015
15584  -38.877  -61.212  -40.980 0.1000000015
15596  -37.630  -61.395  -42.537 0.1000000015
16459  -37.421  -59.843  -18.108 0.3000000119
16475  -35.475  -60.032  -18.852 0.2000000030
16503  -33.558  -60.494  -21.694 0.3000000119
16615  -42.863  -61.151  -30.245 0.3000000119
16629  -41.233  -61.363  -31.096 0.3000000119
16676  -35.765  -61.008  -34.406 0.1000000015
16716  -41.001  -59.600  -37.530 0.1000000015
16734  -41.011  -59.868  -37.753 0.1000000015
16757  -41.223  -59.943  -39.172 0.1000000015
17722  -37.119  -59.710  -18.150 0.3000000119
17745  -34.284  -60.168  -19.821 0.2000000030
17841  -40.110  -59.673  -30.410 0.1000000015
17844  -42.172  -60.058  -29.798 0.1000000015
17948  -30.339  -59.778  -38.004 0.1000000015
17950  -41.838  -59.055  -38.782 0.1000000015
17987  -39.839  -59.464  -42.895 0.1000000015
17988  -40.172  -59.246  -42.750 0.1000000015
18008  -39.962  -59.210  -43.090 0.1000000015
18025  -38.746  -59.224  -44.226 0.1000000015
18905  -36.934  -58.690  -17.668 0.2000000030
18913  -34.883  -58.781  -18.377 0.1000000015
18914  -35.791  -58.832  -18.180 0.2000000030
18938  -33.713  -58.895  -20.584 0.2000000030
18939  -33.891  -58.280  -21.113 0.2000000030
18951  -41.776  -58.239  -21.620 0.1000000015
19018  -36.685  -58.831  -26.150 0.2000000030
19028  -40.501  -57.618  -27.514 0.1000000015
19041  -39.162  -59.124  -27.971 0.3000000119
19127  -39.932  -58.703  -37.201 0.1000000015
19150  -41.789  -58.769  -39.049 0.1000000015
19198  -40.293  -58.731  -42.653 0.1000000015
20077  -36.838  -57.884  -17.351 0.1000000015
20088  -35.011  -58.149  -18.105 0.1000000015
20328  -43.103  -56.804  -35.115 0.1000000015
20329  -43.387  -56.540  -34.904 0.1000000015
20340  -38.046  -57.046  -35.885 0.1000000015
21229  -39.198  -56.535  -15.937 0.1000000015
21304  -36.653  -57.118  -21.124 0.2000000030
21465  -43.941  -55.573  -34.439 0.1000000015
21466  -44.137  -55.590  -34.605 0.1000000015
21490  -37.809  -56.778  -35.521 0.1000000015
21496  -44.091  -56.294  -35.156 0.1000000015
21497  -44.162  -55.859  -35.364 0.1000000015
22376  -38.720  -55.836  -16.127 0.1000000015
22431  -37.059  -55.844  -18.005 0.1000000015
22453  -38.254  -56.219  -19.232 0.1000000015
22559  -38.790  -55.209  -25.294 0.1000000015
22644  -43.117  -55.306  -34.131 0.1000000015
22656  -43.258  -55.718  -34.416 0.1000000015
22674  -44.357  -55.135  -35.403 0.1000000015
23673  -37.813  -53.920  -22.280 0.1000000015
23807  -41.677  -53.820  -33.068 0.1000000015
23822  -44.510  -54.598  -34.549 0.1000000015
23835  -42.828  -55.148  -34.019 0.1000000015
23836  -44.772  -54.662  -35.052 0.1000000015
24990  -37.229  -53.447  -31.528 0.1000000015
25016  -44.863  -54.045  -34.555 0.1000000015
26137  -38.748  -52.272  -31.022 0.1000000015
26184  -44.943  -53.171  -35.169 0.1000000015
27251  -37.988  -51.512  -30.959 0.1000000015
27285  -40.440  -52.219  -32.596 0.1000000015
31889  -39.084  -47.079  -32.533 0.1000000015
32949  -37.318  -46.644  -31.440 0.1000000015
32950  -37.822  -46.464  -31.647 0.1000000015
33915  -38.001  -46.216  -31.830 0.1000000015
111299  -40.904  -58.210  -21.336 0.1000000015
111302  -40.791  -58.215  -21.680 0.1000000015
