#!ascii label  , from subject demencia vox2ras=TkReg
455
10764  -39.416  -66.149  -28.696 0.0000000000
16642  -36.931  -60.158  -32.618 0.0000000000
14201  -40.047  -62.938  -25.351 0.0000000000
14307  -41.303  -62.604  -32.093 0.0000000000
20261  -40.862  -57.233  -28.674 0.0000000000
7831  -36.446  -68.921  -27.220 0.0000000000
13008  -34.456  -63.533  -24.944 0.0000000000
14124  -37.648  -62.556  -20.191 0.0000000000
16563  -37.470  -60.564  -26.314 0.0000000000
16584  -40.691  -60.320  -28.460 0.0000000000
20240  -38.622  -57.804  -26.988 0.0000000000
10740  -35.710  -65.874  -26.569 0.0000000000
10710  -35.459  -65.788  -23.566 0.0000000000
16477  -37.209  -60.499  -18.531 0.0000000000
15288  -35.080  -61.182  -19.721 0.0000000000
11935  -38.306  -64.252  -31.390 0.0000000000
16644  -38.317  -61.238  -31.927 0.0000000000
13158  -38.289  -63.431  -33.622 0.0000000000
15494  -36.008  -61.460  -34.017 0.0000000000
11858  -41.622  -64.773  -26.516 0.0000000000
11918  -41.276  -63.921  -30.691 0.0000000000
17843  -41.701  -59.983  -30.080 0.0000000000
19061  -38.948  -58.416  -30.252 0.0000000000
9785  -38.622  -66.421  -26.329 0.0000000000
13032  -36.610  -63.255  -25.933 0.0000000000
15344  -35.875  -61.186  -24.619 0.0000000000
10687  -37.917  -65.257  -21.637 0.0000000000
12974  -35.599  -63.937  -22.081 0.0000000000
15326  -33.551  -61.274  -23.007 0.0000000000
18982  -35.008  -58.905  -23.412 0.0000000000
10823  -39.491  -64.620  -32.957 0.0000000000
21434  -35.171  -56.156  -30.418 0.0000000000
20319  -36.043  -57.293  -33.181 0.0000000000
20339  -37.566  -57.276  -35.818 0.0000000000
16562  -36.866  -60.003  -26.022 0.0000000000
16571  -37.800  -60.114  -27.122 0.0000000000
11895  -38.553  -64.822  -29.577 0.0000000000
16643  -37.593  -60.739  -32.235 0.0000000000
15481  -36.834  -61.749  -33.163 0.0000000000
16658  -36.580  -60.625  -33.165 0.0000000000
16697  -35.821  -60.681  -34.863 0.0000000000
17893  -36.210  -59.587  -33.849 0.0000000000
13037  -41.263  -63.891  -25.507 0.0000000000
14220  -41.892  -63.100  -26.556 0.0000000000
17821  -41.130  -59.290  -28.586 0.0000000000
17823  -42.294  -60.007  -29.261 0.0000000000
19056  -41.512  -58.438  -29.403 0.0000000000
19063  -40.632  -59.107  -30.162 0.0000000000
20273  -40.372  -57.447  -29.611 0.0000000000
8826  -39.227  -67.799  -26.906 0.0000000000
8814  -37.329  -67.587  -26.733 0.0000000000
11831  -34.724  -64.549  -25.652 0.0000000000
11854  -36.296  -64.837  -26.799 0.0000000000
13031  -35.566  -63.264  -26.140 0.0000000000
14180  -36.113  -61.750  -24.965 0.0000000000
15356  -34.838  -61.996  -25.133 0.0000000000
12962  -37.811  -63.838  -21.116 0.0000000000
11793  -36.619  -64.490  -22.048 0.0000000000
12961  -36.761  -63.664  -21.370 0.0000000000
17744  -33.911  -59.786  -20.133 0.0000000000
15308  -34.036  -61.521  -20.899 0.0000000000
17751  -33.576  -59.696  -21.191 0.0000000000
17772  -33.918  -59.744  -23.192 0.0000000000
11938  -41.352  -63.725  -31.659 0.0000000000
11937  -40.437  -63.928  -31.479 0.0000000000
13143  -40.189  -63.337  -32.494 0.0000000000
11977  -37.090  -64.898  -35.129 0.0000000000
22622  -35.126  -55.281  -31.144 0.0000000000
20308  -35.767  -57.143  -32.201 0.0000000000
21473  -37.551  -56.449  -35.083 0.0000000000
15376  -38.868  -61.851  -26.303 0.0000000000
15378  -40.525  -62.042  -27.004 0.0000000000
16573  -39.295  -61.124  -27.562 0.0000000000
17819  -39.345  -59.602  -28.205 0.0000000000
19027  -39.998  -58.014  -27.485 0.0000000000
9782  -35.816  -66.986  -26.468 0.0000000000
9765  -34.928  -66.213  -25.227 0.0000000000
10709  -35.021  -65.087  -24.041 0.0000000000
15291  -37.494  -61.687  -19.353 0.0000000000
15303  -36.181  -61.919  -20.093 0.0000000000
16492  -36.313  -60.832  -19.158 0.0000000000
17736  -35.165  -59.959  -18.920 0.0000000000
18929  -34.206  -58.577  -19.188 0.0000000000
15469  -39.971  -62.007  -32.088 0.0000000000
14316  -39.227  -63.067  -32.949 0.0000000000
14315  -38.641  -62.629  -33.010 0.0000000000
13156  -36.633  -63.024  -34.202 0.0000000000
14328  -36.308  -62.688  -35.489 0.0000000000
15510  -36.373  -61.622  -36.273 0.0000000000
16714  -36.740  -60.496  -36.574 0.0000000000
17924  -37.322  -59.575  -36.843 0.0000000000
10766  -40.789  -65.603  -27.692 0.0000000000
11896  -39.719  -64.681  -29.523 0.0000000000
13095  -42.173  -63.616  -29.994 0.0000000000
14277  -43.022  -61.941  -30.679 0.0000000000
15413  -42.040  -61.319  -28.598 0.0000000000
16600  -42.824  -60.875  -29.926 0.0000000000
15458  -41.738  -61.667  -31.197 0.0000000000
16627  -39.883  -60.965  -31.185 0.0000000000
16610  -38.999  -60.134  -30.837 0.0000000000
17852  -37.968  -59.717  -31.251 0.0000000000
8833  -39.767  -67.137  -27.131 0.0000000000
9787  -40.077  -66.076  -26.356 0.0000000000
11835  -39.871  -64.482  -25.274 0.0000000000
10741  -36.906  -65.743  -26.636 0.0000000000
11856  -38.147  -64.687  -26.173 0.0000000000
13010  -38.904  -63.352  -25.117 0.0000000000
14199  -38.090  -62.540  -25.287 0.0000000000
15357  -36.596  -61.223  -25.133 0.0000000000
16538  -36.128  -60.384  -24.798 0.0000000000
10701  -36.429  -65.633  -22.779 0.0000000000
11792  -35.516  -64.718  -22.735 0.0000000000
12989  -34.469  -63.669  -23.891 0.0000000000
14138  -35.290  -62.669  -21.208 0.0000000000
14146  -34.289  -62.631  -22.466 0.0000000000
14178  -34.152  -62.590  -24.321 0.0000000000
15342  -33.948  -61.365  -24.063 0.0000000000
17786  -35.104  -59.803  -24.245 0.0000000000
11936  -39.249  -63.877  -31.308 0.0000000000
11949  -38.680  -64.610  -32.257 0.0000000000
11964  -38.969  -64.327  -33.739 0.0000000000
9858  -38.366  -66.122  -34.764 0.0000000000
20272  -39.111  -57.612  -29.757 0.0000000000
19060  -37.702  -58.794  -30.733 0.0000000000
19071  -36.944  -58.878  -31.335 0.0000000000
20294  -36.193  -58.060  -31.647 0.0000000000
19098  -36.208  -58.528  -33.373 0.0000000000
19105  -36.299  -58.645  -34.575 0.0000000000
20350  -36.793  -58.257  -35.927 0.0000000000
17798  -36.605  -59.479  -25.787 0.0000000000
17805  -36.940  -59.517  -26.387 0.0000000000
10781  -39.093  -65.464  -29.011 0.0000000000
16677  -35.916  -60.466  -34.157 0.0000000000
17878  -36.559  -59.575  -32.915 0.0000000000
13057  -40.988  -63.466  -25.758 0.0000000000
13058  -41.509  -63.534  -25.977 0.0000000000
14219  -40.780  -62.805  -26.336 0.0000000000
19044  -41.384  -58.326  -28.784 0.0000000000
20262  -41.396  -57.849  -29.105 0.0000000000
20274  -41.156  -57.777  -29.368 0.0000000000
6864  -35.902  -69.825  -27.765 0.0000000000
7820  -37.890  -68.333  -26.801 0.0000000000
8824  -37.020  -68.338  -26.984 0.0000000000
13054  -35.194  -63.928  -26.248 0.0000000000
13030  -34.839  -63.292  -25.795 0.0000000000
14196  -34.573  -62.563  -25.206 0.0000000000
14125  -38.631  -62.744  -20.268 0.0000000000
14126  -39.533  -62.757  -20.460 0.0000000000
12943  -38.213  -63.276  -20.656 0.0000000000
12963  -38.760  -63.820  -21.071 0.0000000000
12942  -37.402  -63.230  -20.754 0.0000000000
18928  -33.967  -59.156  -19.749 0.0000000000
16498  -33.711  -60.496  -20.850 0.0000000000
18949  -33.683  -58.869  -21.610 0.0000000000
13129  -41.771  -63.150  -31.921 0.0000000000
11951  -40.735  -63.798  -32.222 0.0000000000
21463  -35.973  -56.296  -33.223 0.0000000000
21464  -36.437  -56.573  -33.886 0.0000000000
22649  -36.957  -56.091  -34.184 0.0000000000
15375  -38.027  -61.495  -26.070 0.0000000000
16564  -38.182  -61.204  -26.520 0.0000000000
17811  -38.140  -59.503  -27.490 0.0000000000
17812  -38.734  -59.601  -27.926 0.0000000000
19026  -38.945  -58.570  -27.589 0.0000000000
19042  -39.725  -58.799  -27.957 0.0000000000
10718  -34.829  -65.455  -24.685 0.0000000000
15292  -38.540  -61.903  -19.211 0.0000000000
15273  -38.111  -61.316  -18.731 0.0000000000
16493  -36.889  -61.137  -19.147 0.0000000000
17719  -34.896  -59.356  -18.666 0.0000000000
11948  -37.668  -64.917  -32.097 0.0000000000
15468  -38.929  -61.806  -32.034 0.0000000000
14304  -38.904  -62.278  -32.533 0.0000000000
15483  -38.510  -61.983  -32.548 0.0000000000
14313  -36.630  -62.515  -33.757 0.0000000000
14322  -36.304  -62.469  -34.515 0.0000000000
17908  -36.102  -59.717  -34.997 0.0000000000
16713  -36.147  -60.570  -35.699 0.0000000000
17923  -36.571  -59.617  -36.061 0.0000000000
11882  -41.303  -64.996  -28.220 0.0000000000
13111  -42.820  -62.703  -30.481 0.0000000000
13112  -43.223  -62.451  -29.732 0.0000000000
15411  -40.407  -61.153  -28.169 0.0000000000
15394  -40.862  -61.852  -27.752 0.0000000000
15412  -41.172  -61.171  -28.412 0.0000000000
16599  -42.515  -60.488  -29.561 0.0000000000
16614  -42.339  -60.703  -30.279 0.0000000000
15446  -42.082  -61.267  -30.753 0.0000000000
16613  -41.412  -60.818  -30.684 0.0000000000
16628  -40.724  -61.174  -31.103 0.0000000000
19062  -39.939  -58.777  -30.297 0.0000000000
16611  -39.543  -60.279  -30.789 0.0000000000
17840  -39.230  -59.496  -30.575 0.0000000000
17853  -38.654  -59.883  -30.925 0.0000000000
17839  -38.477  -59.277  -30.716 0.0000000000
8816  -39.249  -67.053  -26.304 0.0000000000
8817  -39.676  -66.635  -26.314 0.0000000000
9786  -39.439  -66.200  -26.219 0.0000000000
10730  -40.288  -65.024  -25.467 0.0000000000
10743  -38.974  -65.259  -26.033 0.0000000000
9783  -36.616  -66.769  -26.607 0.0000000000
13056  -36.762  -64.078  -26.535 0.0000000000
11855  -37.306  -64.777  -26.607 0.0000000000
11832  -37.531  -64.015  -26.024 0.0000000000
11833  -38.341  -64.158  -25.660 0.0000000000
13033  -37.935  -63.342  -25.168 0.0000000000
14198  -36.909  -62.312  -25.165 0.0000000000
14179  -35.629  -61.669  -24.888 0.0000000000
16537  -35.428  -60.466  -24.442 0.0000000000
10702  -37.291  -65.427  -22.103 0.0000000000
12975  -36.193  -63.860  -21.780 0.0000000000
11791  -35.043  -64.426  -22.960 0.0000000000
12973  -34.810  -63.781  -22.821 0.0000000000
15302  -35.346  -61.787  -20.099 0.0000000000
14122  -35.739  -62.372  -20.605 0.0000000000
14121  -34.955  -62.166  -20.657 0.0000000000
14136  -33.753  -61.657  -21.719 0.0000000000
14137  -34.245  -62.148  -21.349 0.0000000000
14145  -33.721  -61.906  -22.250 0.0000000000
14161  -34.200  -62.826  -23.372 0.0000000000
15341  -33.699  -61.733  -23.468 0.0000000000
15327  -33.693  -60.810  -23.504 0.0000000000
17757  -34.183  -59.218  -22.915 0.0000000000
16523  -33.929  -60.276  -23.748 0.0000000000
17773  -34.680  -59.412  -23.637 0.0000000000
17774  -35.310  -59.314  -24.062 0.0000000000
11897  -41.181  -64.597  -29.320 0.0000000000
11917  -40.197  -64.179  -30.441 0.0000000000
11950  -39.607  -64.077  -32.382 0.0000000000
10822  -39.245  -65.294  -32.978 0.0000000000
9833  -38.827  -66.092  -33.179 0.0000000000
9834  -39.086  -66.083  -33.624 0.0000000000
13159  -39.057  -63.516  -33.228 0.0000000000
11963  -38.111  -64.214  -34.150 0.0000000000
10846  -37.322  -65.537  -35.217 0.0000000000
10847  -37.803  -65.776  -35.049 0.0000000000
20260  -39.855  -56.822  -29.029 0.0000000000
20259  -38.734  -56.992  -28.958 0.0000000000
20280  -36.840  -57.954  -30.484 0.0000000000
19059  -37.121  -58.572  -30.840 0.0000000000
20309  -36.047  -58.009  -32.548 0.0000000000
19084  -36.418  -58.833  -32.312 0.0000000000
21489  -37.287  -56.951  -35.321 0.0000000000
20338  -36.740  -57.700  -35.366 0.0000000000
20351  -37.318  -57.958  -36.185 0.0000000000
17806  -37.446  -59.486  -26.989 0.0000000000
19025  -37.890  -58.490  -27.262 0.0000000000
17708  -37.354  -59.235  -17.734 0.0000000000
13108  -38.672  -63.963  -30.868 0.0000000000
15482  -37.792  -61.763  -32.793 0.0000000000
16659  -37.182  -61.218  -32.824 0.0000000000
16696  -35.756  -61.094  -34.724 0.0000000000
11837  -41.531  -64.485  -25.732 0.0000000000
11859  -42.067  -64.199  -26.309 0.0000000000
14236  -42.349  -63.035  -27.281 0.0000000000
16585  -41.593  -60.304  -28.669 0.0000000000
17822  -41.933  -59.427  -29.040 0.0000000000
17834  -41.851  -59.441  -29.607 0.0000000000
17842  -40.924  -59.884  -30.230 0.0000000000
17833  -41.280  -59.136  -29.900 0.0000000000
19055  -40.762  -58.282  -29.933 0.0000000000
19054  -39.782  -57.995  -30.082 0.0000000000
8815  -38.408  -67.602  -26.538 0.0000000000
9784  -37.634  -66.631  -26.519 0.0000000000
10739  -35.052  -65.325  -26.187 0.0000000000
11853  -35.389  -64.729  -26.479 0.0000000000
13055  -35.923  -63.934  -26.568 0.0000000000
14197  -35.536  -62.305  -25.449 0.0000000000
15343  -35.022  -61.400  -24.720 0.0000000000
11779  -38.422  -64.540  -21.332 0.0000000000
11794  -37.311  -64.869  -21.874 0.0000000000
11778  -37.377  -64.408  -21.578 0.0000000000
12960  -35.798  -63.372  -21.563 0.0000000000
16490  -34.616  -60.611  -19.728 0.0000000000
15301  -34.497  -61.419  -20.385 0.0000000000
16499  -34.138  -60.596  -20.259 0.0000000000
16507  -33.534  -60.607  -22.437 0.0000000000
16522  -33.617  -60.379  -23.067 0.0000000000
17756  -33.643  -59.700  -22.334 0.0000000000
13172  -37.392  -64.237  -34.508 0.0000000000
21444  -35.420  -56.239  -31.591 0.0000000000
21456  -35.628  -56.212  -32.508 0.0000000000
20318  -35.824  -56.756  -32.783 0.0000000000
20327  -36.343  -57.571  -34.212 0.0000000000
21472  -36.932  -56.666  -34.711 0.0000000000
14218  -39.630  -62.428  -25.964 0.0000000000
15377  -39.883  -61.938  -26.591 0.0000000000
15392  -39.288  -61.456  -27.057 0.0000000000
16583  -39.591  -60.584  -28.159 0.0000000000
16572  -38.534  -60.702  -27.347 0.0000000000
16582  -38.913  -60.179  -28.126 0.0000000000
17820  -40.189  -59.431  -28.336 0.0000000000
19043  -40.667  -58.183  -28.069 0.0000000000
7819  -36.293  -68.466  -26.867 0.0000000000
9774  -35.164  -66.696  -25.935 0.0000000000
9766  -35.117  -67.131  -24.907 0.0000000000
9773  -34.977  -66.091  -25.732 0.0000000000
10726  -34.866  -65.588  -25.624 0.0000000000
11813  -34.701  -64.497  -24.448 0.0000000000
14106  -38.266  -62.254  -19.759 0.0000000000
14123  -36.666  -62.673  -20.583 0.0000000000
15304  -36.933  -61.985  -20.039 0.0000000000
15290  -36.590  -61.485  -19.564 0.0000000000
15289  -35.817  -61.268  -19.659 0.0000000000
16476  -36.032  -60.114  -18.754 0.0000000000
16491  -35.351  -60.504  -19.191 0.0000000000
17735  -34.577  -59.649  -19.243 0.0000000000
17734  -34.128  -59.531  -19.695 0.0000000000
20111  -33.887  -58.462  -19.924 0.0000000000
15470  -40.782  -62.117  -31.905 0.0000000000
14306  -40.526  -62.642  -32.381 0.0000000000
14305  -39.522  -62.641  -32.593 0.0000000000
13157  -37.268  -63.411  -33.987 0.0000000000
13184  -36.448  -63.921  -35.747 0.0000000000
15511  -36.892  -61.215  -37.018 0.0000000000
16730  -37.429  -60.559  -37.159 0.0000000000
17940  -37.961  -59.928  -37.272 0.0000000000
10765  -40.072  -65.971  -28.257 0.0000000000
10782  -40.069  -65.348  -28.851 0.0000000000
10783  -40.740  -65.324  -28.479 0.0000000000
11898  -42.254  -63.858  -28.950 0.0000000000
13110  -42.029  -63.365  -31.071 0.0000000000
13130  -42.266  -62.759  -31.307 0.0000000000
14292  -41.866  -62.401  -31.612 0.0000000000
14234  -40.977  -62.302  -27.127 0.0000000000
14235  -41.692  -62.396  -27.466 0.0000000000
16586  -42.293  -60.420  -28.989 0.0000000000
15414  -42.759  -61.254  -29.168 0.0000000000
15448  -43.090  -61.541  -30.355 0.0000000000
15459  -42.253  -61.608  -30.962 0.0000000000
15471  -41.370  -62.112  -31.679 0.0000000000
15457  -41.041  -61.686  -31.437 0.0000000000
15456  -40.339  -61.575  -31.574 0.0000000000
15455  -39.558  -61.463  -31.604 0.0000000000
16612  -40.431  -60.485  -30.707 0.0000000000
16626  -38.704  -60.698  -31.386 0.0000000000
16625  -37.910  -60.322  -31.622 0.0000000000
17862  -37.023  -59.685  -32.107 0.0000000000
9801  -40.047  -66.566  -27.603 0.0000000000
9802  -40.542  -65.980  -27.084 0.0000000000
9794  -40.196  -66.485  -26.849 0.0000000000
10746  -41.114  -65.348  -26.068 0.0000000000
10731  -40.934  -65.018  -25.523 0.0000000000
11836  -40.690  -64.318  -25.220 0.0000000000
13012  -40.231  -63.626  -25.037 0.0000000000
8813  -36.340  -67.860  -26.729 0.0000000000
10742  -37.943  -65.584  -26.448 0.0000000000
11857  -38.661  -64.592  -25.925 0.0000000000
11814  -39.410  -63.922  -25.182 0.0000000000
14183  -39.295  -62.982  -25.138 0.0000000000
14200  -39.007  -62.544  -25.582 0.0000000000
15359  -38.301  -62.015  -25.696 0.0000000000
15358  -37.503  -61.585  -25.532 0.0000000000
16551  -37.062  -60.936  -25.581 0.0000000000
16550  -36.699  -60.315  -25.509 0.0000000000
17788  -36.226  -59.506  -25.118 0.0000000000
11801  -35.014  -64.650  -23.444 0.0000000000
14139  -36.061  -62.920  -21.101 0.0000000000
12959  -35.004  -63.072  -21.933 0.0000000000
15355  -34.441  -61.946  -24.756 0.0000000000
16536  -34.631  -60.413  -24.232 0.0000000000
17787  -35.689  -59.581  -24.496 0.0000000000
11916  -39.062  -64.042  -30.307 0.0000000000
13127  -38.788  -63.899  -31.197 0.0000000000
10821  -38.207  -65.752  -32.768 0.0000000000
13142  -39.543  -63.484  -32.813 0.0000000000
11965  -39.476  -64.152  -33.122 0.0000000000
10835  -39.424  -64.800  -33.377 0.0000000000
11978  -37.976  -64.953  -34.645 0.0000000000
11979  -38.665  -64.880  -34.294 0.0000000000
10834  -39.173  -65.354  -33.930 0.0000000000
20231  -37.787  -57.484  -26.496 0.0000000000
20242  -40.318  -57.317  -27.097 0.0000000000
20243  -40.683  -57.051  -27.626 0.0000000000
21420  -40.611  -56.470  -27.912 0.0000000000
19053  -39.300  -57.954  -30.076 0.0000000000
20271  -37.792  -57.259  -29.404 0.0000000000
20282  -38.765  -57.968  -30.072 0.0000000000
17851  -37.363  -59.517  -31.538 0.0000000000
20293  -35.715  -57.212  -31.064 0.0000000000
19113  -36.535  -58.770  -35.566 0.0000000000
19124  -36.956  -58.754  -36.334 0.0000000000
7818  -35.804  -68.556  -26.819 0.0000000000
8823  -36.544  -68.423  -26.901 0.0000000000
8827  -39.735  -66.922  -26.607 0.0000000000
9715  -37.812  -65.841  -21.922 0.0000000000
9788  -40.603  -65.660  -26.192 0.0000000000
9795  -40.591  -65.807  -26.538 0.0000000000
10700  -35.715  -65.302  -23.086 0.0000000000
10727  -35.098  -65.905  -26.066 0.0000000000
10728  -39.227  -64.915  -25.789 0.0000000000
10729  -39.577  -64.961  -25.647 0.0000000000
10744  -39.854  -65.532  -25.905 0.0000000000
10745  -40.535  -65.473  -25.883 0.0000000000
10754  -41.076  -65.425  -26.843 0.0000000000
10848  -38.567  -65.580  -34.577 0.0000000000
11777  -36.937  -64.159  -21.712 0.0000000000
11802  -35.420  -65.112  -23.208 0.0000000000
11815  -40.002  -64.015  -25.084 0.0000000000
11816  -40.432  -63.867  -25.073 0.0000000000
11834  -39.132  -64.469  -25.651 0.0000000000
11838  -41.964  -64.097  -25.903 0.0000000000
11952  -41.303  -63.529  -32.124 0.0000000000
13009  -38.472  -63.134  -25.004 0.0000000000
13011  -39.747  -63.424  -25.020 0.0000000000
13034  -38.740  -63.841  -25.319 0.0000000000
13035  -40.182  -63.371  -25.097 0.0000000000
13036  -40.574  -63.595  -25.302 0.0000000000
13038  -41.764  -63.950  -25.770 0.0000000000
13059  -42.055  -63.704  -26.216 0.0000000000
13073  -42.328  -63.687  -26.870 0.0000000000
13097  -43.204  -62.467  -29.361 0.0000000000
13109  -39.017  -63.819  -30.855 0.0000000000
13128  -38.975  -63.788  -31.075 0.0000000000
13144  -41.077  -63.224  -32.415 0.0000000000
14160  -33.747  -62.141  -23.039 0.0000000000
14177  -33.839  -62.153  -23.683 0.0000000000
14181  -38.288  -62.950  -24.998 0.0000000000
14182  -38.688  -62.899  -25.138 0.0000000000
14202  -40.667  -63.143  -25.826 0.0000000000
14217  -39.160  -62.354  -25.943 0.0000000000
14221  -42.211  -63.393  -26.683 0.0000000000
14250  -41.997  -62.012  -28.247 0.0000000000
14278  -43.341  -62.004  -30.127 0.0000000000
14293  -42.472  -62.059  -31.108 0.0000000000
15300  -33.960  -61.078  -20.705 0.0000000000
15307  -33.755  -61.254  -21.305 0.0000000000
15311  -33.573  -61.208  -22.062 0.0000000000
15393  -39.973  -61.456  -27.461 0.0000000000
15395  -41.540  -61.831  -28.183 0.0000000000
15430  -42.822  -60.992  -29.618 0.0000000000
15447  -42.616  -61.461  -30.653 0.0000000000
15467  -38.203  -61.536  -32.278 0.0000000000
15493  -35.814  -61.244  -34.278 0.0000000000
15501  -35.811  -61.265  -34.520 0.0000000000
15502  -35.923  -61.497  -35.034 0.0000000000
16459  -37.421  -59.843  -18.108 0.0000000000
16475  -35.475  -60.032  -18.852 0.0000000000
16503  -33.558  -60.494  -21.694 0.0000000000
16615  -42.863  -61.151  -30.245 0.0000000000
16629  -41.233  -61.363  -31.096 0.0000000000
16676  -35.765  -61.008  -34.406 0.0000000000
17722  -37.119  -59.710  -18.150 0.0000000000
17745  -34.284  -60.168  -19.821 0.0000000000
17841  -40.110  -59.673  -30.410 0.0000000000
17863  -37.543  -60.009  -31.749 0.0000000000
18939  -33.891  -58.280  -21.113 0.0000000000
19018  -36.685  -58.831  -26.150 0.0000000000
19028  -40.501  -57.618  -27.514 0.0000000000
19041  -39.162  -59.124  -27.971 0.0000000000
19072  -37.459  -59.248  -31.206 0.0000000000
20275  -41.430  -57.963  -29.298 0.0000000000
20281  -38.186  -57.995  -30.116 0.0000000000
20340  -38.046  -57.046  -35.885 0.0000000000
21490  -37.809  -56.778  -35.521 0.0000000000
