#!ascii label  , from subject demencia vox2ras=TkReg
327
72606  -31.450  -6.226  -30.168 0.0000000000
76331  -30.693  -2.338  -30.718 0.0000000000
87452  -30.528  10.050  -28.548 0.0000000000
84897  -31.701  7.641  -32.945 0.0000000000
81343  -33.838  3.039  -31.667 0.0000000000
77231  -35.419  -1.309  -28.808 0.0000000000
88209  -30.071  12.020  -26.670 0.0000000000
83081  -33.138  5.655  -33.144 0.0000000000
80507  -32.053  2.864  -32.072 0.0000000000
74456  -31.828  -4.353  -31.452 0.0000000000
77258  -33.561  -1.736  -30.899 0.0000000000
75358  -33.906  -3.662  -29.477 0.0000000000
69932  -27.231  -9.653  -28.741 0.0000000000
72616  -29.651  -6.454  -31.330 0.0000000000
93335  -28.581  18.917  -24.968 0.0000000000
91849  -29.614  16.790  -26.376 0.0000000000
91117  -30.450  15.053  -27.517 0.0000000000
89760  -30.131  13.359  -29.851 0.0000000000
88253  -30.618  11.949  -32.016 0.0000000000
86617  -31.390  9.346  -31.032 0.0000000000
87473  -32.256  10.230  -32.056 0.0000000000
85746  -33.177  8.518  -31.750 0.0000000000
83990  -34.063  6.572  -30.119 0.0000000000
81294  -34.794  3.628  -28.519 0.0000000000
78160  -32.924  -0.093  -31.645 0.0000000000
78918  -34.686  0.542  -29.838 0.0000000000
81340  -31.897  3.692  -31.713 0.0000000000
80494  -31.038  2.493  -30.491 0.0000000000
73540  -31.798  -5.762  -30.909 0.0000000000
74457  -32.453  -4.320  -31.124 0.0000000000
73528  -32.741  -5.161  -29.840 0.0000000000
67168  -25.557  -13.180  -26.102 0.0000000000
68214  -26.176  -11.578  -26.756 0.0000000000
69107  -26.369  -10.888  -27.248 0.0000000000
73538  -29.042  -5.584  -30.814 0.0000000000
73537  -28.338  -5.827  -30.308 0.0000000000
91104  -29.926  15.888  -26.931 0.0000000000
87437  -30.287  10.658  -28.077 0.0000000000
89054  -30.530  12.278  -28.123 0.0000000000
88233  -30.645  11.220  -28.837 0.0000000000
89066  -30.155  12.523  -30.602 0.0000000000
88239  -30.800  10.752  -29.876 0.0000000000
85740  -31.449  8.465  -31.641 0.0000000000
86621  -31.501  9.441  -32.023 0.0000000000
86629  -32.285  9.248  -32.786 0.0000000000
86623  -32.677  9.336  -32.285 0.0000000000
85752  -32.425  8.353  -32.848 0.0000000000
82178  -33.347  4.630  -32.559 0.0000000000
83058  -33.567  5.571  -31.373 0.0000000000
82164  -33.770  4.764  -30.963 0.0000000000
82130  -34.594  4.610  -29.053 0.0000000000
81306  -34.435  3.356  -29.659 0.0000000000
78149  -30.576  -0.377  -30.584 0.0000000000
78942  -31.757  0.711  -31.396 0.0000000000
77268  -31.859  -1.284  -31.051 0.0000000000
77240  -34.781  -1.379  -29.710 0.0000000000
78151  -34.533  -0.270  -30.302 0.0000000000
78138  -34.789  -0.344  -29.474 0.0000000000
79706  -35.234  1.603  -28.466 0.0000000000
78133  -35.797  -0.371  -28.223 0.0000000000
69933  -27.949  -9.200  -28.581 0.0000000000
70793  -27.526  -8.726  -29.340 0.0000000000
70785  -28.395  -8.687  -28.590 0.0000000000
71658  -29.299  -7.475  -29.797 0.0000000000
83070  -31.782  5.926  -32.246 0.0000000000
83083  -32.153  6.334  -33.324 0.0000000000
82176  -32.130  4.890  -31.941 0.0000000000
81356  -32.599  3.754  -32.623 0.0000000000
80519  -33.307  2.597  -32.477 0.0000000000
75384  -31.415  -3.427  -31.261 0.0000000000
76342  -32.295  -2.396  -31.193 0.0000000000
76332  -32.596  -3.025  -30.965 0.0000000000
75374  -33.573  -3.390  -30.324 0.0000000000
76317  -34.789  -2.449  -29.634 0.0000000000
69920  -27.233  -9.897  -27.535 0.0000000000
75370  -29.576  -3.534  -30.784 0.0000000000
74444  -30.215  -4.491  -31.459 0.0000000000
72630  -30.607  -6.005  -32.180 0.0000000000
71681  -30.794  -6.840  -31.530 0.0000000000
94680  -28.167  20.050  -25.008 0.0000000000
91829  -29.055  17.066  -24.056 0.0000000000
93336  -28.792  18.291  -25.401 0.0000000000
92619  -29.118  17.779  -27.032 0.0000000000
91872  -29.267  16.879  -29.207 0.0000000000
91128  -29.751  15.750  -29.229 0.0000000000
89748  -30.555  13.195  -27.448 0.0000000000
90418  -30.308  14.045  -29.160 0.0000000000
90425  -29.740  14.594  -30.162 0.0000000000
89765  -29.954  13.525  -30.964 0.0000000000
89071  -30.636  12.813  -31.957 0.0000000000
88254  -31.190  11.886  -32.115 0.0000000000
86602  -30.712  9.459  -29.152 0.0000000000
87466  -31.258  10.300  -31.423 0.0000000000
87471  -31.070  11.405  -32.085 0.0000000000
88255  -31.993  11.566  -31.715 0.0000000000
87467  -32.616  10.842  -31.314 0.0000000000
85736  -33.712  8.647  -29.794 0.0000000000
84000  -33.285  6.596  -32.688 0.0000000000
84885  -33.522  7.566  -31.008 0.0000000000
79727  -31.483  1.622  -30.991 0.0000000000
79734  -32.530  1.473  -32.381 0.0000000000
79735  -33.707  1.791  -31.961 0.0000000000
77270  -33.393  -0.918  -31.243 0.0000000000
78945  -33.906  0.824  -31.494 0.0000000000
80496  -34.408  2.457  -30.503 0.0000000000
80466  -34.806  2.442  -28.731 0.0000000000
81295  -35.156  2.964  -27.932 0.0000000000
71667  -28.666  -7.288  -30.335 0.0000000000
71659  -30.150  -7.078  -30.127 0.0000000000
72605  -30.780  -6.876  -29.595 0.0000000000
73541  -32.334  -5.130  -30.897 0.0000000000
73527  -32.053  -5.575  -30.355 0.0000000000
72607  -32.066  -5.640  -29.855 0.0000000000
67189  -25.980  -12.350  -26.208 0.0000000000
88238  -30.449  11.580  -30.208 0.0000000000
83988  -31.572  6.659  -31.708 0.0000000000
84884  -31.504  7.478  -31.131 0.0000000000
84891  -31.518  7.603  -32.180 0.0000000000
85745  -31.619  8.508  -32.551 0.0000000000
85751  -32.040  8.352  -33.069 0.0000000000
85755  -32.170  7.824  -33.160 0.0000000000
81325  -33.697  3.875  -31.677 0.0000000000
82163  -33.628  4.503  -31.774 0.0000000000
81326  -33.955  3.604  -31.115 0.0000000000
82144  -34.186  4.623  -30.132 0.0000000000
77256  -30.155  -1.407  -30.649 0.0000000000
77257  -31.109  -1.369  -30.504 0.0000000000
77230  -34.970  -0.868  -29.163 0.0000000000
78132  -35.175  -0.334  -28.840 0.0000000000
77222  -36.045  -1.240  -27.965 0.0000000000
83056  -31.321  5.243  -30.544 0.0000000000
83071  -32.111  5.448  -32.659 0.0000000000
82162  -31.635  4.579  -30.991 0.0000000000
81355  -32.262  3.411  -32.296 0.0000000000
80517  -32.400  2.827  -32.461 0.0000000000
80518  -32.765  2.857  -32.701 0.0000000000
79744  -32.495  2.356  -32.588 0.0000000000
75385  -32.258  -3.527  -31.210 0.0000000000
74446  -33.033  -4.369  -30.501 0.0000000000
75375  -34.273  -3.038  -29.929 0.0000000000
75359  -34.506  -3.145  -29.361 0.0000000000
66209  -24.804  -13.778  -26.763 0.0000000000
69124  -26.738  -10.453  -27.493 0.0000000000
69903  -27.691  -9.575  -26.908 0.0000000000
73539  -29.700  -5.447  -31.547 0.0000000000
72624  -30.141  -6.158  -31.998 0.0000000000
72625  -30.782  -6.476  -31.975 0.0000000000
94019  -28.386  19.636  -24.587 0.0000000000
94030  -28.194  19.609  -25.374 0.0000000000
91841  -29.557  16.749  -25.390 0.0000000000
91834  -29.351  17.138  -24.882 0.0000000000
92607  -29.248  17.570  -25.748 0.0000000000
93347  -28.576  18.344  -26.432 0.0000000000
91857  -29.490  16.912  -27.687 0.0000000000
91116  -29.904  15.914  -28.229 0.0000000000
91129  -30.123  14.951  -28.856 0.0000000000
89047  -30.339  12.404  -26.961 0.0000000000
89060  -30.344  12.348  -29.402 0.0000000000
89754  -30.417  13.209  -28.679 0.0000000000
90431  -29.582  14.471  -31.345 0.0000000000
88246  -30.354  11.771  -31.294 0.0000000000
89070  -30.293  12.699  -31.539 0.0000000000
85735  -31.398  8.347  -30.534 0.0000000000
85734  -30.898  8.226  -29.602 0.0000000000
86612  -31.158  9.210  -29.884 0.0000000000
87460  -31.105  10.127  -30.468 0.0000000000
87478  -32.020  9.751  -32.609 0.0000000000
87472  -31.668  10.499  -32.052 0.0000000000
88247  -32.590  11.752  -30.877 0.0000000000
86618  -33.145  9.411  -31.304 0.0000000000
86613  -33.532  9.537  -30.301 0.0000000000
85741  -33.464  8.646  -30.761 0.0000000000
83085  -32.949  6.352  -33.377 0.0000000000
84005  -33.053  6.682  -33.193 0.0000000000
83989  -33.647  6.485  -30.845 0.0000000000
84886  -33.833  7.059  -30.475 0.0000000000
84876  -33.933  7.582  -29.915 0.0000000000
83979  -34.140  6.833  -29.403 0.0000000000
82120  -35.053  4.443  -27.263 0.0000000000
79726  -30.544  1.518  -30.617 0.0000000000
78159  -32.240  -0.193  -31.312 0.0000000000
78943  -32.482  0.830  -32.022 0.0000000000
78957  -33.018  1.452  -32.497 0.0000000000
78944  -33.217  0.973  -32.062 0.0000000000
76343  -33.008  -1.767  -31.127 0.0000000000
77269  -32.630  -1.110  -31.240 0.0000000000
78162  -34.189  -0.075  -31.113 0.0000000000
78932  -34.488  0.797  -30.804 0.0000000000
79736  -34.190  1.489  -31.367 0.0000000000
79713  -34.599  1.495  -30.152 0.0000000000
80478  -34.568  2.199  -29.633 0.0000000000
79696  -35.641  1.441  -27.800 0.0000000000
80467  -35.349  2.170  -28.094 0.0000000000
80453  -35.486  2.302  -27.371 0.0000000000
71650  -30.173  -7.300  -28.988 0.0000000000
72593  -30.690  -6.863  -28.975 0.0000000000
81324  -31.345  3.538  -30.742 0.0000000000
80495  -31.674  2.650  -31.352 0.0000000000
73552  -32.107  -4.844  -31.362 0.0000000000
74432  -33.215  -4.582  -29.941 0.0000000000
74433  -33.411  -4.531  -29.319 0.0000000000
73529  -33.043  -5.041  -29.233 0.0000000000
73517  -32.795  -5.327  -29.091 0.0000000000
69123  -26.362  -10.858  -27.887 0.0000000000
68215  -26.845  -11.278  -26.162 0.0000000000
74443  -29.270  -4.560  -30.832 0.0000000000
74442  -28.166  -4.604  -30.275 0.0000000000
93323  -28.716  18.739  -24.070 0.0000000000
91099  -29.784  15.761  -25.580 0.0000000000
91105  -30.190  14.996  -26.301 0.0000000000
87459  -30.583  10.866  -30.946 0.0000000000
86628  -31.851  9.351  -32.670 0.0000000000
86622  -32.299  9.644  -32.487 0.0000000000
86630  -32.580  8.890  -32.745 0.0000000000
85753  -32.771  8.390  -32.519 0.0000000000
83072  -33.443  5.578  -32.306 0.0000000000
83059  -33.906  5.628  -30.476 0.0000000000
83043  -34.231  5.787  -29.445 0.0000000000
78931  -31.083  0.632  -30.614 0.0000000000
78150  -31.529  -0.300  -30.736 0.0000000000
77259  -34.103  -1.052  -30.746 0.0000000000
79705  -34.776  1.306  -29.151 0.0000000000
78911  -34.881  0.346  -29.106 0.0000000000
78912  -35.401  0.639  -28.456 0.0000000000
78888  -36.045  0.770  -26.926 0.0000000000
78902  -36.013  0.488  -27.444 0.0000000000
69943  -27.037  -9.155  -29.352 0.0000000000
70784  -27.882  -9.037  -28.954 0.0000000000
70794  -28.137  -8.616  -29.190 0.0000000000
71648  -28.468  -8.343  -29.088 0.0000000000
71657  -28.316  -8.029  -29.651 0.0000000000
71649  -29.049  -7.994  -28.823 0.0000000000
83996  -31.598  6.804  -32.641 0.0000000000
83999  -31.845  6.890  -33.243 0.0000000000
83079  -31.855  6.124  -33.005 0.0000000000
83080  -32.433  5.584  -33.138 0.0000000000
81341  -32.277  4.072  -32.305 0.0000000000
82177  -32.444  4.739  -32.638 0.0000000000
82187  -32.825  4.699  -32.934 0.0000000000
81357  -33.097  3.814  -32.720 0.0000000000
80508  -33.736  2.664  -31.972 0.0000000000
75372  -31.013  -2.882  -31.027 0.0000000000
76341  -31.397  -2.291  -30.997 0.0000000000
76333  -33.132  -2.595  -30.815 0.0000000000
75373  -32.844  -3.547  -30.846 0.0000000000
76334  -34.153  -2.286  -30.444 0.0000000000
76318  -35.047  -1.962  -29.441 0.0000000000
76308  -35.245  -2.226  -28.999 0.0000000000
75347  -33.861  -4.033  -28.932 0.0000000000
65320  -24.506  -14.744  -26.965 0.0000000000
69138  -26.740  -10.276  -28.064 0.0000000000
69921  -28.121  -9.235  -27.822 0.0000000000
76330  -29.839  -2.464  -30.699 0.0000000000
75371  -30.555  -3.429  -31.035 0.0000000000
75383  -30.926  -3.895  -31.334 0.0000000000
74455  -31.033  -4.452  -31.723 0.0000000000
74454  -30.621  -4.891  -31.944 0.0000000000
73550  -30.965  -5.273  -32.088 0.0000000000
73559  -31.368  -5.908  -31.981 0.0000000000
72618  -31.496  -6.269  -31.267 0.0000000000
71670  -31.139  -6.860  -31.067 0.0000000000
94679  -27.903  20.596  -24.604 0.0000000000
92586  -28.628  17.795  -23.725 0.0000000000
92587  -29.008  17.827  -24.261 0.0000000000
91830  -29.200  17.340  -24.476 0.0000000000
93324  -28.880  18.293  -24.683 0.0000000000
93346  -28.204  18.976  -25.897 0.0000000000
91136  -29.307  15.720  -30.184 0.0000000000
90397  -30.558  14.120  -26.783 0.0000000000
90411  -30.556  14.095  -28.081 0.0000000000
91137  -29.751  15.237  -29.609 0.0000000000
90424  -29.396  15.119  -30.421 0.0000000000
90430  -29.209  15.146  -30.855 0.0000000000
89770  -29.973  13.624  -31.894 0.0000000000
87453  -30.972  10.044  -29.492 0.0000000000
87465  -30.884  11.155  -31.758 0.0000000000
87474  -32.668  9.990  -31.560 0.0000000000
87468  -33.114  10.259  -30.839 0.0000000000
87461  -33.496  10.486  -29.856 0.0000000000
86603  -33.727  9.631  -29.091 0.0000000000
84902  -32.440  7.435  -33.188 0.0000000000
84899  -32.760  7.474  -32.852 0.0000000000
84892  -33.144  7.529  -32.158 0.0000000000
83997  -33.402  6.547  -31.772 0.0000000000
84875  -33.669  8.116  -30.360 0.0000000000
83026  -34.566  5.614  -28.382 0.0000000000
79733  -32.058  1.869  -32.170 0.0000000000
79745  -32.772  1.912  -32.670 0.0000000000
77271  -33.844  -0.530  -31.197 0.0000000000
78161  -33.598  0.013  -31.513 0.0000000000
80509  -34.117  2.390  -31.415 0.0000000000
81276  -35.041  3.808  -27.767 0.0000000000
72614  -28.179  -6.673  -30.299 0.0000000000
72615  -28.889  -6.526  -30.676 0.0000000000
71668  -29.488  -7.152  -30.693 0.0000000000
71669  -30.369  -7.088  -31.076 0.0000000000
71660  -30.880  -7.037  -30.436 0.0000000000
71682  -31.179  -6.644  -31.621 0.0000000000
72617  -30.348  -6.668  -31.636 0.0000000000
72626  -31.302  -6.205  -31.889 0.0000000000
72631  -30.974  -6.089  -32.150 0.0000000000
72632  -31.207  -6.051  -32.083 0.0000000000
73549  -30.385  -5.419  -32.057 0.0000000000
73551  -31.611  -5.435  -31.660 0.0000000000
73557  -30.822  -5.729  -32.174 0.0000000000
73558  -31.175  -5.769  -32.083 0.0000000000
74445  -30.683  -4.102  -31.384 0.0000000000
74447  -33.450  -4.116  -29.938 0.0000000000
76307  -34.875  -2.872  -29.037 0.0000000000
77241  -35.131  -1.731  -29.246 0.0000000000
78956  -32.801  1.326  -32.385 0.0000000000
79679  -35.850  1.353  -26.785 0.0000000000
79728  -34.473  1.721  -30.901 0.0000000000
79746  -33.237  1.718  -32.445 0.0000000000
81342  -33.584  3.577  -32.052 0.0000000000
82188  -33.119  4.691  -32.897 0.0000000000
83084  -32.637  6.261  -33.410 0.0000000000
84003  -32.303  6.885  -33.385 0.0000000000
84004  -32.725  6.787  -33.344 0.0000000000
84898  -32.441  7.821  -32.950 0.0000000000
84901  -32.057  7.531  -33.274 0.0000000000
84903  -32.778  7.094  -33.194 0.0000000000
85756  -32.256  7.972  -33.026 0.0000000000
87479  -32.108  9.841  -32.474 0.0000000000
88234  -30.857  10.541  -29.163 0.0000000000
92596  -29.140  17.745  -24.880 0.0000000000
94688  -27.825  20.207  -25.496 0.0000000000
