#!ascii label  , from subject demencia vox2ras=TkReg
802
65320  -24.506  -14.744  -26.965 0.4285714328
66221  -24.884  -13.166  -27.223 0.2857142985
66209  -24.804  -13.778  -26.763 0.4285714328
67168  -25.557  -13.180  -26.102 0.4285714328
67189  -25.980  -12.350  -26.208 0.4285714328
68213  -25.580  -12.005  -27.406 0.2857142985
68214  -26.176  -11.578  -26.756 0.4285714328
68215  -26.845  -11.278  -26.162 0.4285714328
69123  -26.362  -10.858  -27.887 0.4285714328
69124  -26.738  -10.453  -27.493 0.4285714328
69932  -27.231  -9.653  -28.741 0.4285714328
69933  -27.949  -9.200  -28.581 0.4285714328
70793  -27.526  -8.726  -29.340 0.5714285970
70784  -27.882  -9.037  -28.954 0.5714285970
70785  -28.395  -8.687  -28.590 0.4285714328
70786  -28.920  -8.374  -28.220 0.2857142985
71648  -28.468  -8.343  -29.088 0.7142857313
71649  -29.049  -7.994  -28.823 0.7142857313
71650  -30.173  -7.300  -28.988 0.7142857313
72593  -30.690  -6.863  -28.975 0.4285714328
71658  -29.299  -7.475  -29.797 0.7142857313
72606  -31.450  -6.226  -30.168 0.5714285970
71659  -30.150  -7.078  -30.127 0.5714285970
71660  -30.880  -7.037  -30.436 0.5714285970
71670  -31.139  -6.860  -31.067 0.5714285970
71669  -30.369  -7.088  -31.076 0.5714285970
72607  -32.066  -5.640  -29.855 0.4285714328
73541  -32.334  -5.130  -30.897 0.5714285970
74432  -33.215  -4.582  -29.941 0.5714285970
73559  -31.368  -5.908  -31.981 0.7142857313
74446  -33.033  -4.369  -30.501 0.7142857313
75358  -33.906  -3.662  -29.477 0.5714285970
73540  -31.798  -5.762  -30.909 0.5714285970
73539  -29.700  -5.447  -31.547 0.5714285970
74457  -32.453  -4.320  -31.124 0.8571428657
75374  -33.573  -3.390  -30.324 0.7142857313
75359  -34.506  -3.145  -29.361 0.5714285970
74456  -31.828  -4.353  -31.452 0.7142857313
74455  -31.033  -4.452  -31.723 0.5714285970
76334  -34.153  -2.286  -30.444 0.7142857313
76317  -34.789  -2.449  -29.634 0.5714285970
75373  -32.844  -3.547  -30.846 0.7142857313
77240  -34.781  -1.379  -29.710 0.5714285970
76333  -33.132  -2.595  -30.815 0.7142857313
76332  -32.596  -3.025  -30.965 0.5714285970
77258  -33.561  -1.736  -30.899 0.7142857313
78151  -34.533  -0.270  -30.302 0.7142857313
77230  -34.970  -0.868  -29.163 0.7142857313
77270  -33.393  -0.918  -31.243 0.7142857313
77259  -34.103  -1.052  -30.746 0.7142857313
78918  -34.686  0.542  -29.838 0.7142857313
77271  -33.844  -0.530  -31.197 0.7142857313
76342  -32.295  -2.396  -31.193 0.5714285970
80478  -34.568  2.199  -29.633 0.5714285970
80466  -34.806  2.442  -28.731 0.5714285970
78161  -33.598  0.013  -31.513 0.8571428657
80496  -34.408  2.457  -30.503 0.7142857313
78945  -33.906  0.824  -31.494 0.8571428657
79736  -34.190  1.489  -31.367 0.7142857313
81326  -33.955  3.604  -31.115 0.8571428657
81306  -34.435  3.356  -29.659 0.5714285970
80509  -34.117  2.390  -31.415 0.8571428657
80508  -33.736  2.664  -31.972 0.8571428657
83072  -33.443  5.578  -32.306 0.8571428657
83058  -33.567  5.571  -31.373 0.8571428657
84000  -33.285  6.596  -32.688 0.8571428657
81343  -33.838  3.039  -31.667 0.8571428657
83085  -32.949  6.352  -33.377 1.0000000000
82178  -33.347  4.630  -32.559 0.8571428657
84005  -33.053  6.682  -33.193 1.0000000000
83081  -33.138  5.655  -33.144 1.0000000000
85755  -32.170  7.824  -33.160 1.0000000000
85740  -31.449  8.465  -31.641 0.7142857313
84902  -32.440  7.435  -33.188 1.0000000000
83999  -31.845  6.890  -33.243 1.0000000000
85751  -32.040  8.352  -33.069 1.0000000000
87459  -30.583  10.866  -30.946 1.0000000000
87453  -30.972  10.044  -29.492 0.8571428657
88233  -30.645  11.220  -28.837 0.8571428657
88238  -30.449  11.580  -30.208 1.0000000000
91129  -30.123  14.951  -28.856 0.8571428657
89754  -30.417  13.209  -28.679 0.8571428657
89060  -30.344  12.348  -29.402 1.0000000000
91857  -29.490  16.912  -27.687 0.8571428657
91116  -29.904  15.914  -28.229 0.8571428657
91104  -29.926  15.888  -26.931 0.5714285970
92619  -29.118  17.779  -27.032 0.7142857313
91830  -29.200  17.340  -24.476 0.5714285970
91841  -29.557  16.749  -25.390 0.5714285970
92587  -29.008  17.827  -24.261 0.4285714328
94019  -28.386  19.636  -24.587 0.4285714328
94030  -28.194  19.609  -25.374 0.4285714328
94007  -27.662  19.755  -22.832 0.2857142985
94018  -28.220  19.754  -23.705 0.2857142985
94001  -27.324  19.653  -21.976 0.2857142985
67188  -25.434  -12.684  -26.915 0.2857142985
75375  -34.273  -3.038  -29.929 0.5714285970
78932  -34.488  0.797  -30.804 0.7142857313
79713  -34.599  1.495  -30.152 0.7142857313
82164  -33.770  4.764  -30.963 0.8571428657
83997  -33.402  6.547  -31.772 0.8571428657
86621  -31.501  9.441  -32.023 0.8571428657
93992  -28.593  19.531  -20.852 0.1428571492
67200  -25.124  -12.661  -27.683 0.2857142985
68225  -25.515  -11.848  -27.964 0.2857142985
68226  -26.004  -11.430  -27.612 0.2857142985
69107  -26.369  -10.888  -27.248 0.4285714328
69903  -27.691  -9.575  -26.908 0.4285714328
69137  -26.246  -10.629  -28.487 0.2857142985
69921  -28.121  -9.235  -27.822 0.4285714328
70794  -28.137  -8.616  -29.190 0.5714285970
71657  -28.316  -8.029  -29.651 0.2857142985
71668  -29.488  -7.152  -30.693 0.5714285970
73517  -32.795  -5.327  -29.091 0.4285714328
72616  -29.651  -6.454  -31.330 0.7142857313
72625  -30.782  -6.476  -31.975 0.7142857313
73527  -32.053  -5.575  -30.355 0.7142857313
73528  -32.741  -5.161  -29.840 0.5714285970
73529  -33.043  -5.041  -29.233 0.4285714328
74454  -30.621  -4.891  -31.944 0.5714285970
73550  -30.965  -5.273  -32.088 0.5714285970
75384  -31.415  -3.427  -31.261 0.5714285970
76318  -35.047  -1.962  -29.441 0.5714285970
78138  -34.789  -0.344  -29.474 0.5714285970
78162  -34.189  -0.075  -31.113 0.7142857313
82144  -34.186  4.623  -30.132 0.5714285970
84899  -32.760  7.474  -32.852 1.0000000000
83080  -32.433  5.584  -33.138 1.0000000000
84891  -31.518  7.603  -32.180 0.8571428657
86617  -31.390  9.346  -31.032 0.7142857313
87460  -31.105  10.127  -30.468 0.7142857313
87466  -31.258  10.300  -31.423 1.0000000000
86612  -31.158  9.210  -29.884 0.7142857313
88239  -30.800  10.752  -29.876 0.8571428657
90411  -30.556  14.095  -28.081 0.8571428657
93335  -28.581  18.917  -24.968 0.7142857313
91099  -29.784  15.761  -25.580 0.5714285970
92607  -29.248  17.570  -25.748 0.7142857313
93347  -28.576  18.344  -26.432 0.7142857313
91829  -29.055  17.066  -24.056 0.4285714328
93346  -28.204  18.976  -25.897 0.4285714328
94680  -28.167  20.050  -25.008 0.4285714328
94669  -27.762  20.803  -23.367 0.2857142985
94679  -27.903  20.596  -24.604 0.4285714328
71667  -28.666  -7.288  -30.335 0.4285714328
72615  -28.889  -6.526  -30.676 0.4285714328
93324  -28.880  18.293  -24.683 0.7142857313
66220  -24.430  -13.616  -27.359 0.2857142985
69138  -26.740  -10.276  -28.064 0.4285714328
69920  -27.233  -9.897  -27.535 0.4285714328
69943  -27.037  -9.155  -29.352 0.4285714328
71681  -30.794  -6.840  -31.530 0.5714285970
72618  -31.496  -6.269  -31.267 0.5714285970
74433  -33.411  -4.531  -29.319 0.5714285970
72630  -30.607  -6.005  -32.180 0.7142857313
73552  -32.107  -4.844  -31.362 0.7142857313
72624  -30.141  -6.158  -31.998 0.7142857313
75385  -32.258  -3.527  -31.210 0.5714285970
76343  -33.008  -1.767  -31.127 0.8571428657
77269  -32.630  -1.110  -31.240 0.8571428657
81325  -33.697  3.875  -31.677 0.8571428657
82163  -33.628  4.503  -31.774 0.8571428657
79735  -33.707  1.791  -31.961 0.8571428657
84897  -31.701  7.641  -32.945 1.0000000000
91117  -30.450  15.053  -27.517 0.8571428657
91849  -29.614  16.790  -26.376 0.7142857313
93336  -28.792  18.291  -25.401 0.5714285970
91834  -29.351  17.138  -24.882 0.5714285970
92586  -28.628  17.795  -23.725 0.4285714328
93323  -28.716  18.739  -24.070 0.4285714328
93322  -28.145  18.661  -23.312 0.2857142985
94002  -28.045  20.180  -21.447 0.1428571492
68236  -25.923  -11.283  -28.131 0.2857142985
71666  -27.957  -7.370  -30.119 0.2857142985
96621  -27.149  23.356  -25.998 0.2857142985
97251  -27.387  24.569  -23.794 0.1428571492
95982  -27.003  22.426  -25.641 0.2857142985
96608  -26.987  23.488  -24.094 0.1428571492
95318  -27.658  21.708  -24.037 0.1428571492
95325  -27.378  21.608  -25.126 0.2857142985
95968  -27.546  22.674  -23.639 0.1428571492
95343  -26.464  21.878  -27.519 0.2857142985
93405  -26.915  19.078  -30.176 0.2857142985
94059  -26.741  20.083  -28.238 0.2857142985
97243  -27.679  24.374  -23.224 0.1428571492
94687  -27.441  20.806  -25.679 0.2857142985
92630  -27.689  18.186  -28.540 0.2857142985
95344  -26.513  21.403  -27.132 0.2857142985
95333  -26.951  21.511  -26.191 0.2857142985
91886  -28.462  17.035  -30.558 0.1428571492
93377  -27.445  18.554  -28.274 0.2857142985
94047  -27.304  19.923  -27.272 0.2857142985
94695  -27.143  20.588  -26.642 0.2857142985
91906  -29.041  17.301  -32.576 0.1428571492
91896  -28.011  17.492  -32.065 0.1428571492
92641  -27.985  17.765  -29.642 0.4285714328
93362  -28.232  18.347  -27.541 0.2857142985
90431  -29.582  14.471  -31.345 0.2857142985
91872  -29.267  16.879  -29.207 0.4285714328
92631  -28.307  17.886  -28.332 0.2857142985
89771  -30.590  13.858  -32.086 0.1428571492
91144  -28.848  16.132  -31.255 0.2857142985
91137  -29.751  15.237  -29.609 0.5714285970
89072  -31.310  12.919  -31.652 0.1428571492
89770  -29.973  13.624  -31.894 0.1428571492
91128  -29.751  15.750  -29.229 0.7142857313
89067  -32.203  12.612  -30.977 0.2857142985
88254  -31.190  11.886  -32.115 0.7142857313
89070  -30.293  12.699  -31.539 0.8571428657
89760  -30.131  13.359  -29.851 0.5714285970
88247  -32.590  11.752  -30.877 0.2857142985
89765  -29.954  13.525  -30.964 0.7142857313
89748  -30.555  13.195  -27.448 0.5714285970
88248  -33.027  11.132  -30.439 0.1428571492
87461  -33.496  10.486  -29.856 0.1428571492
81324  -31.345  3.538  -30.742 0.5714285970
83079  -31.855  6.124  -33.005 0.8571428657
83996  -31.598  6.804  -32.641 0.8571428657
83070  -31.782  5.926  -32.246 0.4285714328
83988  -31.572  6.659  -31.708 0.5714285970
87478  -32.020  9.751  -32.609 0.8571428657
87465  -30.884  11.155  -31.758 0.8571428657
87468  -33.114  10.259  -30.839 0.2857142985
87472  -31.668  10.499  -32.052 0.8571428657
87471  -31.070  11.405  -32.085 0.8571428657
89066  -30.155  12.523  -30.602 0.8571428657
86603  -33.727  9.631  -29.091 0.4285714328
87473  -32.256  10.230  -32.056 0.7142857313
88255  -31.993  11.566  -31.715 0.7142857313
82176  -32.130  4.890  -31.941 0.5714285970
82162  -31.635  4.579  -30.991 0.5714285970
83083  -32.153  6.334  -33.324 0.8571428657
86629  -32.285  9.248  -32.786 0.8571428657
86628  -31.851  9.351  -32.670 0.8571428657
86618  -33.145  9.411  -31.304 0.4285714328
86623  -32.677  9.336  -32.285 0.8571428657
85736  -33.712  8.647  -29.794 0.4285714328
77257  -31.109  -1.369  -30.504 0.7142857313
78931  -31.083  0.632  -30.614 0.4285714328
77268  -31.859  -1.284  -31.051 0.7142857313
78943  -32.482  0.830  -32.022 0.8571428657
79727  -31.483  1.622  -30.991 0.5714285970
80495  -31.674  2.650  -31.352 0.5714285970
80494  -31.038  2.493  -30.491 0.4285714328
79745  -32.772  1.912  -32.670 0.8571428657
80507  -32.053  2.864  -32.072 0.5714285970
81340  -31.897  3.692  -31.713 0.5714285970
81357  -33.097  3.814  -32.720 0.8571428657
81356  -32.599  3.754  -32.623 0.7142857313
81355  -32.262  3.411  -32.296 0.5714285970
83989  -33.647  6.485  -30.845 0.7142857313
84885  -33.522  7.566  -31.008 0.7142857313
85753  -32.771  8.390  -32.519 0.7142857313
86630  -32.580  8.890  -32.745 0.8571428657
84861  -34.107  7.550  -28.939 0.2857142985
84876  -33.933  7.582  -29.915 0.4285714328
84875  -33.669  8.116  -30.360 0.5714285970
76331  -30.693  -2.338  -30.718 0.4285714328
78149  -30.576  -0.377  -30.584 0.4285714328
78160  -32.924  -0.093  -31.645 0.7142857313
78944  -33.217  0.973  -32.062 0.7142857313
80519  -33.307  2.597  -32.477 0.8571428657
83059  -33.906  5.628  -30.476 0.7142857313
83968  -34.246  6.638  -28.638 0.2857142985
83990  -34.063  6.572  -30.119 0.5714285970
75383  -30.926  -3.895  -31.334 0.4285714328
75370  -29.576  -3.534  -30.784 0.5714285970
76341  -31.397  -2.291  -30.997 0.5714285970
82130  -34.594  4.610  -29.053 0.4285714328
83026  -34.566  5.614  -28.382 0.4285714328
83043  -34.231  5.787  -29.445 0.4285714328
73538  -29.042  -5.584  -30.814 0.5714285970
76308  -35.245  -2.226  -28.999 0.4285714328
77231  -35.419  -1.309  -28.808 0.4285714328
80467  -35.349  2.170  -28.094 0.4285714328
79705  -34.776  1.306  -29.151 0.4285714328
81295  -35.156  2.964  -27.932 0.4285714328
81294  -34.794  3.628  -28.519 0.4285714328
69922  -28.699  -8.803  -27.472 0.1428571492
78132  -35.175  -0.334  -28.840 0.4285714328
78912  -35.401  0.639  -28.456 0.4285714328
79696  -35.641  1.441  -27.800 0.4285714328
71637  -29.286  -8.203  -28.207 0.1428571492
71638  -29.838  -7.926  -28.152 0.1428571492
72595  -32.214  -5.772  -29.042 0.2857142985
75340  -35.186  -3.229  -27.742 0.2857142985
77211  -36.362  -1.421  -26.500 0.2857142985
76300  -35.825  -2.255  -28.060 0.2857142985
75347  -33.861  -4.033  -28.932 0.4285714328
78126  -36.305  -0.557  -26.812 0.2857142985
76301  -36.161  -1.709  -27.631 0.2857142985
75349  -35.167  -2.860  -28.503 0.2857142985
78903  -36.241  -0.021  -27.080 0.2857142985
78133  -35.797  -0.371  -28.223 0.4285714328
70761  -29.815  -8.649  -26.995 0.1428571492
70775  -30.261  -8.238  -27.494 0.1428571492
70773  -28.654  -8.656  -27.930 0.1428571492
71639  -30.961  -7.401  -27.840 0.2857142985
72580  -31.630  -6.863  -28.066 0.2857142985
73510  -33.748  -5.260  -27.846 0.2857142985
74414  -34.277  -4.647  -27.405 0.2857142985
74413  -34.013  -4.658  -27.903 0.2857142985
73518  -33.237  -5.181  -28.683 0.2857142985
75339  -34.574  -3.902  -27.538 0.2857142985
71641  -32.980  -7.037  -27.805 0.2857142985
71626  -31.325  -7.958  -27.272 0.2857142985
71640  -32.087  -7.161  -27.639 0.2857142985
71651  -30.741  -6.987  -28.612 0.2857142985
72582  -33.118  -6.101  -28.246 0.2857142985
68190  -26.556  -11.890  -26.015 0.2857142985
69902  -27.260  -9.885  -27.002 0.2857142985
69904  -28.850  -9.097  -26.624 0.1428571492
65321  -24.924  -14.737  -26.493 0.2857142985
64462  -25.166  -15.598  -26.322 0.2857142985
64461  -24.732  -15.346  -26.857 0.2857142985
69083  -27.234  -10.954  -25.984 0.2857142985
65306  -25.362  -14.742  -25.811 0.1428571492
63576  -24.790  -15.974  -26.990 0.2857142985
71642  -33.419  -6.703  -27.643 0.2857142985
75331  -34.557  -4.217  -27.017 0.2857142985
76289  -35.839  -2.914  -27.037 0.2857142985
77222  -36.045  -1.240  -27.965 0.2857142985
78889  -36.212  0.464  -26.530 0.2857142985
78942  -31.757  0.711  -31.396 0.7142857313
80517  -32.400  2.827  -32.461 0.5714285970
83979  -34.140  6.833  -29.403 0.5714285970
85746  -33.177  8.518  -31.750 0.7142857313
91105  -30.190  14.996  -26.301 0.4285714328
90418  -30.308  14.045  -29.160 0.7142857313
85737  -33.911  8.207  -29.209 0.2857142985
88253  -30.618  11.949  -32.016 0.8571428657
93361  -27.784  19.203  -27.143 0.2857142985
90430  -29.209  15.146  -30.855 0.4285714328
96600  -28.147  23.656  -22.555 0.1428571492
94704  -26.527  21.460  -27.817 0.2857142985
66191  -25.250  -14.044  -26.102 0.1428571492
66208  -24.415  -14.231  -27.125 0.2857142985
67169  -26.505  -12.665  -25.471 0.1428571492
69109  -28.148  -9.815  -26.198 0.1428571492
69108  -27.065  -10.412  -26.641 0.2857142985
70762  -30.609  -8.682  -26.971 0.1428571492
70763  -31.464  -8.443  -26.845 0.1428571492
72594  -31.243  -6.540  -28.748 0.2857142985
72581  -32.231  -6.572  -28.248 0.2857142985
74406  -34.523  -4.695  -26.541 0.2857142985
75332  -35.032  -3.739  -26.681 0.2857142985
75371  -30.555  -3.429  -31.035 0.5714285970
74422  -33.823  -4.482  -28.438 0.2857142985
77256  -30.155  -1.407  -30.649 0.2857142985
79680  -36.043  1.055  -26.401 0.2857142985
78150  -31.529  -0.300  -30.736 0.7142857313
78159  -32.240  -0.193  -31.312 0.5714285970
79726  -30.544  1.518  -30.617 0.4285714328
78888  -36.045  0.770  -26.926 0.4285714328
81323  -30.372  3.453  -30.348 0.2857142985
78911  -34.881  0.346  -29.106 0.4285714328
79733  -32.058  1.869  -32.170 0.7142857313
81277  -35.294  3.396  -27.073 0.1428571492
82120  -35.053  4.443  -27.263 0.4285714328
83015  -35.066  5.039  -26.797 0.1428571492
85752  -32.425  8.353  -32.848 0.8571428657
83014  -34.869  5.486  -27.391 0.1428571492
84886  -33.833  7.059  -30.475 0.5714285970
85741  -33.464  8.646  -30.761 0.5714285970
87474  -32.668  9.990  -31.560 0.7142857313
88246  -30.354  11.771  -31.294 0.8571428657
87454  -33.625  10.665  -28.853 0.2857142985
88241  -33.265  11.494  -29.409 0.1428571492
87467  -32.616  10.842  -31.314 0.4285714328
88240  -32.863  11.837  -30.120 0.1428571492
89071  -30.636  12.813  -31.957 0.5714285970
89061  -32.625  12.382  -30.293 0.1428571492
95958  -27.816  22.748  -23.047 0.1428571492
90438  -29.738  14.865  -32.188 0.1428571492
90437  -29.303  15.358  -31.567 0.2857142985
91151  -29.201  16.267  -31.933 0.1428571492
92656  -27.138  18.327  -29.846 0.2857142985
92657  -27.505  18.203  -30.779 0.1428571492
67154  -27.305  -12.990  -24.812 0.1428571492
69884  -29.540  -9.360  -26.079 0.1428571492
84852  -34.267  7.517  -28.057 0.2857142985
91905  -28.151  18.038  -33.037 0.1428571492
65333  -24.252  -14.683  -27.261 0.2857142985
70774  -29.279  -8.442  -27.606 0.1428571492
72605  -30.780  -6.876  -29.595 0.4285714328
84892  -33.144  7.529  -32.158 0.7142857313
82187  -32.825  4.699  -32.934 0.8571428657
85745  -31.619  8.508  -32.551 0.8571428657
94696  -27.475  20.333  -26.025 0.2857142985
72596  -32.818  -5.579  -28.728 0.2857142985
82177  -32.444  4.739  -32.638 0.5714285970
94039  -27.644  19.831  -26.374 0.2857142985
78957  -33.018  1.452  -32.497 0.8571428657
97258  -27.177  24.277  -25.008 0.1428571492
96614  -26.945  23.229  -25.053 0.2857142985
95975  -27.259  22.538  -24.596 0.2857142985
95990  -26.702  22.319  -26.925 0.2857142985
93392  -26.738  18.722  -29.319 0.2857142985
93376  -27.136  19.417  -27.892 0.2857142985
96599  -27.709  23.606  -23.177 0.1428571492
92640  -27.453  18.192  -29.005 0.2857142985
94705  -26.717  20.752  -27.636 0.2857142985
93360  -27.398  19.506  -27.468 0.2857142985
91136  -29.307  15.720  -30.184 0.4285714328
90439  -30.811  15.003  -31.884 0.1428571492
90424  -29.396  15.119  -30.421 0.4285714328
90425  -29.740  14.594  -30.162 0.5714285970
81341  -32.277  4.072  -32.305 0.5714285970
83071  -32.111  5.448  -32.659 0.5714285970
83056  -31.321  5.243  -30.544 0.4285714328
86622  -32.299  9.644  -32.487 0.8571428657
86613  -33.532  9.537  -30.301 0.5714285970
79734  -32.530  1.473  -32.381 0.7142857313
79744  -32.495  2.356  -32.588 0.7142857313
80518  -32.765  2.857  -32.701 0.8571428657
75372  -31.013  -2.882  -31.027 0.5714285970
76330  -29.839  -2.464  -30.699 0.5714285970
83962  -34.517  6.528  -27.727 0.2857142985
79706  -35.234  1.603  -28.466 0.4285714328
80453  -35.486  2.302  -27.371 0.4285714328
81276  -35.041  3.808  -27.767 0.4285714328
75348  -34.438  -3.575  -28.545 0.2857142985
74423  -34.238  -4.255  -27.967 0.2857142985
78902  -36.013  0.488  -27.444 0.4285714328
69905  -30.015  -8.985  -26.424 0.1428571492
70776  -30.974  -8.224  -27.363 0.1428571492
64447  -25.524  -15.459  -25.527 0.1428571492
63577  -25.141  -16.216  -26.392 0.1428571492
65307  -25.828  -14.752  -25.099 0.1428571492
82119  -34.909  4.611  -28.079 0.2857142985
66179  -26.276  -14.110  -24.828 0.1428571492
67170  -27.248  -12.352  -25.173 0.1428571492
95310  -27.859  21.927  -22.949 0.1428571492
89054  -30.530  12.278  -28.123 0.5714285970
87437  -30.287  10.658  -28.077 0.4285714328
87452  -30.528  10.050  -28.548 0.4285714328
85734  -30.898  8.226  -29.602 0.4285714328
86602  -30.712  9.459  -29.152 0.4285714328
84884  -31.504  7.478  -31.131 0.5714285970
77201  -36.425  -1.588  -25.592 0.1428571492
78113  -36.437  -0.606  -26.007 0.1428571492
70792  -26.695  -8.558  -29.344 0.2857142985
76290  -36.239  -2.034  -27.135 0.1428571492
76239  -36.539  -2.418  -24.006 0.1428571492
76257  -36.243  -2.652  -24.955 0.1428571492
77172  -36.635  -1.349  -23.777 0.1428571492
77185  -36.519  -1.559  -24.681 0.1428571492
77165  -36.808  -1.029  -22.729 0.1428571492
75320  -35.466  -3.895  -25.671 0.1428571492
75321  -35.855  -3.181  -25.549 0.1428571492
76274  -35.685  -3.229  -26.215 0.1428571492
75274  -36.660  -3.551  -22.804 0.1428571492
76218  -37.869  -1.886  -20.650 0.1428571492
76230  -36.720  -2.008  -22.079 0.1428571492
77152  -37.516  -1.044  -21.035 0.1428571492
69942  -26.593  -9.296  -29.221 0.2857142985
69941  -26.084  -9.274  -29.097 0.2857142985
72571  -34.352  -6.493  -26.689 0.1428571492
73505  -34.501  -5.624  -26.155 0.1428571492
73511  -34.241  -5.518  -27.037 0.1428571492
74407  -34.971  -4.381  -25.985 0.1428571492
74382  -36.388  -4.705  -24.311 0.1428571492
74395  -35.316  -4.767  -25.424 0.1428571492
75289  -36.591  -3.641  -23.930 0.1428571492
75309  -35.654  -4.313  -25.195 0.1428571492
74367  -36.732  -4.367  -22.928 0.1428571492
74325  -36.940  -4.830  -21.957 0.1428571492
74305  -38.017  -4.205  -20.670 0.1428571492
76217  -37.590  -2.241  -21.427 0.1428571492
69931  -26.211  -9.865  -28.900 0.2857142985
69136  -25.555  -10.554  -28.581 0.2857142985
71629  -33.725  -7.341  -27.114 0.1428571492
73481  -35.969  -5.505  -24.466 0.1428571492
73495  -34.958  -5.559  -25.487 0.1428571492
74366  -36.646  -4.812  -23.328 0.1428571492
74344  -36.765  -5.319  -22.830 0.1428571492
75247  -38.919  -3.005  -20.070 0.1428571492
75246  -38.300  -3.071  -20.507 0.1428571492
71628  -32.759  -7.611  -27.097 0.1428571492
70765  -33.318  -8.298  -26.672 0.1428571492
71609  -34.590  -7.551  -25.397 0.1428571492
71619  -34.434  -7.484  -26.302 0.1428571492
72533  -35.881  -7.037  -23.952 0.1428571492
72562  -34.674  -6.517  -25.549 0.1428571492
72551  -36.016  -6.010  -24.108 0.1428571492
72563  -35.142  -6.014  -25.128 0.1428571492
73482  -36.380  -5.567  -23.864 0.1428571492
74326  -38.023  -5.000  -21.155 0.1428571492
73451  -36.899  -5.669  -22.607 0.1428571492
74306  -39.252  -4.029  -19.946 0.1428571492
74327  -38.892  -5.044  -21.090 0.1428571492
71627  -31.820  -7.731  -27.088 0.1428571492
70752  -34.535  -8.376  -25.857 0.1428571492
70766  -34.111  -8.408  -26.578 0.1428571492
72549  -34.745  -7.003  -24.932 0.1428571492
72534  -36.347  -6.588  -23.702 0.1428571492
73468  -36.749  -5.841  -23.162 0.1428571492
73469  -37.097  -6.224  -22.665 0.1428571492
74346  -37.174  -5.526  -22.070 0.1428571492
70753  -34.878  -8.919  -25.407 0.1428571492
69889  -34.358  -9.464  -25.961 0.1428571492
70742  -35.545  -8.612  -24.676 0.1428571492
69890  -35.506  -9.674  -25.386 0.1428571492
71594  -36.306  -7.559  -23.754 0.1428571492
70727  -36.168  -8.243  -24.019 0.1428571492
73452  -37.228  -5.970  -22.216 0.1428571492
72535  -37.137  -6.762  -23.068 0.1428571492
70741  -34.716  -8.270  -25.116 0.1428571492
72550  -35.445  -6.508  -24.518 0.1428571492
74282  -39.296  -3.468  -20.058 0.1428571492
75224  -39.583  -3.029  -20.079 0.1428571492
75263  -37.676  -3.747  -21.035 0.1428571492
75273  -36.498  -2.990  -23.478 0.1428571492
75262  -37.308  -3.865  -21.449 0.1428571492
76275  -36.172  -2.454  -26.149 0.1428571492
78100  -36.507  -0.802  -25.225 0.1428571492
73453  -37.914  -6.325  -21.741 0.1428571492
73428  -38.625  -5.835  -21.308 0.1428571492
74283  -39.627  -3.605  -20.145 0.1428571492
76181  -40.010  -2.472  -20.141 0.1428571492
85735  -31.398  8.347  -30.534 0.4285714328
76202  -39.284  -2.144  -20.067 0.1428571492
76201  -38.245  -1.844  -20.389 0.1428571492
77166  -37.127  -1.099  -21.724 0.1428571492
77153  -38.064  -0.853  -20.359 0.1428571492
78874  -36.438  0.272  -25.345 0.1428571492
89047  -30.339  12.404  -26.961 0.4285714328
90397  -30.558  14.120  -26.783 0.4285714328
93406  -27.991  19.207  -30.705 0.1428571492
94086  -26.797  19.876  -29.772 0.1428571492
72583  -33.785  -6.259  -27.436 0.1428571492
70764  -32.407  -8.306  -26.611 0.1428571492
79662  -35.792  1.918  -26.206 0.1428571492
80435  -35.590  2.482  -26.533 0.1428571492
76229  -36.554  -2.244  -23.138 0.1428571492
78083  -36.603  -0.521  -24.490 0.1428571492
78076  -36.757  -0.243  -23.583 0.1428571492
75310  -35.967  -3.861  -24.889 0.1428571492
74394  -34.716  -4.961  -25.806 0.1428571492
74381  -35.834  -4.771  -24.885 0.1428571492
73496  -35.489  -5.517  -24.998 0.1428571492
75290  -36.718  -4.106  -23.279 0.1428571492
74345  -36.854  -4.941  -22.230 0.1428571492
69909  -33.701  -9.113  -26.582 0.1428571492
71593  -35.613  -7.601  -24.117 0.1428571492
71610  -34.879  -7.606  -24.585 0.1428571492
71595  -37.019  -7.570  -23.371 0.1428571492
72521  -37.654  -6.848  -22.333 0.1428571492
63559  -24.200  -16.338  -26.390 0.1428571492
63575  -24.364  -15.649  -27.099 0.1428571492
65305  -23.067  -14.783  -26.138 0.1428571492
64460  -23.781  -15.391  -27.066 0.1428571492
64472  -24.403  -15.415  -27.181 0.1428571492
64471  -24.183  -15.235  -27.321 0.1428571492
67199  -24.654  -12.670  -27.918 0.1428571492
66219  -23.951  -13.335  -27.568 0.1428571492
67210  -24.668  -11.892  -28.407 0.1428571492
68235  -25.427  -11.440  -28.361 0.1428571492
67187  -23.736  -12.295  -27.421 0.1428571492
68223  -24.375  -11.357  -27.801 0.1428571492
68234  -24.859  -11.327  -28.486 0.1428571492
69122  -24.627  -10.345  -27.781 0.1428571492
69929  -24.852  -9.460  -28.025 0.1428571492
69930  -25.523  -9.537  -28.675 0.1428571492
70782  -25.928  -8.557  -28.913 0.2857142985
70791  -26.294  -8.948  -29.276 0.1428571492
71656  -27.332  -7.723  -29.622 0.1428571492
74443  -29.270  -4.560  -30.832 0.4285714328
74444  -30.215  -4.491  -31.459 0.4285714328
83978  -31.253  6.444  -30.654 0.2857142985
84874  -31.122  7.367  -30.085 0.2857142985
86587  -28.767  9.781  -27.512 0.2857142985
87436  -29.446  9.962  -27.883 0.2857142985
88224  -30.080  11.421  -27.419 0.2857142985
88209  -30.071  12.020  -26.670 0.4285714328
71646  -25.354  -7.609  -28.460 0.1428571492
71647  -26.052  -7.663  -28.782 0.2857142985
69121  -24.061  -10.406  -27.099 0.1428571492
70781  -25.119  -8.543  -28.304 0.1428571492
72591  -25.597  -6.830  -28.637 0.2857142985
71655  -26.619  -7.659  -29.134 0.2857142985
72592  -26.286  -7.012  -28.801 0.2857142985
72603  -26.806  -6.687  -29.305 0.2857142985
72614  -28.179  -6.673  -30.299 0.2857142985
73537  -28.338  -5.827  -30.308 0.4285714328
74442  -28.166  -4.604  -30.275 0.2857142985
83042  -31.266  5.756  -30.617 0.2857142985
83977  -30.408  6.557  -29.982 0.2857142985
84873  -30.072  7.482  -29.558 0.2857142985
86611  -30.607  8.871  -29.281 0.2857142985
86600  -29.272  9.171  -27.979 0.2857142985
86599  -28.097  9.401  -27.877 0.2857142985
72604  -27.536  -6.761  -29.905 0.2857142985
83040  -29.806  5.809  -29.827 0.2857142985
84860  -29.509  7.911  -29.089 0.2857142985
85719  -29.428  8.458  -28.638 0.2857142985
85720  -30.096  8.343  -29.147 0.2857142985
85718  -28.562  8.556  -28.515 0.2857142985
87451  -29.883  9.582  -28.195 0.2857142985
84872  -29.104  7.336  -29.207 0.2857142985
84859  -28.865  7.977  -28.910 0.2857142985
67212  -25.166  -12.214  -28.208 0.1428571492
65332  -23.972  -14.514  -27.427 0.1428571492
86601  -30.080  9.129  -28.694 0.2857142985
69135  -24.996  -10.370  -28.387 0.1428571492
67198  -24.397  -12.228  -28.084 0.1428571492
68224  -24.720  -10.877  -28.171 0.1428571492
84858  -28.449  8.154  -28.988 0.2857142985
76329  -28.903  -2.517  -30.737 0.2857142985
95345  -29.117  21.946  -27.062 0.1428571492
94706  -29.265  20.984  -27.229 0.1428571492
95354  -27.776  21.751  -27.881 0.1428571492
94720  -26.895  20.577  -28.913 0.1428571492
95334  -29.508  22.226  -26.513 0.1428571492
94714  -26.860  20.996  -28.343 0.1428571492
95995  -26.989  22.561  -27.634 0.1428571492
97265  -28.510  25.150  -26.524 0.1428571492
77255  -29.241  -1.479  -30.919 0.2857142985
94087  -27.710  19.526  -29.688 0.1428571492
94061  -28.882  20.433  -27.949 0.1428571492
93404  -26.464  19.428  -29.534 0.1428571492
94715  -27.891  20.855  -28.198 0.1428571492
94073  -27.532  20.248  -28.890 0.1428571492
93391  -26.589  19.347  -28.759 0.1428571492
94713  -26.638  21.588  -28.074 0.1428571492
94072  -26.585  20.139  -29.062 0.1428571492
96631  -28.383  23.401  -27.693 0.1428571492
97268  -28.691  24.808  -27.156 0.1428571492
96630  -27.772  23.307  -27.579 0.1428571492
96627  -27.328  23.395  -27.031 0.1428571492
97264  -27.849  24.527  -26.321 0.1428571492
95355  -28.584  21.532  -27.631 0.1428571492
95991  -29.433  22.717  -27.032 0.1428571492
94716  -28.674  20.943  -27.773 0.1428571492
96622  -29.664  23.126  -26.684 0.1428571492
95996  -27.769  22.597  -27.703 0.1428571492
94060  -28.066  20.516  -28.397 0.1428571492
83975  -28.532  6.712  -29.455 0.1428571492
83976  -29.463  6.606  -29.571 0.1428571492
87458  -25.974  9.897  -29.208 0.1428571492
87448  -26.417  10.193  -28.516 0.1428571492
83041  -30.740  5.638  -30.192 0.1428571492
85717  -27.731  8.806  -28.712 0.1428571492
87432  -25.823  11.065  -28.010 0.1428571492
87433  -26.758  10.884  -27.673 0.1428571492
88221  -27.128  11.467  -27.099 0.2857142985
78930  -30.082  0.566  -30.883 0.1428571492
82160  -29.724  4.363  -30.074 0.1428571492
82161  -30.832  4.532  -30.236 0.1428571492
82142  -29.280  5.135  -29.808 0.1428571492
86604  -33.792  9.118  -28.589 0.1428571492
86586  -28.294  9.970  -27.519 0.1428571492
88223  -29.230  11.301  -27.116 0.1428571492
87434  -27.586  10.867  -27.366 0.1428571492
88222  -27.889  11.737  -26.366 0.2857142985
89035  -29.092  12.323  -25.910 0.2857142985
89708  -27.648  15.589  -23.769 0.2857142985
91828  -28.615  17.151  -23.722 0.2857142985
93304  -27.055  18.676  -21.676 0.1428571492
89735  -29.630  12.920  -25.490 0.2857142985
111704  -29.542  14.545  -24.985 0.2857142985
90380  -29.231  15.325  -24.554 0.2857142985
91087  -29.276  16.990  -24.451 0.2857142985
92576  -26.464  16.972  -23.375 0.2857142985
94658  -27.606  20.972  -22.195 0.1428571492
92575  -25.562  15.786  -23.822 0.1428571492
88207  -26.880  11.973  -26.592 0.2857142985
92585  -28.013  17.354  -23.436 0.1428571492
92577  -27.153  17.315  -23.151 0.2857142985
93312  -27.392  18.490  -22.625 0.1428571492
93311  -26.599  17.879  -22.479 0.1428571492
88218  -24.494  12.200  -27.857 0.2857142985
93310  -25.873  17.361  -22.653 0.1428571492
93292  -26.706  18.139  -20.827 0.1428571492
88215  -21.821  12.493  -26.803 0.1428571492
86588  -33.774  10.155  -28.445 0.1428571492
84842  -34.494  7.441  -27.155 0.1428571492
82141  -28.711  5.238  -29.810 0.1428571492
86589  -33.944  9.616  -27.883 0.1428571492
83055  -28.266  5.435  -29.834 0.1428571492
83974  -27.780  6.881  -29.699 0.1428571492
84870  -27.120  7.486  -30.045 0.1428571492
84871  -28.154  7.632  -29.306 0.1428571492
86610  -25.885  9.360  -29.537 0.1428571492
88232  -24.899  11.411  -28.317 0.1428571492
87450  -27.878  10.158  -27.529 0.1428571492
88220  -26.372  11.685  -27.328 0.2857142985
111701  -28.312  12.763  -25.668 0.1428571492
111705  -29.003  13.855  -24.969 0.2857142985
93302  -25.048  17.425  -21.904 0.1428571492
85722  -33.980  8.456  -28.439 0.1428571492
85707  -34.280  8.443  -27.483 0.1428571492
91100  -29.932  14.957  -25.654 0.2857142985
91095  -29.374  16.487  -24.523 0.2857142985
90379  -28.761  16.461  -23.883 0.2857142985
89736  -30.294  13.195  -26.137 0.2857142985
80493  -29.926  2.470  -30.555 0.1428571492
83947  -34.755  6.452  -26.797 0.1428571492
87435  -28.392  10.583  -27.326 0.1428571492
88208  -29.433  12.009  -26.379 0.1428571492
83039  -28.850  5.840  -29.632 0.1428571492
85732  -27.431  8.287  -29.316 0.1428571492
83987  -27.321  6.513  -30.121 0.1428571492
83038  -27.946  6.108  -29.673 0.1428571492
85716  -27.038  8.895  -29.065 0.1428571492
86598  -27.134  9.422  -28.480 0.1428571492
87449  -27.288  10.123  -27.859 0.1428571492
82143  -30.103  5.085  -29.920 0.1428571492
89734  -29.030  13.003  -25.516 0.2857142985
89036  -29.921  12.511  -26.039 0.2857142985
93305  -27.814  19.301  -21.416 0.1428571492
89718  -29.907  13.437  -25.282 0.2857142985
90386  -30.049  14.229  -25.532 0.2857142985
90385  -29.721  14.945  -25.236 0.2857142985
95301  -27.975  21.715  -22.398 0.1428571492
111700  -27.720  12.435  -25.847 0.1428571492
72590  -24.710  -6.400  -28.291 0.1428571492
72602  -25.963  -6.211  -28.882 0.1428571492
73515  -24.012  -5.327  -28.441 0.1428571492
74421  -24.152  -4.901  -28.916 0.1428571492
74428  -24.520  -4.439  -29.286 0.1428571492
73523  -25.356  -5.404  -29.192 0.1428571492
74429  -25.751  -4.503  -29.382 0.1428571492
73524  -26.350  -5.539  -29.372 0.1428571492
73525  -27.204  -5.859  -29.760 0.1428571492
75357  -26.190  -3.534  -29.537 0.1428571492
74430  -26.908  -4.644  -29.989 0.1428571492
74431  -27.710  -5.400  -30.030 0.1428571492
74441  -27.411  -4.040  -30.255 0.1428571492
75356  -25.129  -3.448  -29.432 0.1428571492
75368  -27.684  -3.454  -30.361 0.1428571492
76328  -27.976  -2.537  -30.497 0.1428571492
78148  -29.646  -0.449  -31.083 0.1428571492
88206  -26.116  12.297  -26.745 0.1428571492
73526  -27.815  -6.118  -30.037 0.1428571492
72579  -24.066  -6.768  -27.678 0.1428571492
72589  -23.671  -6.020  -27.899 0.1428571492
73516  -24.619  -5.451  -28.925 0.1428571492
75369  -28.584  -3.535  -30.569 0.1428571492
72601  -25.175  -6.133  -28.965 0.1428571492
76316  -25.562  -2.634  -29.584 0.1428571492
75367  -26.927  -3.478  -30.136 0.1428571492
75355  -24.217  -3.260  -29.464 0.1428571492
72578  -23.246  -6.735  -27.657 0.1428571492
63586  -24.305  -15.532  -27.338 0.1428571492
63587  -24.612  -15.600  -27.175 0.1428571492
66192  -25.772  -13.788  -25.360 0.1428571492
67211  -24.870  -12.061  -28.458 0.1428571492
68233  -24.563  -11.734  -28.262 0.1428571492
70783  -26.338  -8.142  -29.052 0.1428571492
71682  -31.179  -6.644  -31.621 0.5714285970
72617  -30.348  -6.668  -31.636 0.7142857313
72626  -31.302  -6.205  -31.889 0.7142857313
72631  -30.974  -6.089  -32.150 0.7142857313
72632  -31.207  -6.051  -32.083 0.7142857313
73549  -30.385  -5.419  -32.057 0.7142857313
73551  -31.611  -5.435  -31.660 0.7142857313
73557  -30.822  -5.729  -32.174 0.7142857313
73558  -31.175  -5.769  -32.083 0.7142857313
74445  -30.683  -4.102  -31.384 0.4285714328
74447  -33.450  -4.116  -29.938 0.5714285970
76182  -40.493  -2.750  -20.294 0.1428571492
76307  -34.875  -2.872  -29.037 0.4285714328
77114  -40.451  -2.159  -20.286 0.1428571492
77223  -36.243  -1.249  -27.260 0.2857142985
77241  -35.131  -1.731  -29.246 0.5714285970
78125  -36.171  -0.493  -27.485 0.2857142985
78956  -32.801  1.326  -32.385 0.8571428657
79679  -35.850  1.353  -26.785 0.4285714328
79728  -34.473  1.721  -30.901 0.7142857313
79746  -33.237  1.718  -32.445 0.8571428657
81342  -33.584  3.577  -32.052 0.8571428657
82188  -33.119  4.691  -32.897 0.8571428657
83057  -31.680  5.665  -31.202 0.2857142985
83084  -32.637  6.261  -33.410 0.8571428657
84003  -32.303  6.885  -33.385 0.8571428657
84004  -32.725  6.787  -33.344 1.0000000000
84898  -32.441  7.821  -32.950 0.8571428657
84901  -32.057  7.531  -33.274 1.0000000000
84903  -32.778  7.094  -33.194 1.0000000000
85721  -33.782  8.802  -29.011 0.2857142985
85733  -28.097  8.330  -29.031 0.2857142985
85756  -32.256  7.972  -33.026 1.0000000000
86597  -26.489  9.413  -29.131 0.1428571492
87457  -25.601  9.816  -29.358 0.1428571492
87479  -32.108  9.841  -32.474 0.8571428657
88234  -30.857  10.541  -29.163 0.5714285970
91094  -29.101  16.628  -24.070 0.2857142985
91895  -27.792  18.092  -32.728 0.1428571492
92596  -29.140  17.745  -24.880 0.5714285970
93378  -27.955  18.213  -28.021 0.2857142985
94038  -27.385  20.129  -26.767 0.2857142985
94048  -27.583  19.646  -26.918 0.2857142985
94688  -27.825  20.207  -25.496 0.4285714328
94721  -27.167  20.677  -28.689 0.1428571492
95352  -26.566  21.942  -27.854 0.1428571492
95353  -26.976  21.972  -28.097 0.1428571492
95983  -29.575  22.731  -26.568 0.1428571492
95989  -26.511  22.091  -27.380 0.2857142985
95994  -26.579  22.146  -27.587 0.2857142985
97885  -27.510  25.111  -23.914 0.1428571492
97900  -28.867  25.519  -26.633 0.1428571492
