#!ascii label  , from subject demencia vox2ras=TkReg
1026
40431  20.624  -34.079  33.404 0.0000000000
42372  32.642  -31.197  39.114 0.0000000000
60783  37.478  -13.354  20.390 0.0000000000
52290  31.552  -22.250  24.480 0.0000000000
47273  32.919  -26.911  32.815 0.0000000000
66768  49.946  -7.216  14.185 0.0000000000
57164  39.740  -17.756  21.032 0.0000000000
53372  35.725  -20.281  19.050 0.0000000000
38502  17.516  -35.969  32.449 0.0000000000
42389  26.948  -31.668  37.496 0.0000000000
43519  28.657  -31.287  33.329 0.0000000000
43591  22.132  -31.278  30.305 0.0000000000
67731  43.140  -6.437  17.719 0.0000000000
40398  24.164  -33.719  39.016 0.0000000000
37439  20.709  -36.372  36.763 0.0000000000
65821  42.270  -8.245  21.183 0.0000000000
37430  16.514  -36.413  37.399 0.0000000000
35475  12.149  -38.973  37.249 0.0000000000
54344  36.156  -19.622  23.606 0.0000000000
49303  32.614  -24.548  29.293 0.0000000000
110657  31.139  -28.789  27.677 0.0000000000
42495  30.697  -30.652  30.775 0.0000000000
54390  41.084  -19.734  20.671 0.0000000000
54417  38.103  -19.711  20.097 0.0000000000
53340  39.149  -20.996  20.363 0.0000000000
58017  42.263  -16.969  22.149 0.0000000000
39502  20.095  -35.427  30.181 0.0000000000
37542  18.240  -36.639  29.678 0.0000000000
39477  19.364  -35.459  32.875 0.0000000000
43506  23.203  -31.805  35.445 0.0000000000
43524  23.967  -30.976  34.006 0.0000000000
42471  21.050  -32.215  31.932 0.0000000000
40467  20.494  -34.700  29.106 0.0000000000
62924  36.791  -11.590  18.974 0.0000000000
61837  39.684  -12.986  21.967 0.0000000000
63959  39.194  -10.323  21.327 0.0000000000
65832  39.631  -8.762  19.485 0.0000000000
35473  20.927  -37.525  37.959 0.0000000000
37442  18.205  -36.249  36.737 0.0000000000
36424  17.627  -37.028  38.382 0.0000000000
34353  13.688  -38.755  41.263 0.0000000000
35447  13.336  -38.266  39.653 0.0000000000
35449  11.486  -39.712  39.146 0.0000000000
33256  10.325  -41.531  39.182 0.0000000000
32133  9.835  -41.913  41.504 0.0000000000
50266  34.209  -23.524  30.738 0.0000000000
48267  32.428  -26.036  31.003 0.0000000000
47345  31.219  -26.986  28.558 0.0000000000
46407  32.430  -28.231  30.357 0.0000000000
43588  27.156  -30.038  30.658 0.0000000000
41443  30.093  -31.427  31.961 0.0000000000
43619  27.676  -29.733  28.446 0.0000000000
43634  28.909  -29.972  27.950 0.0000000000
53286  33.477  -20.577  23.625 0.0000000000
53329  33.639  -20.232  20.932 0.0000000000
53332  31.358  -21.777  21.669 0.0000000000
69520  50.784  -4.790  12.819 0.0000000000
66797  49.948  -7.061  11.983 0.0000000000
58875  39.212  -15.620  20.850 0.0000000000
56293  36.337  -18.328  19.353 0.0000000000
59772  40.708  -14.836  21.847 0.0000000000
41371  29.810  -31.798  37.393 0.0000000000
41387  31.274  -31.990  36.534 0.0000000000
43480  28.280  -31.371  35.033 0.0000000000
44557  25.316  -30.169  32.322 0.0000000000
44620  23.295  -30.286  28.496 0.0000000000
67701  44.778  -6.278  20.102 0.0000000000
67717  45.595  -5.704  17.612 0.0000000000
67727  46.683  -6.175  16.306 0.0000000000
66792  46.936  -7.157  13.761 0.0000000000
41394  22.473  -33.457  36.970 0.0000000000
39439  20.553  -35.278  35.150 0.0000000000
39417  22.036  -34.744  37.907 0.0000000000
41375  25.814  -32.423  37.761 0.0000000000
66757  41.886  -7.361  19.385 0.0000000000
38471  18.774  -35.632  34.261 0.0000000000
37476  16.470  -35.763  34.386 0.0000000000
38461  14.387  -36.766  34.531 0.0000000000
35464  15.647  -37.512  39.384 0.0000000000
37418  13.673  -36.888  37.452 0.0000000000
28924  8.453  -43.628  42.272 0.0000000000
53303  38.222  -20.318  22.480 0.0000000000
53256  33.202  -21.675  26.158 0.0000000000
51277  34.152  -22.944  28.989 0.0000000000
50309  31.642  -23.752  26.923 0.0000000000
48334  30.534  -26.130  26.902 0.0000000000
46458  30.517  -28.106  25.790 0.0000000000
44729  29.750  -29.522  23.866 0.0000000000
41401  32.065  -31.504  35.239 0.0000000000
43517  32.723  -30.623  34.106 0.0000000000
44572  32.697  -29.793  32.117 0.0000000000
44630  31.045  -30.022  29.229 0.0000000000
44711  29.013  -29.745  24.902 0.0000000000
53343  36.198  -20.300  20.289 0.0000000000
52366  34.236  -21.903  18.286 0.0000000000
53324  41.240  -20.561  21.018 0.0000000000
53339  39.988  -20.527  20.241 0.0000000000
53325  40.247  -21.120  21.045 0.0000000000
55314  41.928  -19.041  21.655 0.0000000000
40450  20.258  -34.508  31.652 0.0000000000
38499  19.488  -35.548  31.421 0.0000000000
39462  20.101  -34.614  32.970 0.0000000000
42448  21.785  -32.677  34.308 0.0000000000
42447  22.224  -31.898  33.880 0.0000000000
41434  20.858  -33.249  32.729 0.0000000000
41455  20.424  -34.075  31.136 0.0000000000
61854  37.223  -12.353  20.126 0.0000000000
61852  38.956  -12.727  21.591 0.0000000000
62910  39.186  -11.804  21.747 0.0000000000
61853  37.912  -12.464  21.041 0.0000000000
62912  37.828  -11.292  20.355 0.0000000000
34355  11.676  -39.728  41.350 0.0000000000
35414  12.191  -39.137  40.890 0.0000000000
34369  11.440  -39.823  40.727 0.0000000000
33264  10.724  -40.972  38.796 0.0000000000
33248  10.634  -40.906  40.559 0.0000000000
32145  9.893  -42.025  39.547 0.0000000000
48265  33.803  -25.053  32.633 0.0000000000
48254  33.110  -26.080  32.280 0.0000000000
46401  32.372  -27.654  30.843 0.0000000000
46395  32.497  -27.683  31.606 0.0000000000
42377  33.171  -30.944  38.395 0.0000000000
44636  25.007  -29.573  28.410 0.0000000000
44616  27.155  -29.713  29.785 0.0000000000
44652  25.833  -29.266  27.570 0.0000000000
44669  26.591  -29.467  26.672 0.0000000000
52301  32.385  -21.385  24.528 0.0000000000
53306  31.902  -21.585  22.607 0.0000000000
67735  49.462  -7.039  15.444 0.0000000000
68624  51.565  -5.814  15.067 0.0000000000
67744  51.170  -6.380  13.667 0.0000000000
67750  51.000  -6.266  12.840 0.0000000000
66789  49.442  -7.394  12.954 0.0000000000
58025  39.478  -16.561  20.924 0.0000000000
57156  38.097  -17.083  20.684 0.0000000000
57166  38.431  -17.547  20.533 0.0000000000
53371  36.848  -20.165  19.583 0.0000000000
54419  36.082  -19.583  19.085 0.0000000000
53387  35.739  -20.556  18.048 0.0000000000
58023  40.659  -16.896  21.885 0.0000000000
58873  40.513  -16.396  21.538 0.0000000000
59781  40.314  -15.014  21.405 0.0000000000
37503  17.969  -35.983  31.677 0.0000000000
37505  16.032  -36.418  31.986 0.0000000000
41372  28.585  -31.940  37.741 0.0000000000
42402  28.850  -31.501  36.350 0.0000000000
43469  27.640  -31.348  35.945 0.0000000000
43567  23.370  -30.492  31.848 0.0000000000
43544  25.052  -30.293  33.062 0.0000000000
44577  23.896  -30.052  31.018 0.0000000000
44597  24.290  -29.960  30.249 0.0000000000
43605  22.865  -30.568  29.409 0.0000000000
42515  21.539  -32.697  28.455 0.0000000000
48365  29.728  -26.416  24.161 0.0000000000
67709  43.952  -6.298  19.332 0.0000000000
67700  45.636  -5.953  19.910 0.0000000000
67718  44.713  -5.928  17.944 0.0000000000
67740  44.811  -6.427  15.785 0.0000000000
67747  45.926  -6.549  14.518 0.0000000000
67746  46.743  -6.858  14.386 0.0000000000
41378  23.183  -33.591  37.868 0.0000000000
40403  22.187  -34.239  37.509 0.0000000000
40399  23.326  -33.964  38.530 0.0000000000
41365  24.570  -33.193  38.522 0.0000000000
41392  24.243  -32.691  37.384 0.0000000000
66747  43.745  -7.226  21.013 0.0000000000
66754  42.106  -7.813  20.334 0.0000000000
65836  39.709  -8.667  18.352 0.0000000000
38446  20.499  -36.063  35.962 0.0000000000
39440  20.215  -35.838  34.950 0.0000000000
38447  20.043  -36.523  35.838 0.0000000000
37443  17.232  -35.989  36.689 0.0000000000
37460  16.962  -35.652  35.732 0.0000000000
37444  16.215  -36.089  36.495 0.0000000000
38459  15.276  -36.180  34.798 0.0000000000
37445  15.211  -36.445  36.235 0.0000000000
35427  15.038  -37.847  40.282 0.0000000000
36429  12.551  -38.265  37.957 0.0000000000
36428  13.492  -37.280  38.317 0.0000000000
36444  12.401  -38.417  36.824 0.0000000000
36452  12.759  -37.815  36.210 0.0000000000
53254  35.073  -20.879  26.630 0.0000000000
49289  33.274  -24.224  30.392 0.0000000000
50278  34.274  -23.277  30.069 0.0000000000
50286  32.907  -23.972  28.663 0.0000000000
51281  33.145  -22.934  27.999 0.0000000000
50287  32.226  -24.365  28.416 0.0000000000
50297  31.162  -24.524  27.518 0.0000000000
48303  31.298  -25.302  28.798 0.0000000000
46430  31.519  -27.956  28.425 0.0000000000
46457  30.523  -27.916  26.908 0.0000000000
45584  30.544  -28.461  26.559 0.0000000000
44708  30.442  -29.056  24.944 0.0000000000
44709  30.166  -29.355  25.081 0.0000000000
42435  30.405  -31.549  34.743 0.0000000000
41402  31.509  -31.780  35.551 0.0000000000
42434  30.699  -31.503  34.317 0.0000000000
41452  30.364  -31.130  31.406 0.0000000000
42454  31.395  -31.030  32.819 0.0000000000
42465  31.696  -30.630  32.022 0.0000000000
43561  32.730  -30.114  32.631 0.0000000000
43584  31.946  -30.494  31.330 0.0000000000
44592  32.323  -30.095  30.930 0.0000000000
43615  30.652  -30.418  29.954 0.0000000000
43672  27.651  -29.648  24.940 0.0000000000
43653  28.678  -29.716  26.608 0.0000000000
54360  36.985  -19.809  22.553 0.0000000000
53328  37.617  -20.557  21.614 0.0000000000
54381  35.952  -19.777  21.624 0.0000000000
52358  32.388  -22.040  19.104 0.0000000000
52357  33.563  -21.541  18.715 0.0000000000
69527  49.726  -4.751  11.896 0.0000000000
56278  40.141  -18.396  20.889 0.0000000000
56279  39.385  -18.450  20.566 0.0000000000
54403  39.486  -19.833  20.158 0.0000000000
54405  38.191  -20.372  19.826 0.0000000000
53357  37.111  -20.532  19.920 0.0000000000
57146  42.523  -17.717  22.270 0.0000000000
56267  41.502  -18.387  21.792 0.0000000000
38534  19.310  -36.148  30.192 0.0000000000
38516  19.036  -35.926  30.990 0.0000000000
38501  18.424  -36.023  32.457 0.0000000000
42423  25.419  -31.741  36.125 0.0000000000
43483  25.587  -31.293  35.406 0.0000000000
43505  23.942  -31.430  34.995 0.0000000000
43546  22.754  -31.028  33.140 0.0000000000
42470  21.442  -31.810  30.964 0.0000000000
42516  21.191  -33.176  29.244 0.0000000000
41454  20.657  -33.514  30.633 0.0000000000
40468  20.304  -34.704  29.953 0.0000000000
65840  41.550  -7.714  16.466 0.0000000000
40372  24.420  -34.264  39.801 0.0000000000
63947  40.905  -10.969  23.136 0.0000000000
64890  40.510  -10.429  22.620 0.0000000000
64902  39.965  -9.399  21.364 0.0000000000
65827  40.476  -8.429  20.178 0.0000000000
64905  38.931  -9.615  19.968 0.0000000000
63975  38.224  -10.497  19.746 0.0000000000
36437  20.635  -37.223  37.460 0.0000000000
36451  19.786  -36.932  36.890 0.0000000000
36438  19.586  -37.091  37.366 0.0000000000
37415  18.557  -36.912  37.718 0.0000000000
36441  16.681  -36.834  38.052 0.0000000000
35428  14.482  -38.111  40.379 0.0000000000
35429  13.695  -38.459  40.468 0.0000000000
35448  12.320  -38.890  39.023 0.0000000000
35466  11.616  -39.637  38.196 0.0000000000
34395  11.130  -40.342  38.458 0.0000000000
49279  33.501  -24.238  31.089 0.0000000000
48288  32.538  -25.229  30.462 0.0000000000
48302  31.645  -25.641  29.484 0.0000000000
47308  31.847  -26.400  30.027 0.0000000000
47306  32.163  -27.736  29.770 0.0000000000
45558  31.947  -28.625  29.172 0.0000000000
43542  28.363  -31.026  32.614 0.0000000000
42456  29.625  -31.434  32.912 0.0000000000
43586  28.661  -30.858  31.234 0.0000000000
43601  28.524  -30.605  30.287 0.0000000000
42514  29.147  -30.755  29.991 0.0000000000
43617  29.394  -30.416  29.060 0.0000000000
43635  28.217  -29.753  27.565 0.0000000000
43655  27.222  -29.605  25.824 0.0000000000
54345  35.076  -19.955  23.511 0.0000000000
54382  34.877  -19.740  21.737 0.0000000000
54384  33.230  -20.420  22.208 0.0000000000
53347  31.986  -21.248  20.371 0.0000000000
69519  51.364  -4.975  13.180 0.0000000000
67755  50.616  -6.209  12.164 0.0000000000
59784  37.667  -14.490  20.577 0.0000000000
59785  36.741  -14.837  20.169 0.0000000000
58028  36.787  -16.230  20.168 0.0000000000
56292  37.356  -18.581  19.862 0.0000000000
55351  35.927  -18.962  18.716 0.0000000000
59763  42.791  -15.110  22.931 0.0000000000
59764  42.047  -14.816  22.981 0.0000000000
61827  41.837  -13.516  23.198 0.0000000000
60770  40.247  -13.878  22.171 0.0000000000
60771  39.649  -13.875  21.812 0.0000000000
41357  31.670  -32.159  38.645 0.0000000000
41368  32.300  -31.880  37.755 0.0000000000
41388  30.691  -31.888  36.519 0.0000000000
42418  29.995  -31.515  35.571 0.0000000000
43500  28.426  -31.303  34.094 0.0000000000
43503  25.819  -30.857  34.628 0.0000000000
43521  27.056  -30.701  33.426 0.0000000000
43520  27.962  -31.039  33.366 0.0000000000
44575  25.850  -30.114  31.380 0.0000000000
44618  25.235  -29.650  29.551 0.0000000000
44637  23.994  -29.866  27.972 0.0000000000
67705  47.243  -5.489  17.882 0.0000000000
67729  44.750  -6.009  16.846 0.0000000000
67716  46.500  -5.726  17.257 0.0000000000
67715  47.417  -5.836  16.954 0.0000000000
67725  48.378  -6.337  16.163 0.0000000000
66771  48.050  -7.127  15.151 0.0000000000
66780  48.726  -7.447  14.133 0.0000000000
66790  48.746  -7.491  13.224 0.0000000000
41416  21.532  -33.359  35.097 0.0000000000
40424  20.762  -34.156  34.571 0.0000000000
40417  20.862  -34.207  35.828 0.0000000000
39418  21.413  -35.037  37.261 0.0000000000
38442  21.575  -35.426  37.728 0.0000000000
39405  23.238  -34.707  38.968 0.0000000000
37424  21.803  -35.656  38.324 0.0000000000
36421  21.970  -36.486  38.737 0.0000000000
41345  32.031  -31.456  39.837 0.0000000000
41358  30.890  -32.332  38.516 0.0000000000
41359  30.023  -32.293  38.483 0.0000000000
41373  27.602  -32.099  37.990 0.0000000000
41362  27.243  -32.498  38.644 0.0000000000
42390  26.376  -31.994  37.614 0.0000000000
42407  24.434  -32.323  36.815 0.0000000000
42426  22.923  -32.408  36.238 0.0000000000
66745  45.134  -6.666  21.381 0.0000000000
67702  43.923  -6.648  20.314 0.0000000000
66756  42.542  -6.898  18.999 0.0000000000
65831  40.413  -8.210  19.055 0.0000000000
65830  41.060  -7.585  18.680 0.0000000000
65834  41.163  -7.593  17.573 0.0000000000
39463  19.667  -35.239  33.430 0.0000000000
38470  19.386  -35.581  34.039 0.0000000000
38487  18.151  -35.900  33.456 0.0000000000
37458  18.889  -36.166  35.961 0.0000000000
38472  17.834  -35.569  34.458 0.0000000000
38488  17.246  -35.859  33.741 0.0000000000
38504  15.733  -36.303  32.795 0.0000000000
38491  14.711  -36.784  33.704 0.0000000000
35462  17.021  -37.256  38.913 0.0000000000
36442  15.962  -36.707  38.037 0.0000000000
36427  14.652  -37.164  38.688 0.0000000000
37432  14.400  -36.673  36.939 0.0000000000
37446  14.110  -36.491  35.960 0.0000000000
31078  8.990  -42.874  42.438 0.0000000000
53301  40.272  -21.022  22.068 0.0000000000
54329  35.496  -19.996  24.454 0.0000000000
54319  34.957  -20.272  25.084 0.0000000000
53274  33.106  -21.070  24.776 0.0000000000
52284  32.195  -22.034  25.528 0.0000000000
52273  34.065  -22.158  27.829 0.0000000000
51291  32.549  -22.586  26.450 0.0000000000
51292  31.861  -22.709  25.725 0.0000000000
50323  30.614  -24.051  25.944 0.0000000000
49354  30.147  -25.400  25.749 0.0000000000
47381  30.150  -26.847  25.062 0.0000000000
48318  30.886  -25.966  28.066 0.0000000000
47361  30.437  -27.608  26.090 0.0000000000
46471  30.374  -27.725  24.646 0.0000000000
45605  30.256  -28.750  23.897 0.0000000000
44744  30.102  -29.565  22.540 0.0000000000
46381  33.435  -28.066  34.280 0.0000000000
42400  32.717  -31.482  36.991 0.0000000000
42417  32.741  -31.174  35.899 0.0000000000
43478  33.107  -30.834  35.806 0.0000000000
41433  30.707  -31.411  33.133 0.0000000000
41421  31.925  -31.160  33.730 0.0000000000
44528  33.434  -30.021  34.859 0.0000000000
45517  33.383  -29.634  34.500 0.0000000000
45524  33.041  -29.242  32.651 0.0000000000
46394  32.650  -28.445  32.125 0.0000000000
45536  32.571  -28.986  30.822 0.0000000000
44628  31.890  -29.179  29.499 0.0000000000
44629  31.285  -29.569  28.810 0.0000000000
44632  29.975  -30.244  28.537 0.0000000000
45566  30.138  -29.951  27.453 0.0000000000
44686  30.225  -29.420  26.176 0.0000000000
44710  29.646  -29.595  24.948 0.0000000000
53327  38.310  -20.858  21.466 0.0000000000
53342  37.193  -20.593  20.718 0.0000000000
53358  36.373  -20.399  19.892 0.0000000000
54394  35.106  -19.945  20.898 0.0000000000
53360  34.338  -20.747  18.972 0.0000000000
52365  34.969  -21.400  18.303 0.0000000000
65859  48.774  -7.583  11.625 0.0000000000
53300  41.138  -21.039  21.942 0.0000000000
53323  41.657  -20.118  21.648 0.0000000000
40439  20.490  -34.206  32.342 0.0000000000
39475  20.139  -34.607  32.413 0.0000000000
41425  21.169  -33.300  33.872 0.0000000000
40449  20.538  -34.112  31.808 0.0000000000
60793  36.577  -13.254  19.542 0.0000000000
59794  36.882  -14.087  20.039 0.0000000000
60782  38.357  -13.555  21.013 0.0000000000
34356  11.069  -40.346  41.050 0.0000000000
34370  11.114  -40.226  40.185 0.0000000000
48253  33.573  -25.805  33.091 0.0000000000
47274  32.680  -26.867  31.952 0.0000000000
46388  32.655  -27.655  32.347 0.0000000000
42371  33.218  -30.773  39.341 0.0000000000
42378  32.728  -31.461  38.220 0.0000000000
44635  26.086  -29.097  28.852 0.0000000000
52318  31.800  -22.007  23.291 0.0000000000
66769  49.442  -7.329  14.613 0.0000000000
67734  50.251  -6.920  14.886 0.0000000000
67745  50.509  -6.871  14.003 0.0000000000
67751  50.533  -6.797  13.202 0.0000000000
66778  50.003  -7.197  13.494 0.0000000000
58036  39.486  -17.236  20.974 0.0000000000
58037  39.013  -17.142  20.721 0.0000000000
57165  39.152  -17.753  20.616 0.0000000000
53386  35.755  -19.974  19.019 0.0000000000
52378  35.458  -21.221  18.089 0.0000000000
57154  40.353  -17.690  21.509 0.0000000000
58024  40.018  -16.906  21.392 0.0000000000
37504  17.532  -35.919  31.706 0.0000000000
37523  17.279  -36.138  30.967 0.0000000000
38518  17.107  -35.938  31.654 0.0000000000
37524  16.414  -36.499  31.240 0.0000000000
38519  16.725  -35.966  31.991 0.0000000000
42388  27.840  -31.618  37.223 0.0000000000
42387  28.526  -31.572  36.985 0.0000000000
42404  27.116  -31.383  36.407 0.0000000000
43590  23.079  -30.385  30.599 0.0000000000
43606  21.843  -31.564  29.087 0.0000000000
47395  29.994  -27.346  24.250 0.0000000000
67719  43.886  -6.109  18.290 0.0000000000
66783  45.527  -6.817  13.716 0.0000000000
41366  23.810  -33.474  38.457 0.0000000000
41377  23.980  -33.035  37.989 0.0000000000
65818  41.412  -8.874  21.742 0.0000000000
66748  42.756  -7.839  21.150 0.0000000000
66749  42.193  -8.080  20.867 0.0000000000
38443  21.082  -35.782  36.910 0.0000000000
34366  15.546  -37.782  40.433 0.0000000000
50280  33.041  -24.286  29.381 0.0000000000
49320  31.834  -24.556  28.376 0.0000000000
49305  31.553  -24.785  28.628 0.0000000000
110661  31.047  -28.369  27.698 0.0000000000
110660  30.757  -28.753  27.189 0.0000000000
110663  30.497  -29.043  26.296 0.0000000000
42446  29.731  -31.435  33.871 0.0000000000
42482  30.577  -30.903  31.245 0.0000000000
41451  30.704  -30.951  31.490 0.0000000000
42481  31.001  -30.723  31.373 0.0000000000
42480  31.546  -30.614  31.433 0.0000000000
43585  31.473  -30.530  30.948 0.0000000000
43600  30.539  -30.591  30.367 0.0000000000
54361  35.596  -19.654  22.594 0.0000000000
55324  40.643  -19.032  20.680 0.0000000000
55336  39.817  -19.111  20.405 0.0000000000
54391  40.330  -19.756  20.315 0.0000000000
53355  38.926  -20.570  19.875 0.0000000000
53356  38.052  -20.754  19.782 0.0000000000
58006  43.304  -17.213  22.533 0.0000000000
55323  41.331  -19.017  21.149 0.0000000000
56268  40.824  -18.379  21.356 0.0000000000
38500  19.147  -35.774  32.142 0.0000000000
38517  18.579  -35.994  31.620 0.0000000000
43485  23.938  -31.743  35.776 0.0000000000
43484  24.717  -31.482  35.578 0.0000000000
43525  23.000  -31.475  34.453 0.0000000000
42459  21.479  -32.220  33.163 0.0000000000
42458  22.029  -31.605  33.253 0.0000000000
43569  21.528  -31.703  32.396 0.0000000000
43568  22.074  -31.195  31.728 0.0000000000
42486  20.970  -32.648  30.860 0.0000000000
40459  20.198  -34.689  30.762 0.0000000000
41465  20.411  -34.161  30.447 0.0000000000
61829  40.329  -12.902  22.442 0.0000000000
62887  40.479  -11.988  22.801 0.0000000000
63958  39.377  -10.861  21.746 0.0000000000
63948  40.126  -11.013  22.436 0.0000000000
64900  39.499  -10.173  21.568 0.0000000000
64899  40.169  -9.842  21.975 0.0000000000
65824  39.861  -9.215  21.082 0.0000000000
62913  37.145  -11.657  19.626 0.0000000000
62923  37.325  -10.936  19.101 0.0000000000
35474  19.829  -37.336  37.950 0.0000000000
36423  18.461  -37.050  38.108 0.0000000000
36439  18.093  -36.918  37.931 0.0000000000
36440  17.500  -36.870  37.978 0.0000000000
34368  14.168  -38.462  40.731 0.0000000000
35431  11.735  -39.423  40.110 0.0000000000
35430  12.683  -38.726  40.225 0.0000000000
32137  9.779  -41.916  40.392 0.0000000000
32134  9.348  -42.395  40.644 0.0000000000
49249  33.227  -25.457  31.898 0.0000000000
49266  33.674  -24.808  31.945 0.0000000000
49267  33.084  -25.076  31.362 0.0000000000
49280  32.902  -24.752  30.713 0.0000000000
48276  32.630  -25.453  30.948 0.0000000000
48289  32.175  -25.559  30.112 0.0000000000
47284  32.307  -26.236  30.805 0.0000000000
46408  32.253  -27.578  30.270 0.0000000000
46418  32.200  -28.247  29.577 0.0000000000
45548  32.311  -28.814  29.976 0.0000000000
43566  27.466  -30.400  31.544 0.0000000000
43565  28.199  -30.682  31.807 0.0000000000
43602  27.661  -30.074  29.786 0.0000000000
43618  28.490  -30.263  29.003 0.0000000000
43636  27.468  -29.581  27.113 0.0000000000
54346  34.110  -20.398  23.442 0.0000000000
54363  33.734  -20.348  22.682 0.0000000000
54347  33.421  -20.501  23.238 0.0000000000
53331  32.002  -21.186  21.567 0.0000000000
53348  31.547  -21.557  21.049 0.0000000000
66787  50.415  -6.721  12.457 0.0000000000
66796  50.269  -6.665  11.755 0.0000000000
58876  38.180  -15.551  20.749 0.0000000000
58877  37.165  -15.531  20.496 0.0000000000
57167  37.468  -17.429  20.308 0.0000000000
58039  36.845  -16.885  20.142 0.0000000000
57168  36.537  -17.506  19.745 0.0000000000
56304  35.595  -18.327  18.082 0.0000000000
55338  38.299  -18.898  20.333 0.0000000000
56291  37.967  -18.662  20.233 0.0000000000
55349  37.892  -19.226  20.128 0.0000000000
54434  35.665  -19.924  17.675 0.0000000000
54420  35.731  -19.403  18.286 0.0000000000
55359  35.605  -19.099  17.604 0.0000000000
58862  42.614  -16.562  22.313 0.0000000000
58854  43.161  -16.186  22.549 0.0000000000
58855  42.611  -15.668  22.563 0.0000000000
59771  41.507  -15.053  22.408 0.0000000000
59770  42.229  -15.366  22.667 0.0000000000
60760  42.389  -14.120  23.321 0.0000000000
60761  41.493  -14.083  22.924 0.0000000000
60762  40.798  -13.630  22.617 0.0000000000
60769  40.922  -14.310  22.401 0.0000000000
59782  39.675  -14.704  21.265 0.0000000000
59783  38.756  -14.598  20.943 0.0000000000
41370  30.739  -32.102  37.481 0.0000000000
42420  28.483  -31.423  35.780 0.0000000000
42401  29.580  -31.535  36.381 0.0000000000
42419  29.124  -31.473  35.494 0.0000000000
43479  28.907  -31.432  34.650 0.0000000000
43504  24.845  -31.035  34.773 0.0000000000
43482  26.430  -31.210  35.261 0.0000000000
43522  26.110  -30.602  33.756 0.0000000000
44541  26.230  -30.426  32.900 0.0000000000
44540  26.865  -30.499  32.587 0.0000000000
44555  27.006  -30.443  32.016 0.0000000000
44556  26.331  -30.370  32.087 0.0000000000
43604  23.514  -30.070  29.918 0.0000000000
44619  23.997  -29.914  29.167 0.0000000000
41464  20.632  -33.820  29.697 0.0000000000
41478  20.980  -33.825  28.598 0.0000000000
67686  45.630  -6.347  21.094 0.0000000000
67707  45.600  -5.778  18.762 0.0000000000
67699  46.546  -5.764  19.599 0.0000000000
67706  46.469  -5.532  18.395 0.0000000000
67698  47.615  -5.421  19.174 0.0000000000
66763  43.400  -6.772  16.219 0.0000000000
67741  44.063  -6.426  16.246 0.0000000000
67739  45.885  -6.431  15.593 0.0000000000
67728  45.710  -6.070  16.562 0.0000000000
67714  47.998  -5.987  16.548 0.0000000000
67726  47.569  -6.285  16.138 0.0000000000
66782  47.410  -7.027  14.737 0.0000000000
66781  47.973  -7.337  14.428 0.0000000000
66770  48.728  -7.342  14.969 0.0000000000
66791  47.926  -7.461  13.517 0.0000000000
41405  21.997  -32.896  35.873 0.0000000000
41406  21.581  -33.614  36.319 0.0000000000
39416  22.400  -34.386  37.955 0.0000000000
40404  21.774  -34.642  37.427 0.0000000000
39404  23.763  -34.564  39.469 0.0000000000
37412  22.469  -34.895  38.796 0.0000000000
37423  22.026  -35.342  38.840 0.0000000000
36435  21.969  -35.875  38.716 0.0000000000
41346  31.678  -31.915  39.532 0.0000000000
41360  28.966  -32.385  38.701 0.0000000000
41363  26.335  -32.547  38.647 0.0000000000
41374  26.720  -32.107  38.134 0.0000000000
41390  25.558  -32.304  37.148 0.0000000000
41391  25.048  -32.522  37.260 0.0000000000
42409  23.116  -32.881  36.852 0.0000000000
42408  23.648  -32.559  36.857 0.0000000000
41415  21.934  -32.861  35.221 0.0000000000
58889  35.772  -15.768  19.079 0.0000000000
66753  42.774  -7.032  20.203 0.0000000000
66752  43.422  -6.883  20.434 0.0000000000
67703  43.325  -6.769  20.132 0.0000000000
67710  43.258  -6.642  19.598 0.0000000000
64911  39.870  -8.744  17.256 0.0000000000
65835  40.460  -8.152  17.943 0.0000000000
65841  40.664  -8.280  16.853 0.0000000000
39450  20.321  -34.862  33.977 0.0000000000
38456  19.653  -36.116  35.134 0.0000000000
37441  19.205  -36.662  36.800 0.0000000000
37474  17.538  -35.462  35.182 0.0000000000
37475  17.037  -35.697  34.638 0.0000000000
38473  17.367  -35.708  34.260 0.0000000000
37489  16.852  -35.788  34.129 0.0000000000
38489  16.355  -35.772  33.719 0.0000000000
37490  16.630  -35.734  34.095 0.0000000000
38460  14.676  -36.437  34.691 0.0000000000
38475  15.035  -36.286  34.240 0.0000000000
38476  14.602  -36.678  34.270 0.0000000000
37477  14.214  -37.220  34.143 0.0000000000
35463  16.213  -37.413  38.830 0.0000000000
36425  16.813  -37.127  38.545 0.0000000000
36426  15.749  -37.277  38.735 0.0000000000
35446  14.233  -37.915  39.880 0.0000000000
37417  14.498  -36.817  37.881 0.0000000000
37433  13.376  -36.903  36.588 0.0000000000
31089  9.512  -42.427  42.233 0.0000000000
29978  8.665  -43.346  42.532 0.0000000000
29990  8.394  -43.479  41.659 0.0000000000
54342  38.351  -19.886  24.086 0.0000000000
54318  35.713  -20.244  25.478 0.0000000000
53255  33.803  -21.374  26.276 0.0000000000
53265  34.165  -20.771  25.343 0.0000000000
53266  33.249  -21.409  25.637 0.0000000000
52288  32.523  -21.555  25.289 0.0000000000
52283  32.640  -21.976  25.965 0.0000000000
51280  33.853  -22.711  28.379 0.0000000000
51282  32.583  -23.366  27.502 0.0000000000
51286  32.830  -22.753  27.129 0.0000000000
51287  32.214  -23.325  26.781 0.0000000000
51288  31.507  -23.487  26.404 0.0000000000
51293  30.888  -23.500  25.777 0.0000000000
49336  30.750  -25.162  27.361 0.0000000000
49337  30.453  -25.347  26.505 0.0000000000
48335  30.136  -26.112  26.058 0.0000000000
47363  30.142  -26.536  25.606 0.0000000000
47326  31.547  -26.639  29.407 0.0000000000
48317  31.231  -26.130  28.924 0.0000000000
47346  30.663  -27.095  27.326 0.0000000000
47379  30.527  -27.839  25.504 0.0000000000
46459  30.563  -27.961  25.170 0.0000000000
46478  30.290  -28.404  24.347 0.0000000000
45604  30.425  -28.688  24.667 0.0000000000
44728  30.200  -29.156  23.782 0.0000000000
44745  29.406  -29.868  22.879 0.0000000000
42385  32.729  -31.553  37.621 0.0000000000
41386  32.031  -31.771  36.492 0.0000000000
42416  33.146  -30.906  36.120 0.0000000000
42433  32.464  -31.050  34.709 0.0000000000
42468  29.766  -31.430  32.061 0.0000000000
42455  30.195  -31.447  32.674 0.0000000000
42453  31.674  -30.887  32.977 0.0000000000
42443  31.854  -31.051  33.485 0.0000000000
42442  32.185  -30.901  33.627 0.0000000000
44539  33.170  -30.085  33.978 0.0000000000
44553  32.963  -29.976  32.815 0.0000000000
45530  32.701  -29.134  31.695 0.0000000000
44591  32.593  -29.629  31.260 0.0000000000
44614  31.388  -30.004  29.844 0.0000000000
44613  31.814  -29.725  30.068 0.0000000000
44633  29.459  -30.105  28.098 0.0000000000
44688  28.921  -29.682  25.752 0.0000000000
44668  29.198  -29.754  26.408 0.0000000000
44667  29.748  -29.849  26.730 0.0000000000
43651  30.089  -29.661  26.477 0.0000000000
43652  29.818  -29.664  26.020 0.0000000000
43692  29.868  -29.552  25.322 0.0000000000
53302  39.331  -20.733  22.305 0.0000000000
54392  36.618  -20.323  20.792 0.0000000000
54395  34.328  -20.035  21.098 0.0000000000
53345  34.112  -20.215  20.179 0.0000000000
52356  34.033  -21.363  18.590 0.0000000000
53374  34.636  -21.178  18.533 0.0000000000
53373  35.035  -20.744  18.745 0.0000000000
70507  48.618  -4.004  13.028 0.0000000000
69523  48.415  -4.190  12.234 0.0000000000
70501  47.287  -3.591  13.195 0.0000000000
66799  48.795  -7.522  12.202 0.0000000000
66808  48.086  -7.627  11.713 0.0000000000
53338  40.704  -20.202  20.473 0.0000000000
54379  41.578  -19.719  21.315 0.0000000000
39488  19.875  -35.169  31.139 0.0000000000
40440  20.181  -34.597  32.157 0.0000000000
39476  19.774  -35.040  32.238 0.0000000000
42437  22.321  -32.321  35.049 0.0000000000
41444  20.685  -33.524  31.634 0.0000000000
41445  20.510  -34.077  31.561 0.0000000000
61863  36.656  -12.236  19.319 0.0000000000
62897  39.949  -11.987  21.919 0.0000000000
61851  39.473  -12.363  21.821 0.0000000000
63965  38.859  -11.195  21.525 0.0000000000
63966  38.682  -10.587  20.773 0.0000000000
35459  19.943  -37.410  38.513 0.0000000000
35415  11.752  -39.504  40.801 0.0000000000
35432  11.335  -39.910  39.708 0.0000000000
34381  11.076  -40.344  39.339 0.0000000000
33255  10.702  -40.921  39.691 0.0000000000
33249  10.285  -41.480  40.036 0.0000000000
33246  10.186  -41.423  40.814 0.0000000000
49248  33.485  -25.421  32.384 0.0000000000
48266  32.720  -25.942  31.531 0.0000000000
47283  32.366  -26.744  31.099 0.0000000000
46400  32.535  -28.411  31.243 0.0000000000
44617  26.496  -29.600  29.979 0.0000000000
43603  27.172  -29.820  30.082 0.0000000000
44634  27.072  -29.483  29.174 0.0000000000
44651  26.868  -29.299  27.975 0.0000000000
44670  25.566  -29.443  26.293 0.0000000000
53287  32.738  -20.990  23.560 0.0000000000
53288  32.130  -21.613  23.350 0.0000000000
68617  50.469  -6.086  16.373 0.0000000000
67723  50.235  -6.451  15.850 0.0000000000
68635  51.510  -5.526  13.436 0.0000000000
66788  50.002  -7.138  12.725 0.0000000000
58027  37.562  -16.495  20.590 0.0000000000
58026  38.615  -16.592  20.747 0.0000000000
56282  37.108  -18.023  19.893 0.0000000000
54418  37.537  -19.857  19.811 0.0000000000
55350  36.884  -19.093  19.485 0.0000000000
54433  35.721  -19.941  18.478 0.0000000000
53398  35.796  -20.760  17.020 0.0000000000
58018  41.472  -16.856  22.121 0.0000000000
58863  42.116  -16.070  22.332 0.0000000000
58864  40.969  -15.914  21.860 0.0000000000
58865  40.576  -15.397  21.540 0.0000000000
58874  40.188  -15.818  21.210 0.0000000000
37522  18.202  -36.088  30.695 0.0000000000
37525  15.720  -37.157  31.392 0.0000000000
42386  29.107  -31.641  37.008 0.0000000000
42403  28.087  -31.395  36.360 0.0000000000
43468  27.978  -31.360  35.683 0.0000000000
43545  24.237  -30.421  32.874 0.0000000000
43523  25.083  -30.551  33.798 0.0000000000
44558  24.306  -30.087  31.852 0.0000000000
44576  24.861  -30.006  31.208 0.0000000000
43620  22.670  -31.017  28.282 0.0000000000
49373  29.837  -25.275  24.771 0.0000000000
67708  44.779  -6.097  19.043 0.0000000000
66773  44.424  -6.740  14.901 0.0000000000
67738  46.990  -6.619  15.318 0.0000000000
67753  46.326  -6.805  13.890 0.0000000000
41395  21.871  -33.870  36.832 0.0000000000
41379  22.638  -33.890  37.609 0.0000000000
40402  22.801  -33.969  37.905 0.0000000000
39410  22.713  -34.501  38.466 0.0000000000
41364  25.441  -32.867  38.525 0.0000000000
41376  24.877  -32.840  37.887 0.0000000000
41393  23.436  -33.048  37.330 0.0000000000
64908  39.037  -9.293  18.781 0.0000000000
39428  20.912  -35.140  36.372 0.0000000000
38455  20.290  -35.919  35.277 0.0000000000
37461  15.998  -36.028  35.264 0.0000000000
38474  15.740  -35.908  34.356 0.0000000000
37462  14.876  -36.331  35.338 0.0000000000
35444  15.729  -37.621  39.786 0.0000000000
36412  13.135  -38.085  38.855 0.0000000000
36443  12.853  -37.449  37.270 0.0000000000
53264  34.964  -20.482  25.667 0.0000000000
52279  34.012  -21.658  27.076 0.0000000000
50267  33.619  -23.872  30.497 0.0000000000
50279  33.607  -23.716  29.735 0.0000000000
50285  33.594  -23.516  28.975 0.0000000000
51278  33.543  -23.237  28.595 0.0000000000
50295  32.658  -23.602  27.969 0.0000000000
50296  32.015  -24.133  27.660 0.0000000000
50310  30.862  -24.256  26.674 0.0000000000
49321  31.209  -24.802  28.161 0.0000000000
47344  31.623  -27.602  28.800 0.0000000000
110664  30.990  -27.338  28.014 0.0000000000
110665  30.962  -27.719  27.818 0.0000000000
45595  30.516  -28.611  25.524 0.0000000000
41403  31.025  -31.949  35.704 0.0000000000
41414  30.830  -31.733  35.254 0.0000000000
41413  31.025  -31.605  34.771 0.0000000000
41412  31.556  -31.488  34.550 0.0000000000
41453  30.043  -31.370  31.671 0.0000000000
41442  30.456  -31.356  32.209 0.0000000000
41441  30.852  -31.091  31.934 0.0000000000
42466  31.304  -30.946  32.335 0.0000000000
42452  32.081  -30.560  32.683 0.0000000000
43539  32.670  -30.303  33.136 0.0000000000
42464  32.004  -30.486  32.137 0.0000000000
43562  32.379  -30.257  32.208 0.0000000000
44573  32.502  -30.049  31.616 0.0000000000
44593  31.772  -30.250  30.573 0.0000000000
44615  31.009  -30.229  29.871 0.0000000000
43654  27.963  -29.600  26.193 0.0000000000
43671  28.380  -29.647  25.146 0.0000000000
43693  28.548  -29.931  23.935 0.0000000000
53304  37.450  -20.274  22.000 0.0000000000
54380  36.869  -20.226  21.425 0.0000000000
54393  36.048  -20.061  20.814 0.0000000000
53346  32.995  -20.483  20.252 0.0000000000
53361  33.226  -20.783  19.286 0.0000000000
68638  50.580  -5.156  12.314 0.0000000000
69521  49.959  -4.532  12.865 0.0000000000
55337  38.798  -19.233  20.371 0.0000000000
55348  38.355  -19.580  20.211 0.0000000000
54404  38.595  -19.997  20.083 0.0000000000
53370  37.693  -20.348  19.737 0.0000000000
58016  42.854  -17.056  22.282 0.0000000000
56260  42.196  -18.405  22.099 0.0000000000
57147  41.827  -17.666  22.157 0.0000000000
57153  41.007  -17.712  22.072 0.0000000000
37521  18.822  -36.299  30.226 0.0000000000
42422  26.245  -31.504  35.967 0.0000000000
42485  21.414  -32.072  30.084 0.0000000000
42500  21.114  -32.976  29.998 0.0000000000
66764  42.621  -6.946  16.749 0.0000000000
40388  24.118  -34.139  39.428 0.0000000000
63943  41.400  -11.426  23.437 0.0000000000
64898  41.191  -9.327  22.316 0.0000000000
65819  40.805  -9.181  21.846 0.0000000000
65822  41.604  -8.368  20.881 0.0000000000
65823  40.471  -8.941  21.241 0.0000000000
65828  39.702  -8.987  20.552 0.0000000000
63967  38.265  -10.790  20.292 0.0000000000
64906  38.579  -10.054  19.708 0.0000000000
64909  38.488  -9.880  19.147 0.0000000000
63982  37.913  -10.275  18.579 0.0000000000
37426  20.655  -36.834  36.958 0.0000000000
37440  20.124  -36.709  36.494 0.0000000000
36450  20.175  -37.034  37.004 0.0000000000
37427  18.940  -36.868  37.411 0.0000000000
36422  19.159  -37.145  37.901 0.0000000000
37428  18.299  -36.691  37.455 0.0000000000
37429  17.427  -36.513  37.418 0.0000000000
35465  12.095  -39.097  37.928 0.0000000000
35476  11.662  -39.578  37.156 0.0000000000
34407  11.132  -40.318  37.424 0.0000000000
49278  34.222  -24.085  31.678 0.0000000000
49290  32.786  -24.651  29.952 0.0000000000
49291  32.193  -24.967  29.598 0.0000000000
47294  32.100  -27.012  30.471 0.0000000000
47307  31.886  -27.166  29.915 0.0000000000
47325  31.727  -27.356  29.306 0.0000000000
47324  31.955  -27.839  29.227 0.0000000000
45565  31.626  -28.405  28.530 0.0000000000
44648  31.534  -28.899  28.380 0.0000000000
43518  29.206  -31.396  33.274 0.0000000000
43541  28.941  -31.319  32.718 0.0000000000
43564  28.765  -31.123  32.028 0.0000000000
42484  29.188  -31.244  31.611 0.0000000000
43587  28.003  -30.393  30.893 0.0000000000
42483  29.619  -31.256  31.339 0.0000000000
42498  29.135  -31.007  30.852 0.0000000000
42497  29.686  -31.023  30.720 0.0000000000
42513  29.750  -30.788  30.063 0.0000000000
42512  30.015  -30.794  30.172 0.0000000000
54362  34.539  -19.993  22.623 0.0000000000
54383  33.902  -20.192  21.797 0.0000000000
53330  32.858  -20.532  21.352 0.0000000000
53305  32.635  -20.852  22.356 0.0000000000
53362  32.566  -21.029  19.669 0.0000000000
68637  50.866  -5.516  12.529 0.0000000000
66804  50.188  -6.653  11.135 0.0000000000
58878  36.429  -15.596  19.798 0.0000000000
58040  36.096  -16.599  19.549 0.0000000000
56280  38.561  -18.402  20.400 0.0000000000
56281  37.819  -18.135  20.207 0.0000000000
61828  41.221  -12.941  23.016 0.0000000000
59773  40.122  -14.454  21.678 0.0000000000
61838  39.366  -13.320  21.738 0.0000000000
60781  39.119  -13.798  21.468 0.0000000000
41356  32.227  -31.731  38.864 0.0000000000
41369  31.516  -32.126  37.545 0.0000000000
41389  30.242  -31.645  36.332 0.0000000000
41404  30.612  -31.749  35.696 0.0000000000
42436  29.567  -31.483  34.712 0.0000000000
43499  29.087  -31.411  33.976 0.0000000000
42421  26.782  -31.336  35.741 0.0000000000
43481  27.335  -31.295  35.340 0.0000000000
43502  26.753  -30.951  34.462 0.0000000000
43501  27.641  -31.145  34.278 0.0000000000
43543  27.589  -30.656  32.486 0.0000000000
44595  26.357  -29.935  30.805 0.0000000000
44596  25.516  -29.841  30.535 0.0000000000
42499  21.401  -32.471  29.373 0.0000000000
51300  31.003  -22.806  24.698 0.0000000000
68593  48.398  -5.372  18.808 0.0000000000
67730  43.744  -6.253  17.106 0.0000000000
68602  47.989  -5.331  18.079 0.0000000000
68601  48.845  -5.503  18.086 0.0000000000
68610  48.299  -5.664  17.136 0.0000000000
68618  48.761  -5.927  16.543 0.0000000000
67724  49.332  -6.327  16.195 0.0000000000
66772  47.614  -6.896  15.215 0.0000000000
67736  48.647  -6.928  15.651 0.0000000000
66779  49.406  -7.385  13.796 0.0000000000
40410  22.006  -34.012  37.065 0.0000000000
40411  21.535  -34.365  36.864 0.0000000000
39409  23.561  -34.296  38.985 0.0000000000
38438  23.048  -34.979  39.180 0.0000000000
38439  22.712  -34.834  38.882 0.0000000000
38440  22.098  -34.884  38.380 0.0000000000
37425  21.259  -36.366  37.406 0.0000000000
36436  21.681  -36.874  38.095 0.0000000000
35472  21.338  -37.441  38.269 0.0000000000
35457  22.087  -36.604  39.199 0.0000000000
35458  21.265  -37.453  38.701 0.0000000000
41361  28.066  -32.535  38.543 0.0000000000
42405  26.104  -31.943  36.895 0.0000000000
42424  24.594  -31.918  36.234 0.0000000000
42425  23.815  -32.115  36.342 0.0000000000
43486  23.447  -31.994  35.957 0.0000000000
42438  21.904  -32.826  34.906 0.0000000000
59795  36.082  -14.622  19.189 0.0000000000
67675  46.072  -6.508  21.801 0.0000000000
67688  44.278  -6.881  20.893 0.0000000000
67687  44.742  -6.619  20.873 0.0000000000
67720  43.175  -6.465  18.638 0.0000000000
66759  42.438  -6.706  17.941 0.0000000000
65826  41.258  -7.933  19.746 0.0000000000
66760  41.769  -7.137  18.317 0.0000000000
66765  41.858  -7.152  17.371 0.0000000000
39451  20.017  -35.569  34.418 0.0000000000
38485  19.330  -35.518  33.526 0.0000000000
39464  19.344  -35.518  33.280 0.0000000000
38486  19.005  -35.742  33.268 0.0000000000
37457  19.605  -36.489  36.041 0.0000000000
38457  18.575  -35.646  35.172 0.0000000000
37459  17.964  -35.606  35.894 0.0000000000
38458  18.011  -35.333  35.183 0.0000000000
38503  16.624  -35.959  32.769 0.0000000000
38490  15.390  -36.227  33.605 0.0000000000
37491  14.972  -36.927  32.914 0.0000000000
35445  15.056  -37.670  39.828 0.0000000000
36410  14.848  -37.487  39.341 0.0000000000
36411  13.936  -37.638  39.206 0.0000000000
37416  15.288  -36.829  38.215 0.0000000000
37431  15.454  -36.539  37.355 0.0000000000
37463  14.025  -36.721  34.932 0.0000000000
37447  13.303  -37.252  35.554 0.0000000000
37464  13.480  -37.668  34.585 0.0000000000
31090  8.967  -42.758  41.345 0.0000000000
30003  8.368  -43.494  40.570 0.0000000000
54343  37.279  -19.640  23.826 0.0000000000
54330  34.591  -20.346  24.335 0.0000000000
53273  33.691  -20.654  24.189 0.0000000000
52289  31.825  -21.864  25.010 0.0000000000
51299  31.509  -22.375  25.014 0.0000000000
52278  34.666  -21.553  27.430 0.0000000000
52274  33.420  -22.277  27.365 0.0000000000
52280  33.164  -22.007  26.672 0.0000000000
51294  30.448  -23.925  25.625 0.0000000000
50311  30.426  -24.895  26.156 0.0000000000
48352  29.927  -26.143  25.266 0.0000000000
47362  30.289  -26.895  26.033 0.0000000000
47380  30.422  -27.558  25.094 0.0000000000
47394  30.161  -27.850  24.217 0.0000000000
46479  30.099  -28.332  23.452 0.0000000000
45612  30.452  -28.934  22.742 0.0000000000
44743  30.373  -29.239  22.827 0.0000000000
44727  30.349  -29.256  24.237 0.0000000000
47265  33.385  -26.960  33.703 0.0000000000
42384  33.107  -31.242  37.567 0.0000000000
42399  33.303  -30.979  36.683 0.0000000000
43476  33.818  -30.081  35.916 0.0000000000
42445  30.398  -31.453  33.663 0.0000000000
41424  30.790  -31.436  33.660 0.0000000000
41432  31.134  -31.221  32.858 0.0000000000
41422  31.598  -31.214  33.596 0.0000000000
41411  32.000  -31.314  34.231 0.0000000000
43498  33.111  -30.617  35.104 0.0000000000
43496  33.720  -29.926  35.571 0.0000000000
44527  33.596  -29.767  35.246 0.0000000000
44554  33.025  -30.077  33.270 0.0000000000
45516  33.305  -29.184  33.799 0.0000000000
46387  32.944  -28.118  33.139 0.0000000000
44612  32.293  -29.431  30.440 0.0000000000
110656  31.000  -29.122  27.593 0.0000000000
43616  30.137  -30.594  29.741 0.0000000000
45559  30.359  -30.018  28.154 0.0000000000
44650  29.283  -29.912  27.240 0.0000000000
44649  29.785  -30.057  27.657 0.0000000000
110662  30.478  -29.573  27.390 0.0000000000
43691  30.012  -29.490  25.180 0.0000000000
44730  29.198  -29.863  23.925 0.0000000000
53326  39.273  -21.035  21.252 0.0000000000
53341  38.177  -21.080  20.516 0.0000000000
53344  35.228  -20.208  20.092 0.0000000000
53359  35.467  -20.277  19.489 0.0000000000
52364  35.281  -20.947  18.524 0.0000000000
66798  49.484  -7.357  12.161 0.0000000000
65858  49.033  -7.555  11.555 0.0000000000
28923  8.640  -43.965  42.152 0.0000000000
34380  16.071  -37.611  39.868 0.0000000000
36409  15.349  -37.482  39.354 0.0000000000
37414  18.950  -37.018  37.692 0.0000000000
38436  23.272  -34.838  39.195 0.0000000000
39411  22.274  -34.643  38.241 0.0000000000
41423  31.111  -31.404  33.811 0.0000000000
41431  31.447  -31.074  33.075 0.0000000000
41462  30.051  -31.089  30.936 0.0000000000
41463  29.944  -31.228  31.191 0.0000000000
42406  25.209  -32.165  36.729 0.0000000000
42444  30.831  -31.460  34.053 0.0000000000
42457  29.243  -31.388  32.658 0.0000000000
42467  30.135  -31.440  32.195 0.0000000000
42469  29.246  -31.361  32.311 0.0000000000
42496  30.261  -30.850  30.683 0.0000000000
43497  33.545  -30.183  35.464 0.0000000000
43538  32.835  -30.153  32.932 0.0000000000
43540  29.233  -31.394  32.906 0.0000000000
43547  21.892  -31.467  32.751 0.0000000000
43563  32.064  -30.429  31.852 0.0000000000
43583  32.277  -30.286  31.589 0.0000000000
43589  23.599  -30.037  30.252 0.0000000000
43599  30.994  -30.438  30.578 0.0000000000
43669  30.005  -29.550  25.676 0.0000000000
43670  29.763  -29.605  25.539 0.0000000000
44538  33.158  -29.755  33.269 0.0000000000
44542  25.572  -30.384  33.177 0.0000000000
44574  26.703  -30.240  31.405 0.0000000000
44594  31.349  -30.295  30.385 0.0000000000
44598  23.687  -30.045  30.488 0.0000000000
44631  30.582  -30.237  29.137 0.0000000000
44687  29.439  -29.675  25.747 0.0000000000
45560  30.081  -30.090  27.942 0.0000000000
46429  31.901  -28.168  28.972 0.0000000000
46470  30.548  -28.290  24.991 0.0000000000
47295  32.157  -26.305  30.530 0.0000000000
47343  31.818  -27.910  28.892 0.0000000000
48277  32.351  -25.805  30.631 0.0000000000
49304  31.986  -24.689  28.961 0.0000000000
51271  34.333  -23.069  29.673 0.0000000000
51301  30.241  -23.763  24.968 0.0000000000
52302  31.976  -21.789  23.982 0.0000000000
53354  39.273  -20.267  20.002 0.0000000000
54364  33.107  -20.517  22.824 0.0000000000
57145  43.057  -17.775  22.430 0.0000000000
57155  38.484  -17.109  20.681 0.0000000000
58038  38.724  -17.120  20.681 0.0000000000
62911  38.451  -11.623  21.386 0.0000000000
63974  38.614  -10.193  20.034 0.0000000000
64903  39.425  -9.713  21.116 0.0000000000
66807  48.535  -7.599  11.659 0.0000000000
67737  47.896  -6.725  15.607 0.0000000000
67752  46.700  -6.945  14.023 0.0000000000
68611  47.717  -5.575  17.509 0.0000000000
68619  48.359  -5.946  16.548 0.0000000000
69513  51.201  -4.560  13.716 0.0000000000
69522  49.205  -4.258  12.435 0.0000000000
69526  50.316  -4.901  12.278 0.0000000000
110658  30.783  -29.909  28.529 0.0000000000
110659  31.287  -27.528  28.333 0.0000000000
110666  30.146  -29.793  26.988 0.0000000000
