#!ascii label  , from subject demencia vox2ras=TkReg
596
32144  28.912  -42.940  38.276 0.0000000000
50305  47.411  -25.721  26.335 0.0000000000
47399  54.128  -27.371  23.669 0.0000000000
45502  45.200  -29.643  34.224 0.0000000000
36473  33.229  -39.029  34.551 0.0000000000
33267  31.928  -42.328  36.922 0.0000000000
49327  50.707  -25.978  25.944 0.0000000000
47335  49.118  -27.573  27.891 0.0000000000
43475  41.198  -32.203  35.174 0.0000000000
37470  36.884  -37.839  34.381 0.0000000000
57149  52.844  -16.816  21.102 0.0000000000
52314  54.025  -22.577  22.767 0.0000000000
47280  41.506  -27.912  31.154 0.0000000000
49245  46.969  -26.327  31.852 0.0000000000
34416  30.561  -40.395  36.775 0.0000000000
33259  30.697  -42.402  37.689 0.0000000000
50302  49.389  -25.354  26.133 0.0000000000
48311  50.343  -26.727  26.994 0.0000000000
50275  49.081  -25.383  28.903 0.0000000000
39446  42.218  -35.095  34.228 0.0000000000
36433  34.993  -39.326  36.338 0.0000000000
37472  35.424  -38.154  34.473 0.0000000000
36459  36.449  -38.917  35.285 0.0000000000
56256  51.598  -17.404  21.553 0.0000000000
55316  55.523  -19.562  20.859 0.0000000000
55310  54.404  -19.675  21.712 0.0000000000
49377  53.218  -25.356  23.989 0.0000000000
51317  52.229  -24.045  21.959 0.0000000000
50337  54.383  -24.890  23.559 0.0000000000
49423  54.490  -25.872  21.526 0.0000000000
46488  54.083  -28.365  21.525 0.0000000000
44503  43.177  -30.749  35.489 0.0000000000
45504  42.103  -29.849  33.984 0.0000000000
46368  43.695  -28.637  34.495 0.0000000000
47268  43.989  -27.543  31.801 0.0000000000
47243  46.130  -28.083  33.646 0.0000000000
47267  47.553  -27.909  31.764 0.0000000000
45521  46.613  -29.860  32.613 0.0000000000
35482  32.324  -39.982  36.303 0.0000000000
49360  51.469  -26.237  24.375 0.0000000000
47351  52.417  -27.332  25.304 0.0000000000
46450  51.615  -28.462  25.338 0.0000000000
45569  50.041  -28.965  25.618 0.0000000000
40422  39.284  -35.445  34.054 0.0000000000
40408  41.044  -34.428  35.368 0.0000000000
41398  42.608  -33.158  35.253 0.0000000000
43514  43.686  -31.334  33.942 0.0000000000
44569  45.012  -30.104  31.719 0.0000000000
39459  37.445  -36.095  33.361 0.0000000000
38453  38.677  -36.642  34.503 0.0000000000
57172  52.705  -17.293  19.479 0.0000000000
53336  52.873  -20.859  21.217 0.0000000000
53295  55.148  -22.041  22.126 0.0000000000
49465  54.999  -25.647  19.343 0.0000000000
49296  47.342  -25.743  29.196 0.0000000000
48269  48.516  -26.646  30.812 0.0000000000
45546  48.454  -29.564  29.213 0.0000000000
31104  29.567  -43.807  38.624 0.0000000000
32142  30.187  -43.050  38.346 0.0000000000
32151  30.373  -43.222  38.267 0.0000000000
50318  47.951  -25.492  25.761 0.0000000000
50282  49.244  -25.356  27.894 0.0000000000
50292  47.981  -25.486  27.890 0.0000000000
36432  35.496  -39.090  36.517 0.0000000000
56263  51.565  -18.270  21.015 0.0000000000
55319  52.946  -18.916  20.852 0.0000000000
48356  53.865  -26.668  24.253 0.0000000000
50328  53.773  -25.005  24.074 0.0000000000
48369  54.402  -26.633  23.229 0.0000000000
48387  54.554  -26.711  22.189 0.0000000000
44512  43.977  -30.103  34.667 0.0000000000
46360  42.866  -29.390  35.168 0.0000000000
46358  44.684  -29.039  34.633 0.0000000000
47245  44.544  -27.929  33.868 0.0000000000
46366  45.413  -28.815  34.248 0.0000000000
46364  46.421  -28.506  33.261 0.0000000000
45512  46.154  -29.664  33.189 0.0000000000
34415  31.423  -40.486  36.864 0.0000000000
34414  32.291  -40.794  36.619 0.0000000000
34413  33.420  -40.768  36.090 0.0000000000
50315  50.048  -25.644  25.327 0.0000000000
49380  50.148  -26.402  23.638 0.0000000000
49344  50.586  -26.008  25.190 0.0000000000
49342  52.280  -26.637  25.157 0.0000000000
48326  51.908  -27.024  25.597 0.0000000000
46434  52.198  -27.681  25.382 0.0000000000
47353  51.423  -27.426  25.845 0.0000000000
47334  49.547  -27.438  27.446 0.0000000000
46425  50.005  -27.917  26.701 0.0000000000
46438  48.872  -28.915  26.453 0.0000000000
44678  48.810  -30.090  25.831 0.0000000000
45563  48.703  -29.537  26.969 0.0000000000
39437  40.167  -35.517  34.968 0.0000000000
39427  40.396  -34.995  35.223 0.0000000000
39436  40.843  -35.484  35.292 0.0000000000
40420  42.460  -34.270  34.537 0.0000000000
42430  43.474  -32.096  34.508 0.0000000000
38469  36.004  -37.853  34.197 0.0000000000
39461  36.393  -37.053  33.247 0.0000000000
38481  37.173  -36.690  33.594 0.0000000000
38466  38.233  -36.371  34.335 0.0000000000
38454  38.077  -37.139  34.512 0.0000000000
58014  52.002  -16.226  22.359 0.0000000000
57159  53.062  -16.905  20.143 0.0000000000
53335  56.038  -21.350  20.302 0.0000000000
51316  52.645  -23.552  22.358 0.0000000000
51330  52.106  -23.452  21.495 0.0000000000
52335  52.544  -22.488  21.560 0.0000000000
53337  52.364  -21.302  20.759 0.0000000000
53321  53.070  -21.533  21.693 0.0000000000
54355  54.078  -21.237  22.319 0.0000000000
52313  54.596  -22.959  22.637 0.0000000000
47450  54.290  -26.950  20.296 0.0000000000
49445  54.915  -25.632  20.002 0.0000000000
42432  40.825  -33.099  34.533 0.0000000000
43515  41.056  -31.415  33.860 0.0000000000
47263  41.929  -28.735  32.669 0.0000000000
46386  40.761  -29.398  31.748 0.0000000000
48247  45.857  -26.817  32.524 0.0000000000
47277  44.004  -27.574  30.777 0.0000000000
48271  45.815  -26.700  30.526 0.0000000000
48282  45.894  -26.971  29.360 0.0000000000
49275  46.757  -25.875  30.461 0.0000000000
50263  48.053  -25.473  30.047 0.0000000000
49260  48.020  -26.391  31.277 0.0000000000
45527  47.847  -29.531  30.821 0.0000000000
46397  47.838  -28.697  30.558 0.0000000000
44585  48.369  -30.384  30.223 0.0000000000
44606  49.051  -30.999  29.399 0.0000000000
34387  30.670  -41.530  37.508 0.0000000000
33268  31.342  -42.004  37.380 0.0000000000
32164  31.912  -43.110  36.920 0.0000000000
31144  31.538  -43.646  37.116 0.0000000000
50289  50.010  -25.569  26.544 0.0000000000
49310  50.474  -26.204  26.797 0.0000000000
49311  49.792  -25.610  27.308 0.0000000000
49295  49.767  -25.881  28.092 0.0000000000
48294  49.465  -26.518  28.656 0.0000000000
36460  34.189  -39.107  35.445 0.0000000000
36486  33.827  -38.716  34.091 0.0000000000
37456  35.052  -38.643  35.411 0.0000000000
37455  35.705  -38.470  35.295 0.0000000000
37454  36.399  -38.539  34.939 0.0000000000
37453  37.598  -37.764  34.366 0.0000000000
36458  37.296  -38.612  34.516 0.0000000000
57142  52.394  -16.775  21.833 0.0000000000
55329  54.220  -18.397  20.612 0.0000000000
55330  53.729  -18.260  21.091 0.0000000000
55309  55.119  -19.717  21.554 0.0000000000
54374  55.491  -20.274  21.318 0.0000000000
49401  51.642  -25.634  22.242 0.0000000000
50345  52.743  -24.535  22.929 0.0000000000
51306  53.853  -23.974  23.717 0.0000000000
51305  54.500  -24.039  23.450 0.0000000000
51315  54.646  -23.974  22.433 0.0000000000
49399  54.463  -25.778  22.590 0.0000000000
48408  54.524  -26.692  21.216 0.0000000000
44495  41.708  -31.021  35.948 0.0000000000
44515  41.627  -31.107  34.926 0.0000000000
45486  42.004  -30.240  35.085 0.0000000000
46370  42.342  -29.348  33.992 0.0000000000
48230  42.559  -28.186  32.808 0.0000000000
47269  42.872  -27.816  32.192 0.0000000000
47260  43.999  -27.745  32.917 0.0000000000
48228  45.160  -27.357  33.132 0.0000000000
48246  46.628  -26.813  32.450 0.0000000000
48245  47.142  -27.102  32.385 0.0000000000
47257  47.050  -28.018  32.426 0.0000000000
46384  47.106  -29.214  32.434 0.0000000000
43533  47.437  -30.237  31.282 0.0000000000
35484  30.563  -39.934  36.027 0.0000000000
35496  31.565  -39.533  35.393 0.0000000000
36461  33.253  -39.169  35.279 0.0000000000
35493  33.999  -39.574  35.926 0.0000000000
34412  34.586  -40.579  36.049 0.0000000000
49359  52.420  -26.107  24.435 0.0000000000
49341  52.811  -26.576  24.851 0.0000000000
47387  53.311  -27.601  24.536 0.0000000000
46464  53.153  -28.233  24.408 0.0000000000
45590  52.473  -28.983  24.376 0.0000000000
45591  51.626  -29.744  24.451 0.0000000000
46424  50.802  -27.788  26.327 0.0000000000
46436  50.754  -28.450  25.843 0.0000000000
40429  38.541  -35.022  33.270 0.0000000000
41409  40.254  -34.333  34.085 0.0000000000
41400  40.791  -34.012  34.968 0.0000000000
41384  41.312  -33.653  35.193 0.0000000000
39434  42.005  -34.796  34.934 0.0000000000
40406  42.084  -33.591  35.347 0.0000000000
42396  42.115  -32.083  35.793 0.0000000000
42394  43.056  -31.718  35.665 0.0000000000
43474  43.269  -31.146  35.182 0.0000000000
43492  43.963  -30.715  33.994 0.0000000000
44534  45.498  -30.069  33.228 0.0000000000
43535  44.225  -30.527  33.355 0.0000000000
40423  38.528  -35.762  34.067 0.0000000000
39438  39.394  -35.908  34.493 0.0000000000
37450  39.929  -36.789  34.633 0.0000000000
36456  38.878  -37.650  34.534 0.0000000000
37469  39.708  -37.624  34.474 0.0000000000
58868  52.210  -15.657  20.273 0.0000000000
54389  52.100  -20.072  20.321 0.0000000000
55312  53.140  -19.771  21.244 0.0000000000
54375  54.878  -20.625  22.031 0.0000000000
52333  55.246  -22.472  21.458 0.0000000000
51328  54.588  -24.014  21.429 0.0000000000
51345  54.731  -24.031  20.714 0.0000000000
50385  55.189  -24.929  19.543 0.0000000000
45515  40.553  -30.407  32.253 0.0000000000
48312  46.263  -26.551  27.687 0.0000000000
49313  46.850  -26.125  27.796 0.0000000000
50284  47.928  -25.423  28.806 0.0000000000
49282  49.218  -25.940  29.414 0.0000000000
47297  48.942  -27.105  29.141 0.0000000000
48260  48.195  -27.023  31.422 0.0000000000
47286  48.135  -27.839  30.240 0.0000000000
46416  48.298  -28.603  28.667 0.0000000000
45555  49.111  -30.437  28.394 0.0000000000
44549  45.785  -30.233  32.362 0.0000000000
44567  46.765  -30.516  31.393 0.0000000000
30007  29.287  -44.376  38.626 0.0000000000
31105  28.473  -43.755  38.424 0.0000000000
32143  29.494  -42.936  38.318 0.0000000000
31103  30.071  -43.478  38.601 0.0000000000
50319  47.582  -25.627  26.137 0.0000000000
50304  47.836  -25.553  26.792 0.0000000000
55320  51.690  -19.092  20.221 0.0000000000
47412  54.431  -27.537  22.842 0.0000000000
45503  44.525  -29.782  34.529 0.0000000000
45492  44.061  -29.632  34.761 0.0000000000
45491  44.866  -29.309  34.536 0.0000000000
46357  45.044  -29.032  34.537 0.0000000000
45501  45.843  -29.272  33.710 0.0000000000
45513  45.599  -29.741  33.672 0.0000000000
34401  31.870  -41.577  36.959 0.0000000000
33279  32.597  -41.682  36.411 0.0000000000
49343  51.370  -26.413  24.976 0.0000000000
49326  51.269  -26.665  25.812 0.0000000000
48309  51.746  -26.940  25.887 0.0000000000
47314  49.325  -27.154  28.251 0.0000000000
46426  48.847  -28.299  27.355 0.0000000000
38451  40.402  -36.261  34.794 0.0000000000
38450  41.149  -36.008  34.960 0.0000000000
38468  36.574  -37.615  34.066 0.0000000000
38482  36.776  -37.123  33.607 0.0000000000
38467  37.559  -36.912  34.136 0.0000000000
58002  52.224  -15.598  22.389 0.0000000000
58013  52.575  -15.951  21.739 0.0000000000
52315  53.319  -22.716  22.679 0.0000000000
52334  52.872  -22.543  22.101 0.0000000000
53298  53.257  -22.121  22.194 0.0000000000
53297  53.688  -21.703  22.315 0.0000000000
42431  41.073  -32.475  34.902 0.0000000000
43494  40.996  -31.904  34.454 0.0000000000
47271  41.659  -28.340  31.858 0.0000000000
47281  40.912  -28.445  31.085 0.0000000000
48261  46.443  -26.490  31.979 0.0000000000
48262  45.877  -26.586  31.571 0.0000000000
49263  46.294  -26.209  30.859 0.0000000000
49262  46.765  -26.088  31.279 0.0000000000
49261  47.482  -26.102  31.289 0.0000000000
44565  47.815  -29.996  30.961 0.0000000000
44584  48.600  -31.129  29.920 0.0000000000
33260  30.297  -42.046  37.619 0.0000000000
33269  30.230  -41.642  37.477 0.0000000000
34386  30.876  -41.800  37.576 0.0000000000
32165  31.291  -42.904  37.390 0.0000000000
50331  48.299  -25.475  25.291 0.0000000000
50330  48.681  -25.500  25.020 0.0000000000
50317  48.748  -25.380  25.662 0.0000000000
50316  49.462  -25.497  25.275 0.0000000000
50290  49.310  -25.340  26.989 0.0000000000
36449  34.802  -39.161  35.996 0.0000000000
37436  36.099  -38.837  35.908 0.0000000000
37437  35.749  -38.733  35.978 0.0000000000
57144  50.840  -16.969  21.720 0.0000000000
57143  51.647  -16.810  22.000 0.0000000000
56262  52.514  -17.602  21.405 0.0000000000
55318  54.000  -18.819  21.361 0.0000000000
49378  52.407  -25.581  23.435 0.0000000000
49400  52.345  -25.126  22.707 0.0000000000
50327  54.136  -25.111  23.998 0.0000000000
51298  53.890  -24.472  24.026 0.0000000000
51297  54.135  -24.459  23.963 0.0000000000
50344  54.449  -24.850  22.974 0.0000000000
47424  54.470  -27.558  21.835 0.0000000000
47439  54.314  -27.367  20.960 0.0000000000
46498  53.973  -27.877  21.053 0.0000000000
43454  42.722  -31.464  35.872 0.0000000000
45481  41.908  -30.938  35.498 0.0000000000
45479  42.544  -30.457  35.395 0.0000000000
46369  42.820  -28.850  34.435 0.0000000000
47247  42.680  -28.616  33.633 0.0000000000
47246  43.433  -28.280  33.783 0.0000000000
47261  42.894  -28.107  33.035 0.0000000000
47244  45.394  -28.009  34.014 0.0000000000
48206  45.429  -27.561  33.616 0.0000000000
48227  45.963  -27.148  33.182 0.0000000000
48226  46.480  -27.473  33.003 0.0000000000
47259  46.371  -27.822  33.294 0.0000000000
45511  46.672  -29.390  32.795 0.0000000000
46377  46.689  -28.614  32.892 0.0000000000
45520  47.118  -29.804  32.272 0.0000000000
44547  47.407  -30.116  31.557 0.0000000000
35483  31.462  -39.857  36.282 0.0000000000
35495  32.376  -39.429  35.790 0.0000000000
35494  33.232  -39.496  35.891 0.0000000000
35481  33.252  -40.052  36.192 0.0000000000
49379  51.212  -26.196  23.483 0.0000000000
48344  52.385  -26.912  25.304 0.0000000000
48343  52.823  -26.858  24.987 0.0000000000
48342  53.322  -26.946  24.725 0.0000000000
47371  53.019  -27.405  24.852 0.0000000000
46448  52.604  -27.729  25.093 0.0000000000
46435  51.448  -27.850  25.735 0.0000000000
46449  52.336  -28.262  25.084 0.0000000000
45578  52.058  -28.651  24.984 0.0000000000
45579  51.647  -28.953  24.919 0.0000000000
47332  50.994  -27.355  26.268 0.0000000000
47333  50.271  -27.312  26.903 0.0000000000
46437  49.640  -28.561  26.296 0.0000000000
45580  50.761  -29.318  24.986 0.0000000000
45581  49.639  -29.593  25.135 0.0000000000
41420  39.441  -34.814  33.490 0.0000000000
40421  40.063  -35.113  34.236 0.0000000000
40409  40.666  -34.623  35.240 0.0000000000
41385  40.946  -34.226  35.248 0.0000000000
41399  41.135  -33.577  35.088 0.0000000000
39447  41.695  -35.581  34.643 0.0000000000
40413  42.811  -33.490  34.805 0.0000000000
40414  42.315  -33.984  35.112 0.0000000000
41383  41.850  -33.081  35.388 0.0000000000
41382  42.364  -32.681  35.528 0.0000000000
42395  42.628  -32.008  35.814 0.0000000000
41381  42.877  -32.398  35.532 0.0000000000
42413  43.340  -32.172  35.021 0.0000000000
43493  43.523  -31.137  34.507 0.0000000000
43513  43.967  -30.720  33.637 0.0000000000
43536  43.736  -31.033  33.150 0.0000000000
37473  34.677  -38.580  34.798 0.0000000000
37484  34.567  -38.229  33.801 0.0000000000
39473  36.757  -35.999  32.574 0.0000000000
39472  37.277  -35.768  32.852 0.0000000000
40430  38.183  -35.532  33.673 0.0000000000
39448  38.675  -36.015  34.295 0.0000000000
38452  39.658  -36.374  34.653 0.0000000000
37451  39.370  -37.235  34.601 0.0000000000
36457  38.322  -37.945  34.465 0.0000000000
36468  39.850  -37.808  34.376 0.0000000000
58031  52.586  -16.222  19.971 0.0000000000
57160  52.561  -16.752  19.604 0.0000000000
50356  51.851  -24.582  21.661 0.0000000000
50372  51.544  -24.153  21.065 0.0000000000
53351  51.531  -21.126  19.782 0.0000000000
54388  52.780  -20.204  20.988 0.0000000000
54377  53.204  -20.434  21.478 0.0000000000
53296  54.507  -21.640  22.437 0.0000000000
54354  54.322  -21.031  22.222 0.0000000000
53319  55.087  -21.362  22.058 0.0000000000
50355  54.358  -24.894  21.943 0.0000000000
50371  54.626  -24.943  20.718 0.0000000000
50370  54.979  -24.928  20.010 0.0000000000
51344  55.199  -23.995  20.065 0.0000000000
45505  41.648  -30.176  33.733 0.0000000000
44525  41.368  -30.997  34.163 0.0000000000
48272  44.962  -27.352  30.226 0.0000000000
48281  46.449  -26.431  29.063 0.0000000000
48296  45.802  -27.053  28.094 0.0000000000
48295  46.355  -26.516  28.459 0.0000000000
49312  47.409  -25.747  28.329 0.0000000000
49272  48.582  -26.167  30.464 0.0000000000
50262  48.663  -25.551  29.881 0.0000000000
48279  48.897  -26.633  29.924 0.0000000000
48244  47.424  -27.440  32.143 0.0000000000
49243  47.711  -26.859  31.910 0.0000000000
45533  48.139  -29.571  30.043 0.0000000000
46405  47.991  -28.682  29.686 0.0000000000
47298  48.388  -27.783  29.378 0.0000000000
45556  48.799  -29.734  28.129 0.0000000000
44622  49.346  -31.076  28.397 0.0000000000
44550  44.702  -30.296  32.873 0.0000000000
33254  29.777  -42.455  37.852 0.0000000000
33252  30.370  -42.714  37.913 0.0000000000
32150  30.555  -43.069  37.946 0.0000000000
31124  30.278  -43.747  38.388 0.0000000000
50303  48.651  -25.360  26.470 0.0000000000
50291  48.615  -25.344  27.425 0.0000000000
50283  48.565  -25.320  28.399 0.0000000000
35471  34.975  -39.751  36.580 0.0000000000
36448  35.303  -38.959  36.251 0.0000000000
36417  35.440  -39.349  36.766 0.0000000000
36431  35.803  -39.345  36.638 0.0000000000
56257  50.894  -17.606  21.230 0.0000000000
55311  53.617  -19.685  21.463 0.0000000000
49358  53.304  -26.095  24.464 0.0000000000
49357  54.014  -25.859  24.212 0.0000000000
49376  54.335  -25.668  23.609 0.0000000000
44513  43.419  -30.422  35.119 0.0000000000
45484  42.905  -30.103  35.469 0.0000000000
45493  43.248  -29.870  35.243 0.0000000000
46359  43.870  -29.143  34.857 0.0000000000
46367  44.628  -28.535  34.432 0.0000000000
47242  46.391  -28.282  33.313 0.0000000000
46365  46.199  -28.659  33.517 0.0000000000
46378  46.359  -29.131  33.277 0.0000000000
49362  49.567  -25.916  24.475 0.0000000000
49361  50.499  -26.196  24.428 0.0000000000
49325  51.821  -26.799  25.527 0.0000000000
48325  52.410  -27.076  25.341 0.0000000000
46433  52.411  -27.563  25.262 0.0000000000
47352  51.813  -27.407  25.612 0.0000000000
47313  49.784  -26.864  27.657 0.0000000000
45582  48.949  -29.756  25.508 0.0000000000
44642  48.923  -30.443  27.270 0.0000000000
40416  39.835  -35.474  34.554 0.0000000000
40415  40.191  -34.945  34.765 0.0000000000
39426  40.687  -34.964  35.394 0.0000000000
39425  41.211  -34.779  35.421 0.0000000000
41397  43.141  -32.739  35.036 0.0000000000
41408  43.222  -32.916  34.325 0.0000000000
37483  35.235  -37.869  33.872 0.0000000000
39474  36.100  -36.860  32.673 0.0000000000
39460  36.791  -36.629  33.187 0.0000000000
39449  38.062  -36.051  34.092 0.0000000000
37452  38.501  -37.373  34.542 0.0000000000
58850  52.341  -15.124  22.054 0.0000000000
58020  52.762  -16.055  20.760 0.0000000000
54387  55.986  -20.425  20.477 0.0000000000
51329  52.552  -23.004  21.886 0.0000000000
52348  52.098  -22.457  20.949 0.0000000000
53322  52.509  -21.939  21.246 0.0000000000
53320  53.528  -21.310  22.018 0.0000000000
52312  54.974  -22.630  22.059 0.0000000000
49446  54.614  -25.966  20.696 0.0000000000
48429  54.564  -26.444  20.321 0.0000000000
48428  54.809  -26.058  19.702 0.0000000000
42441  40.261  -33.167  33.492 0.0000000000
46380  41.631  -29.397  32.973 0.0000000000
46385  41.187  -29.337  32.214 0.0000000000
46391  40.967  -29.033  31.610 0.0000000000
48248  45.018  -27.219  32.247 0.0000000000
48263  44.976  -27.180  31.229 0.0000000000
49285  46.165  -26.462  29.974 0.0000000000
49283  47.269  -25.631  29.942 0.0000000000
50264  47.675  -25.506  30.061 0.0000000000
49274  47.468  -25.691  30.578 0.0000000000
49273  48.099  -25.820  30.642 0.0000000000
49259  48.370  -26.478  31.015 0.0000000000
46390  47.660  -28.696  31.378 0.0000000000
44607  48.681  -30.189  29.625 0.0000000000
34403  30.554  -41.042  37.360 0.0000000000
34402  31.313  -41.259  37.304 0.0000000000
31123  30.962  -43.922  37.596 0.0000000000
50301  50.058  -25.586  25.770 0.0000000000
49309  50.879  -26.582  26.275 0.0000000000
49294  50.079  -26.267  27.409 0.0000000000
48293  49.842  -26.400  27.749 0.0000000000
36472  33.994  -38.847  34.670 0.0000000000
37438  35.353  -38.746  35.895 0.0000000000
37471  36.172  -38.121  34.572 0.0000000000
36471  37.846  -38.673  34.225 0.0000000000
56272  53.444  -17.820  20.641 0.0000000000
55317  54.863  -18.984  21.209 0.0000000000
52347  55.846  -22.465  20.307 0.0000000000
50346  52.306  -24.604  22.282 0.0000000000
50338  53.650  -24.659  23.921 0.0000000000
50339  53.252  -24.632  23.545 0.0000000000
51307  53.210  -23.702  23.200 0.0000000000
52298  53.744  -23.206  23.205 0.0000000000
52297  54.229  -23.315  23.235 0.0000000000
52296  54.444  -23.423  23.137 0.0000000000
47440  53.907  -27.505  20.640 0.0000000000
43465  41.789  -31.787  35.637 0.0000000000
44505  41.661  -31.520  35.400 0.0000000000
44504  41.876  -31.004  35.348 0.0000000000
44514  41.974  -30.642  35.108 0.0000000000
45495  42.018  -30.179  34.587 0.0000000000
46346  42.546  -29.725  35.251 0.0000000000
46361  42.380  -29.591  34.846 0.0000000000
47248  42.204  -29.072  33.376 0.0000000000
48251  41.904  -28.258  32.186 0.0000000000
47270  42.031  -27.916  31.906 0.0000000000
48249  42.701  -28.021  32.692 0.0000000000
49244  47.378  -26.543  31.927 0.0000000000
48224  47.135  -27.674  32.355 0.0000000000
46376  46.993  -28.406  32.525 0.0000000000
46383  47.287  -28.626  32.225 0.0000000000
45519  47.525  -29.526  31.674 0.0000000000
44546  47.601  -29.948  31.371 0.0000000000
36474  32.417  -39.257  34.330 0.0000000000
36463  32.002  -39.329  34.791 0.0000000000
36462  32.470  -39.219  35.069 0.0000000000
35480  34.314  -39.853  36.233 0.0000000000
48357  53.332  -26.647  24.631 0.0000000000
47370  53.436  -27.231  24.556 0.0000000000
47386  53.639  -27.627  24.190 0.0000000000
46474  53.877  -28.303  23.595 0.0000000000
46463  53.572  -28.046  24.081 0.0000000000
45589  53.003  -28.744  24.160 0.0000000000
46465  52.659  -28.460  24.651 0.0000000000
48310  51.034  -26.844  26.226 0.0000000000
46423  50.882  -27.892  26.120 0.0000000000
46451  51.225  -28.752  25.287 0.0000000000
41429  38.771  -34.495  32.533 0.0000000000
42415  41.019  -33.427  34.940 0.0000000000
42414  41.257  -32.966  35.053 0.0000000000
42397  41.628  -32.563  35.415 0.0000000000
39435  41.465  -35.212  35.217 0.0000000000
39424  41.743  -34.418  35.251 0.0000000000
40407  41.531  -34.038  35.289 0.0000000000
42381  42.483  -31.806  35.951 0.0000000000
43463  43.238  -31.473  35.713 0.0000000000
43462  43.012  -31.048  35.606 0.0000000000
44524  43.621  -30.581  34.711 0.0000000000
44523  44.327  -30.280  34.269 0.0000000000
44522  45.125  -30.069  33.877 0.0000000000
44535  44.591  -30.405  33.638 0.0000000000
44551  44.050  -30.434  32.335 0.0000000000
37485  33.926  -38.587  33.668 0.0000000000
38498  34.961  -37.567  33.045 0.0000000000
40436  38.270  -34.879  32.848 0.0000000000
36469  39.220  -38.082  34.351 0.0000000000
58032  52.101  -16.343  19.447 0.0000000000
54376  53.831  -20.736  22.030 0.0000000000
53318  55.464  -21.345  21.264 0.0000000000
51314  54.812  -23.181  21.849 0.0000000000
51327  54.977  -23.292  20.932 0.0000000000
51361  55.644  -24.101  19.231 0.0000000000
49330  46.326  -26.369  26.250 0.0000000000
44536  41.073  -30.891  33.405 0.0000000000
47299  45.084  -27.659  28.550 0.0000000000
48313  45.803  -26.910  26.994 0.0000000000
49314  46.477  -26.344  27.103 0.0000000000
49329  47.096  -25.959  26.774 0.0000000000
49328  47.430  -25.741  27.515 0.0000000000
50277  47.801  -25.455  29.586 0.0000000000
50276  48.383  -25.351  29.305 0.0000000000
48259  48.396  -26.676  31.131 0.0000000000
47276  47.962  -27.852  31.034 0.0000000000
48270  48.480  -27.178  30.633 0.0000000000
48280  48.630  -27.264  29.925 0.0000000000
47315  48.742  -27.651  28.444 0.0000000000
44623  49.141  -30.579  27.969 0.0000000000
45545  49.045  -30.314  28.928 0.0000000000
44533  46.216  -30.066  32.718 0.0000000000
44568  46.211  -30.494  31.430 0.0000000000
44548  46.784  -30.310  31.942 0.0000000000
43557  47.118  -30.548  31.060 0.0000000000
31125  29.874  -44.032  38.688 0.0000000000
32141  30.366  -42.915  38.060 0.0000000000
33253  30.135  -42.575  37.921 0.0000000000
34384  35.742  -39.819  37.173 0.0000000000
35454  35.701  -39.652  37.324 0.0000000000
35470  35.641  -39.740  37.043 0.0000000000
36416  35.614  -39.395  37.033 0.0000000000
37421  35.963  -38.992  36.412 0.0000000000
37422  35.832  -38.866  36.295 0.0000000000
38484  35.141  -37.757  33.587 0.0000000000
41410  39.906  -35.075  33.865 0.0000000000
42382  42.199  -31.798  35.870 0.0000000000
43453  43.085  -30.925  35.889 0.0000000000
43455  42.155  -31.412  35.933 0.0000000000
43464  42.018  -31.585  35.944 0.0000000000
43534  47.244  -30.339  31.402 0.0000000000
44493  42.641  -30.890  35.510 0.0000000000
44494  42.080  -31.241  35.634 0.0000000000
44566  47.588  -30.132  31.210 0.0000000000
45480  42.320  -30.685  35.372 0.0000000000
45485  42.512  -30.027  35.339 0.0000000000
45494  42.815  -29.827  35.395 0.0000000000
45496  41.702  -30.597  34.398 0.0000000000
45522  40.815  -29.645  32.100 0.0000000000
45570  49.242  -29.107  25.772 0.0000000000
45571  48.779  -29.588  26.141 0.0000000000
46347  42.374  -29.827  35.164 0.0000000000
46371  41.994  -29.568  33.611 0.0000000000
46379  42.086  -29.182  33.313 0.0000000000
47258  46.580  -27.978  33.037 0.0000000000
47262  42.442  -28.447  33.025 0.0000000000
47264  41.573  -29.053  32.473 0.0000000000
47331  51.443  -27.161  25.884 0.0000000000
48204  46.206  -27.714  33.439 0.0000000000
48205  45.968  -27.615  33.560 0.0000000000
48225  46.938  -27.608  32.530 0.0000000000
48229  42.903  -27.910  32.970 0.0000000000
48231  42.287  -28.319  32.653 0.0000000000
48250  42.389  -28.065  32.448 0.0000000000
48327  51.440  -26.941  25.898 0.0000000000
49276  46.319  -26.216  30.308 0.0000000000
49284  46.596  -26.104  29.641 0.0000000000
49297  46.855  -26.118  28.753 0.0000000000
49345  50.048  -25.771  24.959 0.0000000000
56255  52.071  -17.154  21.751 0.0000000000
56271  53.901  -18.061  20.496 0.0000000000
58003  51.599  -15.615  22.615 0.0000000000
58883  52.159  -15.938  19.767 0.0000000000
