#!ascii label  , from subject demencia vox2ras=TkReg
782
96124  39.515  27.250  6.745 0.0000000000
98536  43.930  31.788  15.566 0.0000000000
93389  45.980  23.794  9.537 0.0000000000
94078  37.146  24.569  7.439 0.0000000000
93416  39.425  23.241  6.546 0.0000000000
99225  41.371  32.517  10.041 0.0000000000
97895  38.015  31.167  16.138 0.0000000000
100338  39.213  34.918  15.704 0.0000000000
91985  48.922  21.513  12.706 0.0000000000
89652  45.936  18.630  11.240 0.0000000000
96705  41.832  28.346  11.278 0.0000000000
95409  44.252  26.455  4.966 0.0000000000
96063  45.326  27.082  11.321 0.0000000000
93365  44.943  23.539  13.288 0.0000000000
102364  39.393  36.898  11.517 0.0000000000
100985  42.147  35.083  14.328 0.0000000000
92041  43.791  21.489  7.119 0.0000000000
95401  37.900  26.351  6.622 0.0000000000
93429  38.382  23.353  6.032 0.0000000000
94110  38.749  24.795  4.025 0.0000000000
97347  40.325  29.544  8.796 0.0000000000
96113  38.637  27.765  7.329 0.0000000000
99761  36.042  32.953  16.394 0.0000000000
90423  48.575  19.548  14.663 0.0000000000
90445  50.070  19.525  13.106 0.0000000000
87997  51.078  16.896  14.828 0.0000000000
102937  42.044  38.298  8.564 0.0000000000
97936  43.002  30.612  13.534 0.0000000000
96703  44.011  27.986  11.554 0.0000000000
97302  45.997  29.464  13.346 0.0000000000
95327  41.231  25.726  14.060 0.0000000000
94682  43.634  25.545  13.544 0.0000000000
93367  42.417  23.563  13.621 0.0000000000
91977  44.169  21.752  12.960 0.0000000000
100330  41.471  34.309  16.368 0.0000000000
101662  41.881  36.835  16.120 0.0000000000
99783  42.339  33.552  15.087 0.0000000000
99211  41.425  32.474  12.952 0.0000000000
94730  46.565  25.485  7.250 0.0000000000
94092  44.388  24.769  4.927 0.0000000000
92737  45.902  22.629  7.915 0.0000000000
92044  37.885  21.865  7.684 0.0000000000
92030  39.638  21.335  8.742 0.0000000000
100373  42.639  34.804  11.011 0.0000000000
99810  40.949  33.294  9.306 0.0000000000
98521  41.695  31.859  16.173 0.0000000000
97279  43.545  29.806  15.638 0.0000000000
100365  33.603  34.627  13.788 0.0000000000
101001  36.320  35.239  13.304 0.0000000000
99758  38.715  33.405  15.973 0.0000000000
92701  47.927  22.457  11.381 0.0000000000
92013  46.793  21.417  9.332 0.0000000000
91241  48.649  20.451  11.586 0.0000000000
88843  47.768  17.677  11.819 0.0000000000
96099  40.804  27.151  8.644 0.0000000000
94759  41.781  26.078  5.476 0.0000000000
95361  42.999  26.020  9.377 0.0000000000
96087  45.308  26.612  9.313 0.0000000000
95347  45.727  25.893  10.233 0.0000000000
96680  44.703  28.142  13.847 0.0000000000
94690  45.302  25.739  12.276 0.0000000000
94035  46.225  24.212  11.902 0.0000000000
91988  46.252  22.295  12.651 0.0000000000
90435  46.508  20.005  13.686 0.0000000000
102388  39.429  37.511  9.786 0.0000000000
102362  42.143  37.568  11.383 0.0000000000
102346  41.568  37.318  13.835 0.0000000000
101689  43.056  36.890  12.611 0.0000000000
99796  41.483  33.383  11.580 0.0000000000
97966  41.228  30.598  10.638 0.0000000000
94120  41.759  24.707  3.451 0.0000000000
92754  41.756  23.139  6.777 0.0000000000
91278  42.125  20.055  8.089 0.0000000000
91262  44.979  20.613  9.317 0.0000000000
95400  38.564  26.654  6.301 0.0000000000
94760  38.707  25.646  5.169 0.0000000000
95428  39.087  26.150  4.707 0.0000000000
96111  40.003  27.675  7.285 0.0000000000
97363  39.746  29.333  7.536 0.0000000000
96112  39.397  27.854  7.179 0.0000000000
96126  38.200  27.056  6.938 0.0000000000
89608  48.915  17.954  15.684 0.0000000000
89606  50.330  18.145  15.395 0.0000000000
87968  50.212  16.761  16.117 0.0000000000
90478  39.578  19.051  9.183 0.0000000000
98548  43.733  31.573  14.750 0.0000000000
97303  44.781  29.793  13.207 0.0000000000
97926  45.590  31.035  14.404 0.0000000000
94033  40.702  24.379  14.122 0.0000000000
94031  42.036  24.451  13.722 0.0000000000
99754  42.806  33.261  16.244 0.0000000000
100329  42.252  34.240  16.155 0.0000000000
99197  43.132  32.580  15.394 0.0000000000
98549  42.840  31.806  14.437 0.0000000000
94060  46.011  24.287  8.874 0.0000000000
94068  45.870  24.402  7.647 0.0000000000
93405  45.873  23.367  8.212 0.0000000000
93408  36.339  23.633  8.218 0.0000000000
92759  36.254  22.921  6.987 0.0000000000
92746  37.465  22.311  6.758 0.0000000000
92755  38.751  22.921  6.653 0.0000000000
92731  39.480  22.250  8.131 0.0000000000
92743  40.400  22.928  7.721 0.0000000000
100380  41.940  34.150  10.458 0.0000000000
100386  41.762  34.317  9.681 0.0000000000
99242  41.186  32.445  9.197 0.0000000000
94725  36.511  25.787  7.897 0.0000000000
94071  36.330  24.539  8.540 0.0000000000
98539  40.471  31.372  15.882 0.0000000000
97914  40.863  30.590  15.767 0.0000000000
97915  39.809  30.634  15.883 0.0000000000
99187  37.379  32.459  16.408 0.0000000000
99760  36.878  33.101  16.520 0.0000000000
99202  38.880  32.325  15.939 0.0000000000
99773  39.781  32.640  15.958 0.0000000000
92690  48.588  21.856  12.179 0.0000000000
92004  48.739  21.430  11.014 0.0000000000
91994  49.490  21.189  12.332 0.0000000000
88831  50.050  17.692  13.016 0.0000000000
88832  49.159  17.748  12.514 0.0000000000
88017  49.241  16.670  11.608 0.0000000000
96715  41.055  28.182  10.382 0.0000000000
95373  41.352  26.496  8.565 0.0000000000
96078  41.831  27.064  10.295 0.0000000000
96702  44.840  27.887  11.450 0.0000000000
96065  44.458  27.359  11.027 0.0000000000
96064  45.069  27.254  10.953 0.0000000000
96085  45.875  26.368  9.565 0.0000000000
95348  45.552  26.059  10.786 0.0000000000
96658  43.080  28.877  15.439 0.0000000000
96669  44.686  28.716  14.664 0.0000000000
96036  43.365  27.898  14.282 0.0000000000
94029  44.459  24.668  13.446 0.0000000000
94681  44.490  25.761  13.166 0.0000000000
94037  45.145  24.769  13.069 0.0000000000
94036  45.585  24.794  12.443 0.0000000000
93372  45.712  23.758  12.785 0.0000000000
93371  46.556  23.388  12.008 0.0000000000
92694  45.433  23.165  12.909 0.0000000000
90450  43.781  20.134  12.818 0.0000000000
91223  45.316  20.967  13.104 0.0000000000
102376  39.989  37.258  10.432 0.0000000000
102375  41.274  37.395  10.337 0.0000000000
102363  40.898  37.294  11.511 0.0000000000
100350  38.271  34.922  14.466 0.0000000000
100999  38.036  35.170  13.506 0.0000000000
100988  38.971  35.286  14.815 0.0000000000
100984  42.447  35.413  15.099 0.0000000000
102339  41.944  37.568  14.993 0.0000000000
101679  42.790  36.789  13.770 0.0000000000
101008  42.634  35.909  12.911 0.0000000000
100369  42.311  35.107  11.911 0.0000000000
100359  41.551  34.330  13.078 0.0000000000
97315  41.602  29.892  12.222 0.0000000000
97952  41.416  30.566  11.783 0.0000000000
97327  41.396  29.371  11.399 0.0000000000
96716  40.395  28.671  9.592 0.0000000000
94757  42.980  26.078  4.938 0.0000000000
95448  41.258  26.301  2.749 0.0000000000
95446  43.192  26.087  2.997 0.0000000000
92751  44.095  22.764  6.700 0.0000000000
93424  43.180  23.457  6.152 0.0000000000
92752  43.372  22.826  6.609 0.0000000000
92043  42.156  21.838  7.632 0.0000000000
91290  43.205  20.872  7.246 0.0000000000
91250  46.098  20.470  10.316 0.0000000000
91261  45.975  20.982  9.554 0.0000000000
90466  45.148  19.751  10.472 0.0000000000
94077  37.464  24.629  6.874 0.0000000000
93417  37.421  23.961  6.906 0.0000000000
94087  38.102  24.609  6.169 0.0000000000
93439  38.493  23.798  5.117 0.0000000000
93438  38.982  23.259  4.923 0.0000000000
97976  40.638  30.400  8.935 0.0000000000
95388  37.445  26.578  7.104 0.0000000000
91219  49.227  20.796  14.177 0.0000000000
91232  50.100  20.444  13.224 0.0000000000
91217  50.333  19.876  14.155 0.0000000000
88827  50.436  17.980  13.629 0.0000000000
97314  42.516  29.388  12.597 0.0000000000
96704  42.845  28.026  11.515 0.0000000000
97313  44.049  29.164  12.652 0.0000000000
96689  44.540  28.535  11.985 0.0000000000
97311  45.435  28.727  12.720 0.0000000000
95315  41.647  26.772  13.985 0.0000000000
96048  42.601  27.083  13.973 0.0000000000
94683  42.580  25.417  13.745 0.0000000000
94030  43.121  24.531  13.609 0.0000000000
93366  43.622  23.576  13.568 0.0000000000
92683  44.882  22.588  13.016 0.0000000000
92685  42.784  22.625  13.341 0.0000000000
91991  42.687  21.253  12.678 0.0000000000
91225  42.589  19.973  12.947 0.0000000000
101703  38.307  36.445  11.834 0.0000000000
100971  40.285  35.094  16.240 0.0000000000
100986  40.326  36.084  15.723 0.0000000000
100969  42.005  35.037  16.677 0.0000000000
100975  42.457  35.137  15.965 0.0000000000
100348  42.153  34.377  14.751 0.0000000000
99790  41.426  33.423  13.518 0.0000000000
99207  41.688  32.546  13.924 0.0000000000
97937  42.298  30.870  13.323 0.0000000000
95407  46.214  26.773  5.672 0.0000000000
94781  45.066  26.161  3.611 0.0000000000
94082  45.869  25.115  6.079 0.0000000000
93422  45.024  23.668  6.558 0.0000000000
92738  45.448  22.302  7.430 0.0000000000
88854  46.174  17.405  10.912 0.0000000000
88856  44.652  17.751  10.367 0.0000000000
91282  36.362  20.879  8.583 0.0000000000
92757  37.359  22.714  6.639 0.0000000000
92045  37.152  21.725  7.126 0.0000000000
92017  37.773  21.066  8.859 0.0000000000
92016  38.573  20.868  9.070 0.0000000000
92015  39.287  20.500  9.064 0.0000000000
91280  40.118  20.404  8.818 0.0000000000
100378  43.861  34.464  10.004 0.0000000000
101025  42.272  34.922  9.007 0.0000000000
98519  43.375  31.789  16.269 0.0000000000
97911  43.987  30.939  15.853 0.0000000000
97912  42.819  30.688  16.075 0.0000000000
97280  42.378  29.600  15.522 0.0000000000
96672  41.250  28.393  14.518 0.0000000000
96039  40.676  27.459  14.252 0.0000000000
95317  40.093  26.490  14.274 0.0000000000
101002  35.188  35.328  13.120 0.0000000000
100352  36.446  34.341  14.813 0.0000000000
100339  38.477  34.652  15.372 0.0000000000
100332  39.347  34.426  16.017 0.0000000000
99757  39.827  33.417  16.072 0.0000000000
99771  41.233  32.801  16.074 0.0000000000
92713  46.891  22.782  10.323 0.0000000000
92718  47.310  22.296  9.632 0.0000000000
92712  47.746  22.301  10.454 0.0000000000
91259  47.640  21.002  10.253 0.0000000000
90454  46.941  19.340  11.535 0.0000000000
90446  49.032  19.675  12.477 0.0000000000
89644  48.027  18.677  12.195 0.0000000000
88844  46.810  17.678  11.380 0.0000000000
95387  40.382  26.832  7.390 0.0000000000
95412  40.108  26.599  5.150 0.0000000000
95386  41.164  26.337  7.570 0.0000000000
94733  41.998  25.974  7.172 0.0000000000
94731  43.830  25.932  6.496 0.0000000000
95351  43.499  26.318  10.180 0.0000000000
95360  44.097  26.157  9.330 0.0000000000
96110  45.245  27.057  7.084 0.0000000000
96108  46.341  26.940  7.795 0.0000000000
95368  46.338  26.028  9.027 0.0000000000
94051  45.867  24.359  9.761 0.0000000000
97277  45.947  29.751  15.270 0.0000000000
96668  45.458  28.846  14.028 0.0000000000
96679  45.240  28.172  12.985 0.0000000000
95324  44.036  26.539  13.381 0.0000000000
95322  45.066  26.745  12.712 0.0000000000
95340  45.355  26.366  11.714 0.0000000000
94701  45.730  25.418  11.462 0.0000000000
94045  46.060  24.570  10.923 0.0000000000
93381  46.431  23.483  11.109 0.0000000000
92702  47.115  22.811  11.247 0.0000000000
92692  47.105  22.716  12.157 0.0000000000
91986  48.045  21.816  12.734 0.0000000000
91976  45.282  21.840  12.861 0.0000000000
91975  46.244  21.544  12.899 0.0000000000
91221  47.326  20.683  13.612 0.0000000000
90434  47.525  19.823  14.186 0.0000000000
102386  41.510  37.910  9.206 0.0000000000
102374  42.379  37.669  10.276 0.0000000000
102361  43.071  37.558  11.124 0.0000000000
101672  40.589  36.604  15.142 0.0000000000
102354  40.483  37.037  12.709 0.0000000000
102353  41.834  37.531  12.549 0.0000000000
102352  42.811  37.427  12.174 0.0000000000
101700  43.841  36.372  10.936 0.0000000000
101017  43.317  35.912  11.471 0.0000000000
100374  41.875  34.220  11.292 0.0000000000
99218  41.350  32.493  10.942 0.0000000000
99214  41.413  32.466  11.939 0.0000000000
98567  41.352  31.548  11.301 0.0000000000
98581  41.297  31.646  10.266 0.0000000000
97346  40.633  30.153  9.236 0.0000000000
96726  40.260  28.465  8.831 0.0000000000
95439  40.042  26.269  3.654 0.0000000000
94122  39.773  24.962  3.044 0.0000000000
94095  40.566  23.861  4.579 0.0000000000
94105  43.463  24.628  4.193 0.0000000000
93443  41.762  24.006  4.975 0.0000000000
93426  41.211  23.476  6.261 0.0000000000
92742  41.636  22.585  7.507 0.0000000000
92029  40.868  21.176  8.533 0.0000000000
92024  46.686  21.779  8.779 0.0000000000
92025  45.771  21.578  8.381 0.0000000000
91288  44.382  20.951  7.837 0.0000000000
89673  44.067  19.136  9.527 0.0000000000
91276  43.787  20.226  7.864 0.0000000000
87135  49.823  16.045  14.697 0.0000000000
87141  50.611  16.120  13.283 0.0000000000
95399  39.209  26.878  6.102 0.0000000000
95414  38.854  26.362  5.547 0.0000000000
95413  39.475  26.581  5.327 0.0000000000
96125  38.913  27.276  6.725 0.0000000000
88798  49.367  17.438  16.172 0.0000000000
97927  44.772  31.093  14.351 0.0000000000
98547  44.836  31.469  14.929 0.0000000000
99182  43.295  32.647  16.125 0.0000000000
99769  43.179  33.116  15.953 0.0000000000
93398  45.943  23.903  9.238 0.0000000000
93397  46.267  23.464  9.088 0.0000000000
93407  36.892  23.909  7.978 0.0000000000
92748  36.313  22.954  7.256 0.0000000000
93418  37.023  23.654  7.341 0.0000000000
93428  39.053  23.170  5.890 0.0000000000
92744  39.252  22.839  7.294 0.0000000000
99809  41.468  33.340  9.877 0.0000000000
94736  36.973  25.316  7.374 0.0000000000
94070  36.786  24.608  7.987 0.0000000000
98540  39.499  31.480  15.944 0.0000000000
97916  38.511  30.823  16.007 0.0000000000
98522  37.926  31.647  16.189 0.0000000000
99186  38.311  32.536  16.050 0.0000000000
98541  38.742  31.825  16.017 0.0000000000
99201  39.359  32.183  15.933 0.0000000000
91995  49.065  21.417  11.813 0.0000000000
88004  49.749  17.013  12.317 0.0000000000
96714  42.045  27.687  10.922 0.0000000000
96701  45.235  27.672  11.377 0.0000000000
96074  45.319  26.510  10.334 0.0000000000
96671  42.375  28.497  14.812 0.0000000000
96670  43.530  28.367  14.574 0.0000000000
96037  42.909  27.746  14.354 0.0000000000
94028  45.275  24.251  13.148 0.0000000000
93364  45.353  23.850  13.149 0.0000000000
93373  45.385  23.492  13.038 0.0000000000
90437  44.235  19.622  13.141 0.0000000000
100978  39.248  35.189  15.406 0.0000000000
101670  42.687  36.547  14.859 0.0000000000
100995  42.506  35.893  14.121 0.0000000000
100996  42.026  35.175  13.538 0.0000000000
101009  41.942  35.058  12.705 0.0000000000
95410  43.572  26.153  5.090 0.0000000000
95436  42.829  26.275  3.461 0.0000000000
95435  43.720  26.230  3.570 0.0000000000
92740  43.557  22.132  6.832 0.0000000000
92042  42.823  21.442  7.266 0.0000000000
90465  46.203  19.681  11.094 0.0000000000
89662  45.237  18.730  10.751 0.0000000000
94748  37.958  25.425  6.398 0.0000000000
94097  38.627  24.717  4.961 0.0000000000
93447  38.670  24.212  4.250 0.0000000000
97983  40.824  30.948  8.812 0.0000000000
97355  40.208  29.414  7.909 0.0000000000
96742  39.227  28.588  7.446 0.0000000000
96127  37.743  26.849  7.070 0.0000000000
94735  37.346  25.808  6.878 0.0000000000
91211  49.372  20.156  14.527 0.0000000000
91218  49.973  20.413  14.040 0.0000000000
90422  49.584  19.475  14.833 0.0000000000
88814  50.776  17.652  15.207 0.0000000000
89616  50.542  18.693  14.639 0.0000000000
88826  50.775  17.707  14.235 0.0000000000
88830  50.622  17.339  13.497 0.0000000000
88000  50.919  16.789  13.819 0.0000000000
102951  41.148  38.684  8.171 0.0000000000
103551  41.453  39.263  7.453 0.0000000000
97305  42.841  29.992  13.199 0.0000000000
97304  43.554  29.877  13.251 0.0000000000
97934  45.328  30.461  13.797 0.0000000000
97312  45.148  29.050  12.534 0.0000000000
95326  41.983  26.388  13.922 0.0000000000
94684  41.638  25.215  13.886 0.0000000000
92684  43.922  22.647  13.240 0.0000000000
91979  42.026  21.537  12.875 0.0000000000
91237  42.357  20.975  12.625 0.0000000000
91236  42.985  20.520  12.699 0.0000000000
91226  42.034  20.368  12.925 0.0000000000
100331  40.497  34.365  16.279 0.0000000000
100970  41.156  35.300  16.559 0.0000000000
99770  42.653  33.429  15.694 0.0000000000
100968  42.252  35.012  16.329 0.0000000000
100337  42.358  34.367  15.491 0.0000000000
99784  41.806  33.463  14.431 0.0000000000
99206  42.421  32.629  14.735 0.0000000000
98555  43.277  31.263  14.044 0.0000000000
98556  42.565  31.367  13.789 0.0000000000
97941  42.424  30.241  13.159 0.0000000000
95394  46.760  26.507  6.885 0.0000000000
94754  46.247  26.110  4.985 0.0000000000
93406  45.639  23.533  7.568 0.0000000000
94069  45.589  23.798  7.275 0.0000000000
93412  45.399  23.161  7.000 0.0000000000
92033  36.297  21.340  7.714 0.0000000000
93430  37.678  23.664  6.453 0.0000000000
92758  36.763  22.948  6.840 0.0000000000
92745  38.134  22.395  7.088 0.0000000000
92032  37.249  21.347  8.169 0.0000000000
92031  38.439  21.611  8.389 0.0000000000
101021  43.433  34.975  10.682 0.0000000000
100379  42.848  34.388  10.214 0.0000000000
100387  40.584  34.243  9.420 0.0000000000
98520  42.419  31.621  16.365 0.0000000000
97894  43.273  31.304  16.279 0.0000000000
98537  42.164  31.069  16.075 0.0000000000
97913  41.852  30.554  15.755 0.0000000000
97296  41.696  29.073  15.116 0.0000000000
96673  40.172  28.385  14.541 0.0000000000
101003  34.047  35.347  13.304 0.0000000000
100363  35.801  34.641  13.928 0.0000000000
100351  37.488  34.576  14.742 0.0000000000
99759  37.672  33.240  16.135 0.0000000000
100333  38.140  33.908  15.883 0.0000000000
99199  41.057  32.091  15.941 0.0000000000
99772  40.481  32.754  15.988 0.0000000000
99184  41.817  32.374  16.276 0.0000000000
91247  48.893  20.897  11.376 0.0000000000
92005  48.121  21.505  10.479 0.0000000000
91248  48.173  20.582  10.919 0.0000000000
90464  47.406  20.036  11.183 0.0000000000
90463  47.890  20.178  11.278 0.0000000000
91233  49.738  20.230  12.624 0.0000000000
88833  48.406  17.979  12.294 0.0000000000
89643  48.711  18.672  12.545 0.0000000000
89650  47.280  18.628  11.842 0.0000000000
88019  47.386  17.028  11.192 0.0000000000
96100  40.430  27.618  8.149 0.0000000000
95374  40.743  26.823  8.108 0.0000000000
95372  42.357  25.971  8.488 0.0000000000
95385  41.797  26.102  7.952 0.0000000000
94723  42.793  25.794  7.668 0.0000000000
94732  42.960  25.766  6.769 0.0000000000
95371  43.660  25.934  8.289 0.0000000000
96690  43.468  28.602  12.096 0.0000000000
96077  42.887  27.014  10.833 0.0000000000
96066  43.660  27.434  11.163 0.0000000000
95349  44.783  26.451  9.913 0.0000000000
95350  44.399  26.400  10.015 0.0000000000
95359  44.860  26.458  9.463 0.0000000000
95370  44.890  26.511  8.448 0.0000000000
95369  45.408  26.921  8.056 0.0000000000
96109  45.711  27.212  7.535 0.0000000000
96097  45.635  26.888  8.558 0.0000000000
96073  45.651  26.159  10.103 0.0000000000
95358  45.944  25.896  9.770 0.0000000000
94716  46.116  25.250  9.372 0.0000000000
94708  45.852  25.381  10.339 0.0000000000
97910  45.378  30.535  15.503 0.0000000000
97278  44.829  29.624  15.476 0.0000000000
95325  43.086  26.417  13.764 0.0000000000
95332  44.917  25.977  12.706 0.0000000000
95323  44.799  26.575  12.920 0.0000000000
95331  45.146  26.549  12.452 0.0000000000
94046  45.929  24.770  11.699 0.0000000000
92693  46.090  22.980  12.496 0.0000000000
91987  47.168  22.066  12.664 0.0000000000
91222  46.303  20.776  13.284 0.0000000000
91974  47.207  21.379  13.087 0.0000000000
91220  48.300  20.717  14.047 0.0000000000
102929  38.480  37.751  9.728 0.0000000000
102939  38.919  37.879  9.227 0.0000000000
102387  40.202  37.631  9.359 0.0000000000
102373  43.146  37.554  10.111 0.0000000000
101663  40.920  36.664  16.033 0.0000000000
102338  42.497  37.301  14.433 0.0000000000
101680  41.260  37.149  14.739 0.0000000000
101701  43.513  37.040  11.618 0.0000000000
100370  41.671  34.292  12.163 0.0000000000
99799  41.538  33.363  10.678 0.0000000000
97975  41.069  30.850  9.452 0.0000000000
97337  40.684  29.603  9.856 0.0000000000
96725  40.527  27.992  9.454 0.0000000000
95411  40.876  26.340  5.531 0.0000000000
95426  40.519  26.366  4.437 0.0000000000
94795  41.521  25.753  2.324 0.0000000000
94796  40.629  25.917  2.413 0.0000000000
94121  40.552  24.499  3.331 0.0000000000
94108  40.296  23.817  3.990 0.0000000000
94107  41.045  24.373  4.120 0.0000000000
94756  45.056  25.133  4.880 0.0000000000
94104  44.290  25.000  3.952 0.0000000000
93425  42.255  23.415  6.203 0.0000000000
93434  42.763  23.688  5.731 0.0000000000
93414  41.080  23.194  7.092 0.0000000000
92028  41.946  21.041  8.031 0.0000000000
91279  41.139  20.218  8.482 0.0000000000
92023  47.169  21.853  9.234 0.0000000000
92726  47.016  22.254  8.995 0.0000000000
91274  45.518  21.116  8.952 0.0000000000
92026  44.965  21.356  8.006 0.0000000000
91275  44.632  20.729  8.489 0.0000000000
89663  44.293  18.756  10.049 0.0000000000
88857  44.059  17.915  9.995 0.0000000000
94747  38.433  25.933  5.985 0.0000000000
94774  38.881  25.485  4.208 0.0000000000
96733  40.306  28.597  7.985 0.0000000000
96741  39.895  28.626  7.433 0.0000000000
89618  49.176  18.730  15.208 0.0000000000
89617  50.034  18.866  15.233 0.0000000000
89607  49.702  18.066  15.613 0.0000000000
88797  50.156  17.333  15.943 0.0000000000
87982  50.655  16.891  15.680 0.0000000000
97935  44.094  30.655  13.880 0.0000000000
97933  46.212  30.448  13.892 0.0000000000
94685  40.891  24.944  14.093 0.0000000000
94032  41.197  24.390  13.943 0.0000000000
93368  41.366  23.597  13.784 0.0000000000
99755  41.896  33.293  16.237 0.0000000000
99198  42.642  33.055  15.257 0.0000000000
99205  43.044  32.180  14.847 0.0000000000
94722  46.377  25.309  8.383 0.0000000000
92756  38.136  22.809  6.491 0.0000000000
92732  38.629  22.187  7.713 0.0000000000
94726  36.194  25.305  8.517 0.0000000000
98538  41.512  31.329  15.967 0.0000000000
99188  36.542  32.392  16.427 0.0000000000
99185  39.136  32.763  15.883 0.0000000000
99200  40.107  32.084  15.953 0.0000000000
92700  48.568  21.985  11.533 0.0000000000
92711  48.419  22.051  10.852 0.0000000000
89633  50.163  18.610  13.367 0.0000000000
89642  49.521  18.668  12.898 0.0000000000
88005  49.196  17.154  12.116 0.0000000000
88842  48.647  17.306  11.965 0.0000000000
96088  41.112  27.247  9.407 0.0000000000
95362  41.913  26.361  9.470 0.0000000000
95352  42.567  26.421  10.144 0.0000000000
96075  44.911  26.636  10.200 0.0000000000
96086  45.571  26.595  9.432 0.0000000000
97294  44.080  29.062  15.198 0.0000000000
96681  44.145  28.261  14.189 0.0000000000
94691  45.057  25.309  12.936 0.0000000000
91989  45.578  22.577  12.760 0.0000000000
91235  44.006  20.849  12.875 0.0000000000
91224  44.663  21.235  13.012 0.0000000000
90448  44.918  20.525  13.134 0.0000000000
90436  45.311  20.048  13.311 0.0000000000
102377  38.677  37.439  10.219 0.0000000000
100361  37.691  34.842  13.984 0.0000000000
101000  37.258  35.188  13.405 0.0000000000
100360  38.201  35.028  13.947 0.0000000000
100998  38.759  35.410  13.905 0.0000000000
101661  42.575  36.169  15.934 0.0000000000
102333  42.004  37.303  15.590 0.0000000000
102332  42.435  37.105  15.419 0.0000000000
102345  42.572  37.382  13.308 0.0000000000
97942  41.751  30.514  12.798 0.0000000000
98562  41.435  31.519  12.362 0.0000000000
94772  42.042  26.047  4.995 0.0000000000
95425  41.596  26.189  4.491 0.0000000000
95437  41.892  26.369  3.433 0.0000000000
95447  42.251  26.200  2.753 0.0000000000
94128  42.355  24.948  2.893 0.0000000000
93423  44.212  23.508  6.372 0.0000000000
94084  43.878  24.078  5.735 0.0000000000
92753  42.495  22.955  6.736 0.0000000000
92741  42.667  22.271  7.059 0.0000000000
92027  42.639  20.698  7.624 0.0000000000
91260  46.923  20.933  9.877 0.0000000000
91251  45.274  20.444  9.955 0.0000000000
94086  38.468  25.158  5.763 0.0000000000
93440  38.296  24.240  5.661 0.0000000000
98598  41.296  31.816  9.521 0.0000000000
98608  41.131  31.588  8.958 0.0000000000
97984  40.213  30.385  8.413 0.0000000000
97992  40.021  29.802  7.846 0.0000000000
95389  36.917  26.405  7.431 0.0000000000
99189  35.663  32.287  16.127 0.0000000000
98523  37.065  31.658  16.403 0.0000000000
91972  49.042  21.272  13.569 0.0000000000
91984  49.682  21.188  12.988 0.0000000000
91971  49.718  20.948  13.639 0.0000000000
91231  50.297  20.053  13.723 0.0000000000
90431  50.400  19.427  13.848 0.0000000000
90421  50.205  19.396  14.700 0.0000000000
89632  50.479  18.597  13.885 0.0000000000
97326  42.205  28.713  11.825 0.0000000000
96691  42.743  28.667  12.033 0.0000000000
96688  45.271  28.110  12.013 0.0000000000
96038  41.847  27.369  14.064 0.0000000000
96049  42.138  26.955  13.939 0.0000000000
91978  43.147  21.867  12.928 0.0000000000
91990  43.390  21.254  12.763 0.0000000000
90438  43.181  19.589  13.056 0.0000000000
101702  39.059  36.491  12.225 0.0000000000
100977  39.852  35.331  15.795 0.0000000000
100976  40.593  35.854  16.259 0.0000000000
101652  41.985  35.961  16.663 0.0000000000
101651  42.316  35.498  16.389 0.0000000000
100349  41.725  34.345  13.985 0.0000000000
98550  42.175  31.938  14.123 0.0000000000
98557  41.798  31.570  13.374 0.0000000000
96138  45.369  27.108  4.953 0.0000000000
96144  44.850  26.829  3.984 0.0000000000
94767  46.002  26.365  4.668 0.0000000000
94755  45.598  25.386  5.130 0.0000000000
94083  45.207  24.534  5.887 0.0000000000
94075  45.961  24.899  6.613 0.0000000000
94076  45.513  24.091  6.842 0.0000000000
93413  44.697  23.053  6.668 0.0000000000
92739  44.582  22.283  6.904 0.0000000000
88845  46.145  17.961  11.271 0.0000000000
88855  45.534  17.751  10.835 0.0000000000
92052  36.452  22.329  6.566 0.0000000000
92051  36.984  21.876  6.575 0.0000000000
92046  36.207  21.676  6.820 0.0000000000
91281  37.077  20.860  8.937 0.0000000000
91265  37.650  20.330  9.402 0.0000000000
91263  39.479  19.779  9.161 0.0000000000
100385  43.062  34.525  9.220 0.0000000000
99243  40.871  32.696  8.997 0.0000000000
97893  43.557  31.373  16.173 0.0000000000
96659  42.491  28.933  15.363 0.0000000000
95316  41.132  26.543  14.072 0.0000000000
94674  40.497  25.592  14.169 0.0000000000
100364  34.674  34.533  13.767 0.0000000000
100362  36.838  34.753  14.011 0.0000000000
100340  37.221  34.018  15.644 0.0000000000
99756  40.904  33.497  16.136 0.0000000000
99183  42.649  32.540  16.494 0.0000000000
92719  46.738  22.786  9.398 0.0000000000
92012  47.483  21.610  9.824 0.0000000000
91249  47.124  20.423  10.538 0.0000000000
90455  46.364  19.078  11.415 0.0000000000
91239  49.784  20.772  12.565 0.0000000000
91240  49.224  20.627  12.056 0.0000000000
90452  48.737  20.193  11.975 0.0000000000
90447  48.398  19.243  12.320 0.0000000000
90453  48.029  19.772  11.772 0.0000000000
89651  46.540  18.550  11.522 0.0000000000
95398  40.052  26.872  6.238 0.0000000000
95397  40.816  26.365  6.680 0.0000000000
94746  41.506  26.131  6.337 0.0000000000
94734  41.339  26.144  6.955 0.0000000000
94745  42.315  25.957  6.159 0.0000000000
94744  43.240  25.976  5.788 0.0000000000
95395  44.387  26.413  5.974 0.0000000000
96076  43.994  26.832  10.647 0.0000000000
95383  44.561  26.381  7.203 0.0000000000
96123  45.006  27.085  6.343 0.0000000000
96122  45.662  27.328  6.612 0.0000000000
96121  46.225  27.135  6.774 0.0000000000
95381  46.661  26.241  8.056 0.0000000000
96096  46.193  26.652  8.776 0.0000000000
94061  45.893  24.150  9.316 0.0000000000
98535  44.990  31.248  15.412 0.0000000000
98534  45.860  31.025  15.310 0.0000000000
97291  46.643  29.834  14.154 0.0000000000
96657  45.021  28.982  15.228 0.0000000000
97292  46.140  29.433  14.441 0.0000000000
96054  45.289  27.260  12.181 0.0000000000
96047  43.655  27.571  13.901 0.0000000000
96046  44.634  27.355  13.288 0.0000000000
96045  45.082  27.116  12.744 0.0000000000
94709  45.772  25.555  10.879 0.0000000000
93388  46.185  23.504  10.053 0.0000000000
92691  48.013  22.304  12.163 0.0000000000
91973  48.145  21.307  13.344 0.0000000000
90433  48.258  20.177  14.419 0.0000000000
90424  47.795  19.079  14.492 0.0000000000
102385  42.543  37.868  9.292 0.0000000000
102360  43.633  37.069  10.697 0.0000000000
102355  39.609  36.723  12.328 0.0000000000
100987  39.799  35.740  15.130 0.0000000000
101673  40.025  36.165  14.519 0.0000000000
101710  44.177  36.329  10.142 0.0000000000
101016  43.778  35.986  10.935 0.0000000000
99793  41.415  33.394  12.532 0.0000000000
97338  40.274  29.109  9.250 0.0000000000
95427  39.724  26.375  4.477 0.0000000000
94786  39.212  25.644  3.624 0.0000000000
95449  40.379  26.232  2.905 0.0000000000
94785  39.648  25.796  3.097 0.0000000000
94109  39.087  24.453  3.620 0.0000000000
93454  39.600  24.205  3.438 0.0000000000
93445  39.648  23.477  4.261 0.0000000000
93437  39.883  23.483  5.011 0.0000000000
94792  44.052  25.862  3.290 0.0000000000
94783  43.348  25.342  3.187 0.0000000000
94119  42.857  24.788  3.426 0.0000000000
94093  43.048  24.120  5.135 0.0000000000
94094  42.277  24.041  4.994 0.0000000000
94106  42.187  24.403  4.389 0.0000000000
93444  41.293  24.132  4.695 0.0000000000
93436  40.953  23.846  5.319 0.0000000000
93427  40.091  23.503  5.980 0.0000000000
93415  40.224  23.387  6.886 0.0000000000
92730  40.627  22.107  8.293 0.0000000000
92729  41.492  21.780  8.075 0.0000000000
92727  46.437  22.498  8.461 0.0000000000
92014  46.186  21.400  8.986 0.0000000000
92728  45.914  22.097  7.899 0.0000000000
92039  45.406  21.740  7.786 0.0000000000
92040  44.650  21.559  7.483 0.0000000000
90476  44.476  19.811  9.710 0.0000000000
89674  43.640  18.526  9.178 0.0000000000
90477  43.997  19.405  9.165 0.0000000000
90488  44.267  20.065  9.043 0.0000000000
91289  43.831  20.839  7.439 0.0000000000
91277  42.990  20.107  7.517 0.0000000000
87998  50.390  16.421  15.268 0.0000000000
87134  50.633  16.310  14.291 0.0000000000
87983  50.156  16.479  15.932 0.0000000000
88789  50.009  16.807  16.310 0.0000000000
89664  43.857  18.191  9.721 0.0000000000
90420  50.384  19.439  14.349 0.0000000000
90432  50.291  19.068  13.558 0.0000000000
90444  50.298  19.899  13.448 0.0000000000
90449  44.486  20.308  12.986 0.0000000000
91209  50.253  19.666  14.402 0.0000000000
91210  49.990  19.872  14.461 0.0000000000
91212  48.735  20.365  14.471 0.0000000000
91234  44.655  20.777  13.046 0.0000000000
91992  42.324  21.262  12.687 0.0000000000
92053  36.255  22.604  6.781 0.0000000000
92747  36.663  23.141  7.096 0.0000000000
93411  45.733  22.978  7.587 0.0000000000
93419  36.575  23.360  7.596 0.0000000000
93431  37.171  23.330  6.873 0.0000000000
93435  42.051  23.755  5.505 0.0000000000
93446  38.995  23.646  3.971 0.0000000000
93453  39.795  23.782  3.663 0.0000000000
94052  45.834  23.994  9.501 0.0000000000
94085  43.228  23.817  5.687 0.0000000000
94091  45.100  24.976  5.197 0.0000000000
94096  40.086  23.561  4.414 0.0000000000
94098  38.417  24.655  5.646 0.0000000000
94117  44.171  25.258  3.700 0.0000000000
94118  43.779  25.101  3.629 0.0000000000
94123  39.169  25.186  3.533 0.0000000000
94129  41.588  25.024  2.703 0.0000000000
94130  40.684  25.283  2.664 0.0000000000
94131  40.139  25.574  2.679 0.0000000000
94700  45.916  25.270  10.916 0.0000000000
94724  42.234  25.958  7.837 0.0000000000
94741  46.308  25.681  6.001 0.0000000000
94742  45.800  25.207  5.770 0.0000000000
94743  43.881  26.034  5.942 0.0000000000
94758  42.452  26.012  5.346 0.0000000000
94768  45.619  25.997  4.192 0.0000000000
94769  44.993  25.259  4.354 0.0000000000
94770  42.810  26.179  4.482 0.0000000000
94771  42.388  26.115  4.708 0.0000000000
94773  39.336  26.044  3.877 0.0000000000
94782  44.385  25.636  3.562 0.0000000000
94784  42.829  25.116  2.937 0.0000000000
94793  43.609  25.761  3.095 0.0000000000
94794  42.636  25.527  2.657 0.0000000000
94797  40.144  25.923  2.667 0.0000000000
95382  45.187  26.878  7.674 0.0000000000
95384  43.606  25.821  7.305 0.0000000000
95396  43.904  26.147  5.539 0.0000000000
95408  45.763  27.011  5.240 0.0000000000
95420  46.115  26.517  4.965 0.0000000000
95421  45.744  26.704  4.712 0.0000000000
95422  44.329  26.476  4.132 0.0000000000
95423  43.389  26.248  4.297 0.0000000000
95424  42.485  26.249  4.092 0.0000000000
95433  45.263  26.582  3.951 0.0000000000
95434  44.511  26.278  3.610 0.0000000000
95438  40.930  26.319  3.552 0.0000000000
95444  44.275  25.972  3.314 0.0000000000
95445  43.919  26.038  3.257 0.0000000000
96089  40.577  27.682  8.895 0.0000000000
96098  45.211  26.674  8.955 0.0000000000
96132  45.994  27.233  6.177 0.0000000000
96133  45.595  27.224  5.741 0.0000000000
96134  44.869  27.058  5.399 0.0000000000
96139  44.821  26.961  4.570 0.0000000000
96143  45.252  26.969  4.351 0.0000000000
96656  45.517  29.064  14.967 0.0000000000
97276  46.479  29.950  14.830 0.0000000000
97293  44.687  29.011  15.253 0.0000000000
97295  42.213  28.982  15.284 0.0000000000
97301  46.727  30.050  13.642 0.0000000000
97908  46.485  30.222  14.911 0.0000000000
97909  46.252  30.410  15.123 0.0000000000
97924  46.568  30.287  14.655 0.0000000000
97925  46.305  30.863  14.649 0.0000000000
97932  46.644  30.329  14.147 0.0000000000
98546  45.618  31.315  14.977 0.0000000000
99258  40.957  31.960  8.785 0.0000000000
99753  43.263  33.128  16.263 0.0000000000
101653  41.298  36.219  16.486 0.0000000000
101671  41.436  37.146  15.489 0.0000000000
