#!ascii label  , from subject demencia vox2ras=TkReg
1425
49508  51.598  -26.133  17.034 0.0000000000
39511  39.830  -36.131  29.791 0.0000000000
31211  28.943  -44.018  34.219 0.0000000000
27937  24.462  -46.786  34.361 0.0000000000
33286  35.819  -41.156  35.252 0.0000000000
35590  32.607  -39.541  27.219 0.0000000000
42647  44.384  -32.858  19.564 0.0000000000
56299  52.081  -18.431  18.339 0.0000000000
40521  50.554  -34.632  25.887 0.0000000000
44721  43.748  -30.901  23.560 0.0000000000
41588  35.534  -33.408  21.876 0.0000000000
27915  30.516  -46.259  36.688 0.0000000000
25644  26.688  -48.327  34.041 0.0000000000
26760  26.684  -47.807  38.338 0.0000000000
31189  32.668  -43.099  34.645 0.0000000000
44697  51.590  -30.791  24.217 0.0000000000
38465  40.791  -36.537  34.543 0.0000000000
40434  42.619  -33.817  32.228 0.0000000000
44609  44.442  -30.345  29.644 0.0000000000
42539  41.458  -32.757  26.855 0.0000000000
43708  39.687  -31.893  22.986 0.0000000000
40526  37.886  -34.723  25.416 0.0000000000
33415  28.104  -41.060  26.393 0.0000000000
36632  28.803  -38.759  24.011 0.0000000000
52384  56.095  -22.855  16.551 0.0000000000
110735  56.369  -21.748  13.518 0.0000000000
32295  27.647  -42.791  29.799 0.0000000000
27968  26.842  -46.521  30.957 0.0000000000
35545  38.309  -39.212  32.123 0.0000000000
36550  36.174  -38.262  28.675 0.0000000000
33340  34.957  -41.148  30.996 0.0000000000
33366  30.476  -41.140  30.790 0.0000000000
46529  46.664  -28.745  18.140 0.0000000000
26734  22.848  -46.886  40.340 0.0000000000
29006  20.900  -44.941  36.278 0.0000000000
52347  55.846  -22.465  20.307 0.0000000000
47452  53.029  -27.375  19.861 0.0000000000
44755  49.621  -30.401  21.414 0.0000000000
40584  47.671  -34.550  22.478 0.0000000000
36601  46.820  -37.945  24.228 0.0000000000
43576  48.061  -30.926  30.428 0.0000000000
41515  47.893  -33.310  25.492 0.0000000000
39610  43.661  -35.452  24.220 0.0000000000
40597  41.339  -34.273  21.516 0.0000000000
37630  33.829  -36.976  25.049 0.0000000000
30023  30.437  -44.745  37.824 0.0000000000
26775  28.884  -47.558  37.505 0.0000000000
28956  28.219  -45.873  38.812 0.0000000000
30033  31.537  -44.597  36.659 0.0000000000
38496  40.953  -37.023  32.541 0.0000000000
39483  41.828  -35.110  31.235 0.0000000000
41458  41.848  -33.432  29.958 0.0000000000
40472  40.508  -34.576  28.572 0.0000000000
40524  39.338  -34.090  26.374 0.0000000000
39562  38.682  -35.374  27.187 0.0000000000
32320  27.331  -42.883  26.182 0.0000000000
33435  27.579  -41.437  24.428 0.0000000000
50425  53.788  -24.512  16.924 0.0000000000
51417  54.648  -23.190  15.294 0.0000000000
49547  51.457  -24.696  14.756 0.0000000000
31228  28.172  -43.099  31.643 0.0000000000
30106  27.340  -44.842  30.560 0.0000000000
29057  27.017  -45.884  32.625 0.0000000000
25632  25.738  -48.371  34.347 0.0000000000
25662  25.605  -48.531  31.877 0.0000000000
27956  24.207  -46.654  31.952 0.0000000000
29059  23.320  -45.182  32.166 0.0000000000
36470  38.311  -38.355  34.273 0.0000000000
34433  37.407  -39.820  33.830 0.0000000000
34460  36.457  -40.127  31.418 0.0000000000
33306  35.454  -41.776  33.457 0.0000000000
31191  30.561  -43.504  34.648 0.0000000000
32260  31.753  -42.061  33.203 0.0000000000
33346  29.823  -41.601  32.372 0.0000000000
33387  28.364  -41.736  30.176 0.0000000000
44790  45.201  -30.169  18.721 0.0000000000
46553  44.544  -28.871  16.152 0.0000000000
44802  42.813  -31.050  17.491 0.0000000000
29008  18.880  -44.462  36.610 0.0000000000
45632  52.007  -29.176  20.730 0.0000000000
44751  53.506  -30.176  21.842 0.0000000000
42569  50.833  -32.871  25.063 0.0000000000
41578  50.580  -33.870  22.922 0.0000000000
40565  49.697  -34.941  23.741 0.0000000000
38651  47.740  -36.378  23.430 0.0000000000
38625  48.779  -36.544  24.654 0.0000000000
44661  44.132  -30.341  26.487 0.0000000000
43628  45.967  -30.859  27.326 0.0000000000
43684  45.806  -31.249  24.522 0.0000000000
40549  45.895  -34.287  24.283 0.0000000000
41560  44.086  -32.986  23.478 0.0000000000
40569  42.779  -34.481  23.000 0.0000000000
43748  42.384  -32.267  21.930 0.0000000000
42651  38.150  -32.209  20.061 0.0000000000
35588  34.187  -39.436  27.337 0.0000000000
37594  34.977  -37.654  26.716 0.0000000000
35620  33.106  -38.557  25.668 0.0000000000
37664  29.739  -37.275  22.463 0.0000000000
58059  50.229  -16.164  16.476 0.0000000000
55365  50.312  -19.355  16.922 0.0000000000
29021  29.522  -45.776  35.316 0.0000000000
29040  27.714  -46.113  34.344 0.0000000000
26800  28.191  -47.433  35.740 0.0000000000
25620  27.103  -48.376  35.670 0.0000000000
26793  25.455  -47.600  37.077 0.0000000000
33278  33.698  -41.921  35.668 0.0000000000
32197  34.499  -42.679  34.911 0.0000000000
31159  33.093  -43.129  35.478 0.0000000000
29018  31.441  -44.707  35.886 0.0000000000
45601  52.872  -29.904  23.774 0.0000000000
44658  49.178  -31.163  26.522 0.0000000000
43580  43.362  -31.359  31.104 0.0000000000
43629  42.909  -31.481  27.834 0.0000000000
44682  42.549  -31.104  25.438 0.0000000000
43706  41.341  -31.184  23.240 0.0000000000
42575  40.183  -32.316  24.731 0.0000000000
41543  38.398  -33.566  24.596 0.0000000000
40572  36.308  -34.233  23.672 0.0000000000
34531  30.513  -39.893  27.007 0.0000000000
35623  30.616  -39.095  25.640 0.0000000000
35625  28.792  -39.887  25.650 0.0000000000
54425  55.279  -20.829  17.553 0.0000000000
53395  53.873  -21.354  15.770 0.0000000000
53420  57.015  -22.076  15.057 0.0000000000
27955  26.538  -47.272  32.427 0.0000000000
36498  40.099  -38.231  33.298 0.0000000000
37511  39.311  -37.821  31.354 0.0000000000
37565  37.996  -37.029  29.328 0.0000000000
36531  37.345  -38.692  30.414 0.0000000000
34480  35.789  -39.645  29.737 0.0000000000
33397  33.797  -40.642  28.944 0.0000000000
32258  33.421  -42.224  32.768 0.0000000000
33364  32.542  -41.230  30.624 0.0000000000
34485  31.669  -40.655  29.183 0.0000000000
33399  29.443  -40.886  28.607 0.0000000000
33407  27.615  -41.847  28.044 0.0000000000
47485  48.973  -27.214  17.493 0.0000000000
48530  48.618  -26.598  15.321 0.0000000000
47512  46.447  -27.558  15.402 0.0000000000
26746  25.300  -46.819  39.237 0.0000000000
27902  23.710  -46.472  37.922 0.0000000000
28972  21.993  -45.774  38.093 0.0000000000
27931  22.671  -45.366  35.446 0.0000000000
54409  55.882  -20.417  18.442 0.0000000000
52361  56.472  -22.421  18.486 0.0000000000
50399  54.973  -25.145  18.449 0.0000000000
48474  51.872  -26.632  18.275 0.0000000000
46515  49.573  -28.218  19.616 0.0000000000
45648  47.693  -29.353  19.744 0.0000000000
43762  46.876  -31.470  20.581 0.0000000000
43722  52.310  -31.877  22.509 0.0000000000
42626  48.877  -32.552  22.132 0.0000000000
41599  45.812  -33.668  20.834 0.0000000000
38666  45.554  -35.998  21.805 0.0000000000
37641  45.057  -37.573  23.346 0.0000000000
43609  49.412  -32.091  28.581 0.0000000000
43595  46.899  -31.145  29.826 0.0000000000
42505  47.878  -32.290  28.847 0.0000000000
40500  48.875  -34.690  26.478 0.0000000000
39585  47.320  -35.775  25.006 0.0000000000
38608  45.434  -37.091  25.519 0.0000000000
42649  40.857  -32.341  20.916 0.0000000000
38588  36.871  -36.487  27.120 0.0000000000
38633  35.362  -36.038  25.309 0.0000000000
39632  34.482  -35.208  23.604 0.0000000000
36611  31.860  -37.860  24.456 0.0000000000
38660  32.425  -35.769  22.825 0.0000000000
28971  29.032  -45.419  38.383 0.0000000000
30008  28.658  -44.780  38.639 0.0000000000
38522  40.276  -36.592  30.723 0.0000000000
39484  41.561  -35.786  31.750 0.0000000000
39496  41.234  -35.530  30.540 0.0000000000
40462  41.329  -34.662  29.834 0.0000000000
39527  40.217  -35.015  29.022 0.0000000000
39544  39.708  -35.040  28.301 0.0000000000
39528  39.505  -35.800  29.220 0.0000000000
49519  52.539  -25.258  16.620 0.0000000000
49530  52.557  -24.763  16.132 0.0000000000
49532  50.716  -25.536  15.544 0.0000000000
31219  28.413  -43.546  33.164 0.0000000000
31223  27.773  -43.985  32.394 0.0000000000
30089  27.558  -44.689  33.068 0.0000000000
26808  25.246  -47.830  34.735 0.0000000000
26820  24.778  -47.666  33.452 0.0000000000
27944  24.318  -46.708  33.128 0.0000000000
27957  23.849  -45.698  31.845 0.0000000000
27945  23.878  -45.802  32.673 0.0000000000
34399  35.630  -40.118  36.655 0.0000000000
35479  36.166  -39.790  36.159 0.0000000000
35492  36.711  -39.456  35.047 0.0000000000
34434  36.801  -40.224  34.319 0.0000000000
33305  36.236  -41.165  33.748 0.0000000000
33298  35.706  -41.724  34.355 0.0000000000
31210  29.542  -43.282  33.903 0.0000000000
32238  30.009  -42.903  33.798 0.0000000000
31218  29.087  -43.016  33.299 0.0000000000
32281  28.588  -42.809  32.281 0.0000000000
43773  44.469  -31.490  19.113 0.0000000000
44801  43.465  -30.801  17.738 0.0000000000
43780  43.138  -32.045  18.375 0.0000000000
46482  54.328  -28.391  22.464 0.0000000000
45618  53.682  -29.244  21.662 0.0000000000
45608  54.018  -29.103  22.965 0.0000000000
41536  50.771  -33.518  25.344 0.0000000000
40563  51.008  -34.134  24.537 0.0000000000
39622  50.236  -35.139  24.761 0.0000000000
39623  49.547  -35.515  24.320 0.0000000000
39604  50.279  -35.233  25.388 0.0000000000
44680  43.890  -30.314  25.406 0.0000000000
44700  45.288  -30.732  24.990 0.0000000000
44720  44.500  -31.032  23.826 0.0000000000
42573  44.916  -32.301  23.769 0.0000000000
43705  43.835  -31.688  23.238 0.0000000000
42612  43.230  -32.482  22.719 0.0000000000
44738  43.335  -31.317  22.905 0.0000000000
34514  33.860  -39.858  27.559 0.0000000000
35606  33.495  -38.905  26.310 0.0000000000
35607  32.573  -39.205  26.468 0.0000000000
57184  50.579  -17.391  17.847 0.0000000000
55356  50.871  -19.243  17.487 0.0000000000
27926  29.894  -46.367  35.941 0.0000000000
27927  29.221  -46.550  35.628 0.0000000000
26798  29.641  -46.807  36.216 0.0000000000
25595  27.832  -48.013  37.885 0.0000000000
25605  27.886  -48.052  37.189 0.0000000000
25606  27.076  -48.230  37.596 0.0000000000
25621  26.476  -48.374  36.043 0.0000000000
26777  26.007  -47.998  37.642 0.0000000000
33279  32.597  -41.682  36.411 0.0000000000
32179  33.212  -42.877  35.768 0.0000000000
32180  32.612  -42.790  36.366 0.0000000000
28986  31.142  -45.474  37.051 0.0000000000
29002  31.438  -44.837  36.146 0.0000000000
29003  30.939  -45.553  36.467 0.0000000000
30053  30.591  -45.032  35.445 0.0000000000
40428  42.500  -34.451  33.693 0.0000000000
40419  42.801  -33.655  34.043 0.0000000000
41418  43.085  -32.970  33.470 0.0000000000
43559  43.550  -31.272  32.145 0.0000000000
42461  43.060  -32.206  31.842 0.0000000000
41485  41.645  -32.871  28.045 0.0000000000
42507  42.226  -32.199  28.909 0.0000000000
42538  42.049  -32.192  27.014 0.0000000000
43647  42.511  -31.462  26.248 0.0000000000
42552  41.828  -32.099  26.242 0.0000000000
43665  41.221  -31.873  25.197 0.0000000000
42553  41.140  -32.411  25.854 0.0000000000
40525  38.640  -34.467  26.042 0.0000000000
41519  38.782  -33.741  25.337 0.0000000000
40552  38.213  -34.153  25.237 0.0000000000
41544  37.712  -33.691  24.102 0.0000000000
40554  36.671  -34.494  24.370 0.0000000000
34533  28.849  -40.749  26.947 0.0000000000
34540  29.019  -40.039  26.017 0.0000000000
34541  28.299  -40.474  25.698 0.0000000000
54423  56.599  -21.414  16.718 0.0000000000
54453  56.518  -21.285  16.023 0.0000000000
52382  57.086  -22.090  15.983 0.0000000000
50457  54.648  -23.365  14.271 0.0000000000
31246  27.395  -43.820  28.934 0.0000000000
30123  27.719  -44.836  29.387 0.0000000000
26806  27.364  -47.593  34.683 0.0000000000
27943  26.756  -47.295  33.253 0.0000000000
26819  26.526  -47.863  33.213 0.0000000000
25663  25.148  -48.319  31.296 0.0000000000
25674  26.085  -48.232  31.514 0.0000000000
35522  38.420  -39.013  33.636 0.0000000000
35521  38.945  -38.620  33.902 0.0000000000
36499  39.470  -38.737  32.895 0.0000000000
36514  39.879  -38.085  32.531 0.0000000000
36516  38.604  -38.695  31.590 0.0000000000
36530  38.018  -38.400  30.611 0.0000000000
35557  38.026  -39.054  31.393 0.0000000000
34461  35.719  -40.909  31.720 0.0000000000
34469  36.000  -39.869  30.272 0.0000000000
34470  35.530  -40.516  30.613 0.0000000000
33380  34.682  -40.458  29.485 0.0000000000
33362  34.225  -41.112  30.194 0.0000000000
31188  33.467  -43.008  34.429 0.0000000000
32233  34.060  -42.663  33.485 0.0000000000
31207  33.410  -42.844  34.006 0.0000000000
33344  31.504  -41.403  31.560 0.0000000000
33343  32.544  -41.615  31.676 0.0000000000
33365  31.567  -41.219  30.662 0.0000000000
33383  32.548  -40.863  29.763 0.0000000000
33384  31.683  -40.948  29.849 0.0000000000
34502  30.650  -40.640  28.640 0.0000000000
33385  30.557  -40.896  29.565 0.0000000000
32294  28.025  -42.277  30.201 0.0000000000
33401  27.776  -42.031  29.235 0.0000000000
32300  27.387  -42.829  28.481 0.0000000000
47486  47.904  -27.632  17.431 0.0000000000
47502  47.674  -27.334  16.568 0.0000000000
47487  47.154  -27.736  17.089 0.0000000000
46566  44.813  -28.623  15.073 0.0000000000
26748  23.668  -46.785  39.886 0.0000000000
27885  24.342  -46.721  38.778 0.0000000000
27872  23.503  -46.699  39.677 0.0000000000
28990  20.510  -45.150  37.318 0.0000000000
28989  21.724  -45.416  37.104 0.0000000000
29005  21.895  -45.150  35.922 0.0000000000
29042  22.299  -44.715  34.071 0.0000000000
29043  21.250  -44.437  34.280 0.0000000000
55343  54.160  -18.973  19.454 0.0000000000
54386  56.309  -20.926  19.766 0.0000000000
52352  56.310  -22.447  19.381 0.0000000000
50411  55.310  -24.519  18.222 0.0000000000
51361  55.644  -24.101  19.231 0.0000000000
48450  54.514  -26.376  19.663 0.0000000000
48472  53.675  -26.351  18.798 0.0000000000
47466  52.937  -26.936  19.179 0.0000000000
47468  51.127  -27.183  18.641 0.0000000000
46513  51.886  -27.859  19.958 0.0000000000
45622  50.596  -29.827  21.231 0.0000000000
45634  49.864  -29.349  20.772 0.0000000000
44768  48.665  -30.098  20.853 0.0000000000
44769  47.524  -30.463  20.489 0.0000000000
44756  48.435  -30.898  21.193 0.0000000000
44696  52.287  -30.304  24.036 0.0000000000
43702  53.190  -31.184  22.935 0.0000000000
43703  52.617  -31.793  23.388 0.0000000000
41579  49.607  -33.870  22.574 0.0000000000
42609  50.299  -33.030  22.628 0.0000000000
41580  48.575  -33.758  22.349 0.0000000000
41597  47.340  -33.396  21.709 0.0000000000
40595  46.593  -34.313  21.546 0.0000000000
39651  45.649  -35.140  21.276 0.0000000000
39650  46.460  -35.102  21.764 0.0000000000
37638  47.328  -37.495  23.859 0.0000000000
37653  46.344  -37.127  23.062 0.0000000000
36620  46.299  -37.894  23.926 0.0000000000
36602  46.141  -38.204  24.428 0.0000000000
43594  48.857  -31.683  29.430 0.0000000000
44587  44.644  -30.221  30.648 0.0000000000
44586  45.631  -30.402  30.682 0.0000000000
43596  46.042  -30.726  29.655 0.0000000000
42537  47.012  -31.880  25.728 0.0000000000
43626  47.312  -32.044  27.841 0.0000000000
42536  47.567  -32.388  26.388 0.0000000000
41484  48.403  -33.240  27.413 0.0000000000
41514  48.368  -33.948  25.916 0.0000000000
40522  48.561  -34.654  25.790 0.0000000000
40523  48.116  -34.332  25.219 0.0000000000
39609  44.527  -35.397  24.548 0.0000000000
38626  45.777  -36.247  25.002 0.0000000000
38627  44.933  -36.286  25.102 0.0000000000
38609  44.399  -37.207  25.570 0.0000000000
38628  44.024  -36.265  25.081 0.0000000000
38629  43.153  -36.249  24.948 0.0000000000
40587  41.745  -34.582  22.225 0.0000000000
39628  41.713  -35.542  23.159 0.0000000000
43729  40.768  -31.418  22.440 0.0000000000
43750  40.960  -31.703  21.566 0.0000000000
43751  40.238  -31.539  21.822 0.0000000000
42659  39.464  -32.830  19.699 0.0000000000
37567  36.710  -37.698  28.681 0.0000000000
38576  37.221  -36.694  27.870 0.0000000000
37581  36.533  -37.315  27.976 0.0000000000
37617  34.201  -37.308  25.666 0.0000000000
38615  35.007  -36.501  25.574 0.0000000000
38634  34.680  -36.232  24.865 0.0000000000
39616  34.873  -35.547  24.290 0.0000000000
38645  34.283  -35.853  24.241 0.0000000000
35636  30.117  -38.810  25.007 0.0000000000
36593  31.818  -38.663  25.114 0.0000000000
36630  30.887  -37.791  23.859 0.0000000000
37662  31.438  -36.704  23.151 0.0000000000
39646  32.246  -35.294  21.989 0.0000000000
53423  55.338  -21.399  14.628 0.0000000000
53407  53.490  -21.365  14.978 0.0000000000
49549  49.603  -25.598  14.015 0.0000000000
28987  30.494  -46.013  37.323 0.0000000000
26773  30.099  -46.815  36.905 0.0000000000
27883  29.511  -46.576  37.727 0.0000000000
27884  28.821  -46.536  38.278 0.0000000000
26743  27.963  -47.041  38.787 0.0000000000
30022  31.003  -44.915  37.374 0.0000000000
37481  41.004  -37.021  33.558 0.0000000000
38464  41.326  -36.369  34.243 0.0000000000
38479  41.912  -35.936  33.050 0.0000000000
39470  42.099  -35.416  32.336 0.0000000000
40445  42.396  -34.392  31.619 0.0000000000
41448  42.359  -33.741  30.864 0.0000000000
40454  41.825  -34.404  30.499 0.0000000000
40470  41.410  -33.721  28.836 0.0000000000
41487  40.839  -33.884  27.628 0.0000000000
41501  40.616  -33.615  27.092 0.0000000000
40501  40.013  -33.994  27.179 0.0000000000
40502  39.411  -34.544  27.010 0.0000000000
39586  38.348  -35.231  26.501 0.0000000000
33416  27.553  -41.861  26.643 0.0000000000
33426  27.640  -41.388  25.497 0.0000000000
32332  27.312  -42.470  25.419 0.0000000000
51395  54.675  -23.770  16.774 0.0000000000
52394  55.657  -23.023  15.802 0.0000000000
51406  54.256  -23.522  16.010 0.0000000000
50449  53.194  -24.030  14.624 0.0000000000
32289  27.732  -43.189  30.519 0.0000000000
31235  27.418  -43.823  30.082 0.0000000000
31229  27.722  -43.679  31.260 0.0000000000
30096  27.199  -44.712  31.871 0.0000000000
29069  26.894  -45.676  31.316 0.0000000000
25645  26.015  -48.479  33.770 0.0000000000
25654  26.193  -48.290  33.100 0.0000000000
25646  25.414  -48.250  33.572 0.0000000000
25656  24.986  -48.294  32.434 0.0000000000
29087  24.077  -45.452  30.133 0.0000000000
35508  37.477  -39.243  34.208 0.0000000000
35535  37.835  -39.638  32.656 0.0000000000
35546  37.515  -39.432  31.832 0.0000000000
34441  37.276  -40.181  33.267 0.0000000000
34452  35.784  -41.168  32.395 0.0000000000
33319  35.077  -41.564  32.296 0.0000000000
32215  31.737  -43.001  34.481 0.0000000000
32235  32.692  -42.622  33.840 0.0000000000
32236  31.702  -42.559  33.913 0.0000000000
33323  30.805  -41.589  32.776 0.0000000000
33345  30.584  -41.311  31.858 0.0000000000
33367  29.324  -41.510  31.152 0.0000000000
32287  28.756  -41.957  31.235 0.0000000000
32288  28.244  -42.530  30.980 0.0000000000
45659  45.749  -29.649  18.643 0.0000000000
46540  45.470  -28.748  17.227 0.0000000000
45670  44.669  -29.708  17.597 0.0000000000
44812  43.663  -30.005  16.905 0.0000000000
28975  18.786  -45.176  38.340 0.0000000000
29007  19.908  -44.665  36.542 0.0000000000
30071  20.168  -44.206  34.389 0.0000000000
30056  19.196  -44.318  35.331 0.0000000000
47440  53.907  -27.505  20.640 0.0000000000
46500  52.552  -28.150  20.491 0.0000000000
45631  52.823  -29.005  21.084 0.0000000000
45620  52.437  -29.825  21.178 0.0000000000
44753  52.026  -30.562  21.474 0.0000000000
43680  51.541  -31.728  24.362 0.0000000000
42589  51.527  -32.909  23.606 0.0000000000
41556  51.249  -33.750  24.007 0.0000000000
40581  50.351  -34.459  23.426 0.0000000000
40566  49.089  -34.979  23.508 0.0000000000
39638  47.792  -35.541  23.118 0.0000000000
39624  48.970  -35.841  23.683 0.0000000000
38640  48.159  -36.746  23.728 0.0000000000
37637  48.090  -37.265  24.216 0.0000000000
44644  44.279  -30.496  27.558 0.0000000000
44643  45.146  -30.572  27.972 0.0000000000
44660  45.068  -30.502  26.865 0.0000000000
43662  46.387  -31.336  25.438 0.0000000000
42551  46.925  -31.864  24.969 0.0000000000
40548  46.868  -34.176  24.378 0.0000000000
41558  45.882  -32.967  23.695 0.0000000000
41540  44.623  -33.130  23.794 0.0000000000
40551  44.201  -34.688  23.983 0.0000000000
39626  43.103  -35.116  23.593 0.0000000000
41562  43.116  -33.772  22.946 0.0000000000
41583  42.541  -33.523  22.483 0.0000000000
41600  42.081  -33.256  22.008 0.0000000000
42615  38.317  -32.288  22.199 0.0000000000
42633  39.380  -31.750  21.641 0.0000000000
42634  38.362  -32.084  21.079 0.0000000000
42675  37.215  -32.829  18.735 0.0000000000
36551  35.467  -38.578  28.199 0.0000000000
36560  35.570  -38.071  27.786 0.0000000000
35604  34.665  -38.421  26.974 0.0000000000
36574  33.978  -38.447  26.256 0.0000000000
36609  33.383  -37.490  24.994 0.0000000000
36631  29.671  -38.006  23.602 0.0000000000
37665  28.665  -37.655  22.107 0.0000000000
58899  50.715  -15.568  17.106 0.0000000000
57185  49.987  -17.519  17.144 0.0000000000
55375  49.609  -19.390  15.909 0.0000000000
30069  28.931  -44.773  34.586 0.0000000000
29049  27.967  -45.173  33.989 0.0000000000
29039  28.406  -45.608  34.674 0.0000000000
27936  27.867  -46.621  35.004 0.0000000000
25611  29.100  -47.467  36.701 0.0000000000
25613  27.965  -47.903  36.342 0.0000000000
25630  27.021  -48.497  34.867 0.0000000000
25631  26.331  -48.485  34.872 0.0000000000
26801  25.803  -48.251  35.533 0.0000000000
27929  24.626  -46.843  35.720 0.0000000000
33277  34.801  -41.356  35.623 0.0000000000
33287  35.359  -41.621  35.261 0.0000000000
33288  34.435  -42.182  35.399 0.0000000000
31173  33.502  -43.203  34.993 0.0000000000
31143  31.916  -43.773  36.579 0.0000000000
31174  32.367  -43.574  35.526 0.0000000000
31190  31.612  -43.583  35.092 0.0000000000
30066  31.013  -43.960  35.153 0.0000000000
31192  29.751  -44.034  34.642 0.0000000000
40621  44.067  -33.925  19.861 0.0000000000
41641  42.997  -32.881  18.490 0.0000000000
40623  42.879  -34.259  18.977 0.0000000000
46475  53.467  -28.520  23.879 0.0000000000
45592  50.969  -30.246  24.407 0.0000000000
44699  50.053  -31.453  24.846 0.0000000000
43661  49.755  -31.944  25.709 0.0000000000
42535  49.863  -32.636  26.548 0.0000000000
44570  43.917  -30.481  31.426 0.0000000000
44588  43.753  -30.644  30.369 0.0000000000
42477  42.785  -32.190  30.784 0.0000000000
43612  42.951  -31.534  28.911 0.0000000000
44626  43.575  -30.868  28.227 0.0000000000
44645  43.505  -30.810  27.196 0.0000000000
44681  43.023  -30.628  25.313 0.0000000000
44703  42.383  -30.906  24.634 0.0000000000
44740  42.124  -30.812  23.144 0.0000000000
44704  41.837  -31.164  24.375 0.0000000000
43687  41.164  -31.575  24.402 0.0000000000
42594  39.970  -32.184  23.988 0.0000000000
41541  39.928  -32.882  25.445 0.0000000000
42576  39.539  -32.534  24.273 0.0000000000
42595  39.312  -32.306  23.523 0.0000000000
41585  37.945  -32.800  22.971 0.0000000000
41566  36.581  -33.549  22.984 0.0000000000
40589  35.969  -33.969  22.921 0.0000000000
34517  31.514  -39.882  27.577 0.0000000000
35608  31.582  -39.450  26.689 0.0000000000
35609  30.547  -39.622  26.451 0.0000000000
35637  29.535  -39.050  25.148 0.0000000000
36614  29.065  -38.950  24.664 0.0000000000
34550  27.734  -40.711  24.499 0.0000000000
35650  27.814  -39.920  23.898 0.0000000000
54412  52.926  -19.535  18.324 0.0000000000
54427  52.493  -20.153  17.637 0.0000000000
53393  55.575  -21.219  16.289 0.0000000000
53405  55.452  -21.320  15.452 0.0000000000
53437  56.533  -21.679  14.166 0.0000000000
52408  56.324  -22.887  15.306 0.0000000000
52406  56.799  -23.075  14.246 0.0000000000
29050  27.609  -45.576  33.750 0.0000000000
29058  26.704  -46.598  32.448 0.0000000000
27969  26.606  -47.153  31.420 0.0000000000
25661  26.065  -48.350  32.260 0.0000000000
26843  26.368  -47.830  31.795 0.0000000000
37468  40.287  -37.247  34.385 0.0000000000
37496  40.573  -37.525  32.751 0.0000000000
37510  39.897  -37.491  31.603 0.0000000000
38523  39.662  -36.905  30.576 0.0000000000
38560  38.510  -36.648  29.271 0.0000000000
37548  38.235  -37.393  29.950 0.0000000000
37549  37.574  -37.739  29.696 0.0000000000
36544  36.424  -38.748  29.321 0.0000000000
35547  36.914  -39.452  31.412 0.0000000000
35568  36.356  -39.229  29.805 0.0000000000
35574  36.020  -39.014  29.161 0.0000000000
34497  34.859  -39.739  28.636 0.0000000000
34498  34.296  -40.128  28.395 0.0000000000
34499  33.375  -40.344  28.523 0.0000000000
32212  35.028  -42.431  34.226 0.0000000000
32232  34.687  -42.079  33.100 0.0000000000
33320  34.424  -41.731  32.189 0.0000000000
32259  32.626  -42.023  32.740 0.0000000000
32278  33.365  -41.836  32.091 0.0000000000
33341  34.174  -41.593  31.432 0.0000000000
33363  33.409  -41.175  30.456 0.0000000000
34483  32.929  -40.492  28.817 0.0000000000
34500  32.405  -40.258  28.370 0.0000000000
34501  31.540  -40.378  28.414 0.0000000000
34519  29.644  -40.646  27.795 0.0000000000
34520  28.987  -40.766  27.558 0.0000000000
33386  29.365  -41.094  29.897 0.0000000000
33400  28.415  -41.336  28.943 0.0000000000
33406  28.456  -41.103  27.630 0.0000000000
32308  27.334  -42.833  27.215 0.0000000000
48500  49.812  -26.710  17.145 0.0000000000
48528  50.249  -26.050  16.120 0.0000000000
48518  48.947  -26.571  16.208 0.0000000000
46561  45.340  -28.203  15.422 0.0000000000
47521  45.582  -28.051  14.776 0.0000000000
42687  42.140  -32.275  17.772 0.0000000000
30009  27.314  -44.840  39.180 0.0000000000
28942  27.030  -45.931  39.726 0.0000000000
27870  26.553  -46.590  39.499 0.0000000000
27871  25.803  -46.631  39.550 0.0000000000
26745  26.196  -47.103  39.065 0.0000000000
26778  25.129  -47.354  37.944 0.0000000000
27916  24.664  -47.001  37.114 0.0000000000
27874  21.974  -46.316  39.633 0.0000000000
27903  22.763  -46.001  37.490 0.0000000000
27918  22.735  -45.710  36.335 0.0000000000
27930  23.592  -45.991  35.300 0.0000000000
29051  23.216  -45.140  33.033 0.0000000000
56286  52.459  -17.824  18.948 0.0000000000
54411  53.596  -19.733  18.331 0.0000000000
54410  54.741  -19.994  18.361 0.0000000000
54408  56.573  -21.115  17.728 0.0000000000
55327  55.787  -19.673  19.925 0.0000000000
54397  56.636  -21.018  18.886 0.0000000000
52371  56.519  -22.384  17.561 0.0000000000
51382  55.549  -23.586  17.461 0.0000000000
50413  54.171  -24.952  17.458 0.0000000000
49506  53.432  -25.551  17.513 0.0000000000
49484  54.917  -25.645  18.875 0.0000000000
48496  53.280  -26.214  18.132 0.0000000000
48498  51.603  -26.397  17.528 0.0000000000
47483  50.566  -27.066  18.108 0.0000000000
47470  49.221  -27.577  18.272 0.0000000000
46527  48.718  -28.073  18.735 0.0000000000
46502  50.418  -28.616  20.358 0.0000000000
45647  48.669  -29.016  19.998 0.0000000000
45657  47.299  -29.104  19.051 0.0000000000
45650  46.268  -29.785  19.254 0.0000000000
44771  45.820  -31.095  20.105 0.0000000000
43764  45.494  -31.579  19.991 0.0000000000
44737  53.541  -30.408  22.562 0.0000000000
43742  52.589  -31.109  21.785 0.0000000000
43744  50.340  -31.330  22.113 0.0000000000
42608  51.323  -32.874  22.904 0.0000000000
43724  49.864  -32.257  22.440 0.0000000000
43745  49.018  -31.709  21.965 0.0000000000
43746  48.049  -31.697  21.256 0.0000000000
42629  46.339  -32.650  20.865 0.0000000000
41610  45.294  -33.360  20.399 0.0000000000
40606  44.596  -34.218  20.346 0.0000000000
39652  44.734  -35.419  21.003 0.0000000000
38653  46.059  -36.376  22.431 0.0000000000
38654  45.101  -36.601  22.162 0.0000000000
43625  49.649  -31.912  27.707 0.0000000000
42519  49.834  -33.260  27.532 0.0000000000
42476  47.528  -31.114  30.219 0.0000000000
43610  46.720  -31.366  28.964 0.0000000000
42506  47.377  -31.701  29.326 0.0000000000
42490  47.848  -31.806  29.612 0.0000000000
42504  48.597  -32.863  28.323 0.0000000000
41468  49.318  -33.560  27.816 0.0000000000
39541  49.886  -34.876  26.615 0.0000000000
39582  49.416  -35.566  25.536 0.0000000000
37606  48.227  -36.902  25.249 0.0000000000
37608  47.199  -37.581  25.181 0.0000000000
39607  46.478  -35.375  24.770 0.0000000000
38607  46.594  -36.689  25.260 0.0000000000
37609  45.953  -37.818  25.724 0.0000000000
39612  42.238  -35.892  23.855 0.0000000000
38631  41.709  -36.434  24.088 0.0000000000
43728  41.831  -31.196  22.362 0.0000000000
43749  41.933  -31.816  21.729 0.0000000000
41612  41.194  -33.073  20.999 0.0000000000
42650  39.660  -32.200  20.394 0.0000000000
41613  40.608  -33.269  20.555 0.0000000000
38574  38.546  -36.289  28.682 0.0000000000
38587  37.604  -36.312  27.552 0.0000000000
39564  37.097  -35.922  26.405 0.0000000000
37615  35.535  -36.848  26.532 0.0000000000
38613  36.448  -36.177  26.426 0.0000000000
39588  36.621  -35.593  25.822 0.0000000000
39630  36.078  -34.844  24.349 0.0000000000
40573  35.340  -34.463  23.300 0.0000000000
40574  34.695  -34.581  22.934 0.0000000000
35622  31.737  -39.044  25.804 0.0000000000
36592  32.687  -38.364  25.144 0.0000000000
37632  32.528  -37.290  24.369 0.0000000000
37648  31.141  -37.211  23.472 0.0000000000
37647  31.956  -36.965  23.797 0.0000000000
37646  32.886  -36.756  24.065 0.0000000000
38659  33.122  -35.714  23.172 0.0000000000
39645  33.342  -35.125  22.430 0.0000000000
54442  51.537  -20.505  16.441 0.0000000000
54455  51.758  -21.081  15.102 0.0000000000
54471  51.443  -21.246  14.321 0.0000000000
49533  49.934  -25.671  14.888 0.0000000000
38539  40.003  -36.316  30.062 0.0000000000
39497  40.729  -36.068  30.439 0.0000000000
39510  40.383  -35.855  29.865 0.0000000000
49520  51.410  -25.791  16.515 0.0000000000
31220  27.885  -44.066  32.964 0.0000000000
30088  27.983  -44.196  33.254 0.0000000000
34411  35.385  -40.723  35.941 0.0000000000
35469  35.834  -39.839  36.642 0.0000000000
34424  36.047  -40.645  35.527 0.0000000000
33297  36.063  -41.155  34.817 0.0000000000
42657  44.085  -32.310  19.214 0.0000000000
43778  44.018  -31.593  18.688 0.0000000000
42670  43.711  -32.011  18.783 0.0000000000
46474  53.877  -28.303  23.595 0.0000000000
41513  50.577  -33.793  25.925 0.0000000000
40546  50.781  -34.362  25.060 0.0000000000
44702  43.408  -30.524  24.473 0.0000000000
44701  44.616  -30.686  24.495 0.0000000000
43704  44.403  -31.562  23.616 0.0000000000
34515  33.384  -39.867  27.767 0.0000000000
35589  33.379  -39.494  27.090 0.0000000000
56287  51.857  -17.750  18.460 0.0000000000
56300  51.119  -18.286  17.932 0.0000000000
55355  51.702  -19.218  17.860 0.0000000000
27925  30.248  -46.316  36.331 0.0000000000
26797  29.972  -46.587  36.299 0.0000000000
26788  30.013  -46.704  36.545 0.0000000000
25596  27.308  -48.030  38.124 0.0000000000
25607  26.536  -48.213  37.527 0.0000000000
26776  26.562  -48.155  37.814 0.0000000000
27914  30.917  -45.949  36.895 0.0000000000
29004  30.552  -46.000  36.388 0.0000000000
29020  30.426  -45.744  35.895 0.0000000000
40427  42.669  -33.742  33.148 0.0000000000
41427  42.821  -33.008  32.548 0.0000000000
42450  43.373  -32.166  32.828 0.0000000000
42525  41.683  -32.697  27.549 0.0000000000
41516  40.954  -33.047  26.589 0.0000000000
40553  37.457  -34.347  24.758 0.0000000000
39613  37.234  -35.033  25.363 0.0000000000
34532  29.570  -40.233  26.681 0.0000000000
33425  27.988  -40.955  25.880 0.0000000000
52383  56.735  -22.303  16.475 0.0000000000
53391  57.063  -21.830  16.080 0.0000000000
25643  27.055  -48.061  34.282 0.0000000000
26818  26.950  -47.722  33.863 0.0000000000
25676  25.389  -48.233  30.712 0.0000000000
35534  38.665  -39.269  32.950 0.0000000000
35533  39.075  -38.870  33.430 0.0000000000
36500  38.896  -38.864  32.320 0.0000000000
33361  34.820  -40.714  29.967 0.0000000000
31208  33.139  -42.900  34.260 0.0000000000
46538  47.210  -28.023  17.569 0.0000000000
46539  46.335  -28.357  17.353 0.0000000000
26732  24.018  -46.536  40.377 0.0000000000
26733  23.323  -46.868  40.493 0.0000000000
27873  22.987  -46.716  39.804 0.0000000000
29025  21.169  -44.735  35.300 0.0000000000
29044  20.694  -44.468  34.863 0.0000000000
56284  53.903  -18.113  20.160 0.0000000000
53335  56.038  -21.350  20.302 0.0000000000
53334  56.342  -21.721  19.625 0.0000000000
52346  56.200  -22.193  19.769 0.0000000000
51360  56.119  -23.239  18.874 0.0000000000
52353  55.920  -23.282  19.589 0.0000000000
47451  53.868  -27.028  19.959 0.0000000000
47465  53.539  -26.819  19.457 0.0000000000
47453  52.346  -27.406  19.540 0.0000000000
46512  52.470  -27.699  19.963 0.0000000000
44767  49.281  -29.833  20.891 0.0000000000
44719  52.838  -30.865  23.600 0.0000000000
43679  52.229  -31.456  24.007 0.0000000000
40583  48.706  -34.604  22.995 0.0000000000
41581  47.774  -33.807  22.164 0.0000000000
40594  47.255  -34.153  21.990 0.0000000000
40585  46.957  -34.727  22.020 0.0000000000
36619  46.778  -37.778  23.916 0.0000000000
37639  46.600  -37.555  23.608 0.0000000000
43575  48.441  -31.460  29.835 0.0000000000
44608  45.233  -30.253  29.936 0.0000000000
44624  45.231  -30.386  29.032 0.0000000000
42550  47.399  -32.408  25.263 0.0000000000
41499  48.278  -33.343  26.695 0.0000000000
40588  41.156  -34.884  21.850 0.0000000000
43730  39.917  -31.624  22.467 0.0000000000
36559  36.045  -37.828  28.033 0.0000000000
37629  34.486  -36.809  25.491 0.0000000000
38635  33.930  -36.324  24.512 0.0000000000
36613  29.627  -38.636  24.544 0.0000000000
36612  30.726  -38.489  24.676 0.0000000000
110739  55.872  -21.604  13.925 0.0000000000
53424  54.605  -21.572  13.925 0.0000000000
28988  30.174  -46.196  37.414 0.0000000000
28970  29.858  -45.807  37.706 0.0000000000
27868  28.079  -46.496  38.847 0.0000000000
31123  30.962  -43.922  37.596 0.0000000000
28969  30.708  -45.411  37.405 0.0000000000
37495  41.048  -37.076  32.866 0.0000000000
38480  41.563  -36.380  33.482 0.0000000000
38495  41.404  -36.480  32.556 0.0000000000
39471  41.714  -35.894  32.350 0.0000000000
40435  42.484  -34.547  32.738 0.0000000000
39526  40.636  -34.643  28.961 0.0000000000
40471  41.037  -34.197  28.698 0.0000000000
41472  41.381  -33.641  28.503 0.0000000000
40485  40.926  -34.000  27.947 0.0000000000
40486  40.332  -34.347  27.829 0.0000000000
39561  39.294  -35.129  27.649 0.0000000000
40487  39.682  -34.746  27.692 0.0000000000
40503  38.789  -34.928  26.653 0.0000000000
51396  54.014  -23.895  16.518 0.0000000000
49531  51.949  -24.950  15.750 0.0000000000
50436  52.895  -24.346  15.611 0.0000000000
50437  52.300  -24.378  14.976 0.0000000000
26832  24.558  -47.470  32.494 0.0000000000
26844  24.638  -47.677  31.549 0.0000000000
27970  24.459  -46.843  30.878 0.0000000000
27971  24.127  -45.962  31.113 0.0000000000
30107  23.323  -44.501  30.345 0.0000000000
29071  23.481  -44.985  31.245 0.0000000000
36459  36.449  -38.917  35.285 0.0000000000
35509  37.012  -39.630  34.552 0.0000000000
35523  37.878  -39.535  33.427 0.0000000000
34451  36.429  -40.727  32.662 0.0000000000
33318  35.836  -41.340  32.913 0.0000000000
32216  31.185  -43.225  34.598 0.0000000000
32237  30.711  -42.784  34.096 0.0000000000
32262  29.569  -42.407  33.196 0.0000000000
33324  30.190  -41.768  33.046 0.0000000000
32280  28.988  -42.068  31.888 0.0000000000
45660  45.129  -29.880  18.231 0.0000000000
44800  44.094  -30.187  17.578 0.0000000000
44813  42.814  -30.638  16.803 0.0000000000
44823  43.259  -30.076  16.008 0.0000000000
43813  42.099  -31.107  16.325 0.0000000000
28991  19.408  -44.968  37.434 0.0000000000
29027  19.432  -44.322  36.003 0.0000000000
30045  18.869  -44.255  35.951 0.0000000000
46499  53.458  -28.252  21.057 0.0000000000
46489  53.655  -28.713  21.430 0.0000000000
44750  53.840  -29.608  21.948 0.0000000000
45619  53.150  -29.641  21.407 0.0000000000
44752  52.873  -30.419  21.469 0.0000000000
43681  50.824  -32.043  24.804 0.0000000000
42568  51.507  -32.701  24.384 0.0000000000
40564  50.582  -34.653  24.126 0.0000000000
40582  49.707  -34.469  23.152 0.0000000000
39637  48.555  -35.405  23.417 0.0000000000
38638  49.182  -36.081  24.593 0.0000000000
38639  49.024  -36.498  23.909 0.0000000000
37636  48.465  -37.024  24.497 0.0000000000
43663  45.695  -30.831  25.348 0.0000000000
43683  46.464  -31.608  24.758 0.0000000000
42571  46.575  -32.214  24.226 0.0000000000
42572  45.706  -32.263  23.753 0.0000000000
42592  44.277  -32.331  23.510 0.0000000000
40567  44.170  -33.790  23.688 0.0000000000
40568  43.550  -34.388  23.485 0.0000000000
41561  43.592  -33.287  23.145 0.0000000000
42613  42.710  -32.630  22.368 0.0000000000
41582  43.024  -33.131  22.746 0.0000000000
42630  42.301  -32.835  22.107 0.0000000000
42616  37.572  -32.451  21.641 0.0000000000
42652  37.216  -32.373  19.872 0.0000000000
42661  37.711  -32.495  19.298 0.0000000000
42662  36.804  -32.547  19.293 0.0000000000
35587  34.926  -38.795  27.591 0.0000000000
36591  33.635  -37.977  25.605 0.0000000000
56309  50.445  -18.741  17.347 0.0000000000
56310  49.842  -18.582  16.736 0.0000000000
55374  50.098  -19.728  16.352 0.0000000000
29038  29.157  -45.271  34.899 0.0000000000
27928  28.580  -46.841  35.571 0.0000000000
27935  28.598  -46.357  35.252 0.0000000000
26774  29.446  -47.335  37.152 0.0000000000
26789  29.467  -47.211  36.634 0.0000000000
25603  29.161  -47.543  36.899 0.0000000000
25614  27.194  -48.293  36.641 0.0000000000
25619  27.438  -48.032  35.324 0.0000000000
26792  25.890  -48.127  36.580 0.0000000000
26802  25.336  -47.606  36.120 0.0000000000
34413  33.420  -40.768  36.090 0.0000000000
34412  34.586  -40.579  36.049 0.0000000000
32198  33.848  -42.711  35.387 0.0000000000
30042  31.798  -44.195  36.165 0.0000000000
30051  31.701  -44.287  35.868 0.0000000000
31175  31.765  -43.943  35.618 0.0000000000
30052  31.274  -44.412  35.536 0.0000000000
30054  30.113  -45.393  35.405 0.0000000000
30067  30.520  -44.329  35.081 0.0000000000
30068  29.752  -44.889  35.010 0.0000000000
31193  29.336  -44.419  34.618 0.0000000000
40622  43.489  -34.224  19.437 0.0000000000
44676  50.114  -30.374  24.588 0.0000000000
45581  49.639  -29.593  25.135 0.0000000000
44659  48.792  -30.285  26.366 0.0000000000
44677  49.183  -30.676  25.405 0.0000000000
42549  49.812  -32.416  26.216 0.0000000000
43642  49.704  -31.965  26.786 0.0000000000
38463  41.894  -35.828  33.869 0.0000000000
41447  42.318  -32.906  30.402 0.0000000000
42523  42.516  -31.830  28.423 0.0000000000
42492  42.491  -32.110  29.764 0.0000000000
44663  42.866  -30.978  25.774 0.0000000000
43686  41.813  -31.290  24.671 0.0000000000
42574  40.825  -32.113  25.141 0.0000000000
43688  40.403  -31.929  24.122 0.0000000000
41502  39.854  -33.794  26.617 0.0000000000
41517  40.343  -33.106  26.146 0.0000000000
41518  39.453  -33.583  25.840 0.0000000000
41542  39.293  -33.035  24.934 0.0000000000
41563  39.013  -32.950  24.166 0.0000000000
41564  38.333  -33.044  23.675 0.0000000000
40571  37.080  -34.034  24.073 0.0000000000
41565  37.270  -33.396  23.471 0.0000000000
34530  31.019  -39.681  26.954 0.0000000000
35624  29.551  -39.644  25.895 0.0000000000
35638  28.495  -39.579  24.803 0.0000000000
34542  27.738  -40.971  25.046 0.0000000000
35639  27.889  -40.170  24.329 0.0000000000
54426  54.057  -20.757  17.239 0.0000000000
53380  55.068  -21.199  16.889 0.0000000000
53403  56.869  -21.590  15.631 0.0000000000
53404  56.340  -21.261  15.752 0.0000000000
53421  56.714  -21.613  14.954 0.0000000000
53422  56.096  -21.407  14.792 0.0000000000
52409  55.781  -22.992  15.588 0.0000000000
110727  55.604  -23.056  15.080 0.0000000000
29101  27.792  -45.394  29.911 0.0000000000
27954  26.810  -46.761  32.910 0.0000000000
29070  26.596  -46.479  31.860 0.0000000000
25655  25.702  -48.449  32.817 0.0000000000
25675  25.755  -48.266  31.045 0.0000000000
36485  39.558  -38.545  33.717 0.0000000000
36469  39.220  -38.082  34.351 0.0000000000
36484  40.046  -38.094  34.095 0.0000000000
37482  40.449  -37.682  33.651 0.0000000000
37528  39.776  -37.099  30.890 0.0000000000
37529  39.187  -37.370  30.690 0.0000000000
37547  38.854  -37.010  30.150 0.0000000000
37530  38.589  -37.834  30.594 0.0000000000
36542  37.696  -37.946  30.029 0.0000000000
36543  37.058  -38.325  29.713 0.0000000000
34459  36.951  -39.687  31.802 0.0000000000
35569  35.723  -39.437  29.379 0.0000000000
35575  35.333  -39.175  28.676 0.0000000000
34481  35.097  -39.985  29.472 0.0000000000
33381  34.263  -40.620  29.268 0.0000000000
34482  34.571  -40.326  29.179 0.0000000000
33396  33.978  -40.521  28.742 0.0000000000
32196  35.053  -42.368  34.868 0.0000000000
32256  34.527  -41.831  32.539 0.0000000000
32257  34.030  -41.970  32.455 0.0000000000
32279  33.030  -41.923  32.344 0.0000000000
33342  33.324  -41.551  31.343 0.0000000000
32277  33.738  -41.747  31.833 0.0000000000
34484  32.434  -40.566  28.994 0.0000000000
33398  30.154  -40.796  28.790 0.0000000000
34503  29.978  -40.764  28.433 0.0000000000
33405  29.102  -40.778  27.895 0.0000000000
48501  49.159  -26.714  16.851 0.0000000000
47501  48.463  -27.031  16.792 0.0000000000
47503  46.838  -27.656  16.363 0.0000000000
47511  47.518  -27.096  15.594 0.0000000000
45679  44.985  -29.045  17.194 0.0000000000
46552  45.177  -28.587  16.485 0.0000000000
46565  45.126  -28.561  14.680 0.0000000000
47526  46.037  -27.957  13.724 0.0000000000
41642  42.432  -33.198  18.288 0.0000000000
41659  41.962  -32.868  17.905 0.0000000000
29994  26.932  -45.554  39.664 0.0000000000
28943  26.467  -45.812  39.952 0.0000000000
27852  27.049  -46.140  39.630 0.0000000000
27853  26.767  -46.133  39.755 0.0000000000
26761  25.665  -47.376  38.538 0.0000000000
26762  24.675  -46.859  38.875 0.0000000000
27901  24.424  -46.824  38.305 0.0000000000
27917  23.640  -46.437  36.644 0.0000000000
27888  21.527  -46.066  38.817 0.0000000000
27875  20.808  -46.051  39.614 0.0000000000
27887  22.730  -46.163  38.761 0.0000000000
29023  22.925  -45.258  34.594 0.0000000000
27938  23.736  -45.749  33.861 0.0000000000
29061  22.131  -44.448  32.863 0.0000000000
30083  20.169  -44.050  33.382 0.0000000000
57160  52.561  -16.752  19.604 0.0000000000
55344  53.177  -18.987  18.853 0.0000000000
55328  54.984  -19.163  20.234 0.0000000000
53350  56.651  -21.835  18.919 0.0000000000
53365  56.724  -21.696  18.114 0.0000000000
51381  56.164  -22.951  17.556 0.0000000000
51372  56.172  -23.107  18.067 0.0000000000
50412  54.794  -24.771  17.789 0.0000000000
49505  54.224  -25.272  17.782 0.0000000000
50385  55.189  -24.929  19.543 0.0000000000
49465  54.999  -25.647  19.343 0.0000000000
48473  52.765  -26.599  18.506 0.0000000000
48497  52.557  -26.287  17.810 0.0000000000
48475  51.148  -26.751  18.016 0.0000000000
47455  50.599  -27.582  19.295 0.0000000000
47469  50.017  -27.449  18.683 0.0000000000
46526  49.351  -27.786  18.847 0.0000000000
46501  51.470  -28.503  20.370 0.0000000000
45635  48.997  -29.463  20.550 0.0000000000
45646  49.352  -28.935  20.275 0.0000000000
46516  48.296  -28.663  19.257 0.0000000000
45649  46.956  -29.592  19.401 0.0000000000
44780  47.162  -29.844  19.916 0.0000000000
44770  46.387  -30.854  20.204 0.0000000000
43763  46.099  -31.547  20.424 0.0000000000
45600  53.358  -29.052  23.651 0.0000000000
45609  53.636  -29.726  22.934 0.0000000000
44718  53.291  -30.226  23.244 0.0000000000
43743  51.571  -31.285  21.976 0.0000000000
42610  49.337  -33.015  22.323 0.0000000000
43725  49.269  -32.392  22.271 0.0000000000
42627  48.186  -32.590  21.738 0.0000000000
41598  46.435  -33.376  21.159 0.0000000000
41609  45.915  -33.090  20.776 0.0000000000
40605  45.377  -34.251  20.792 0.0000000000
39662  44.899  -34.852  20.796 0.0000000000
38680  44.226  -35.851  20.927 0.0000000000
38667  44.802  -36.069  21.436 0.0000000000
39639  46.845  -35.486  22.399 0.0000000000
38652  47.012  -36.450  23.069 0.0000000000
37654  45.461  -37.109  22.836 0.0000000000
38655  44.372  -36.665  21.918 0.0000000000
43624  49.774  -32.641  27.652 0.0000000000
43608  49.673  -32.878  28.081 0.0000000000
43579  46.477  -30.721  30.521 0.0000000000
44568  46.211  -30.494  31.430 0.0000000000
43558  46.771  -30.630  30.979 0.0000000000
43578  46.856  -30.987  30.169 0.0000000000
43611  45.979  -30.884  28.470 0.0000000000
43627  46.770  -31.499  27.856 0.0000000000
42522  47.325  -31.961  28.454 0.0000000000
42489  48.321  -32.141  29.204 0.0000000000
41483  48.808  -33.792  27.405 0.0000000000
40484  49.297  -34.543  26.855 0.0000000000
41482  49.458  -33.997  27.266 0.0000000000
39559  49.777  -35.210  26.332 0.0000000000
39560  49.289  -35.153  26.319 0.0000000000
39584  47.903  -35.109  25.086 0.0000000000
39583  48.746  -35.424  25.580 0.0000000000
38606  47.839  -36.364  25.100 0.0000000000
37607  48.151  -37.032  25.077 0.0000000000
39611  42.872  -35.776  24.070 0.0000000000
39627  42.495  -35.299  23.394 0.0000000000
38642  41.192  -36.231  23.451 0.0000000000
42632  41.444  -32.162  21.350 0.0000000000
42648  41.428  -32.705  21.264 0.0000000000
41614  39.919  -33.330  19.942 0.0000000000
38575  37.956  -36.557  28.371 0.0000000000
39563  37.810  -35.859  26.860 0.0000000000
37593  35.647  -37.394  27.088 0.0000000000
38614  35.669  -36.263  26.046 0.0000000000
39589  35.880  -35.615  25.422 0.0000000000
39614  36.486  -35.054  24.972 0.0000000000
39615  35.512  -35.442  24.762 0.0000000000
39631  35.436  -34.976  23.985 0.0000000000
36610  32.906  -37.751  24.791 0.0000000000
37649  30.426  -37.430  23.254 0.0000000000
38648  31.970  -36.368  23.149 0.0000000000
38647  32.631  -36.255  23.498 0.0000000000
38646  33.544  -36.011  23.856 0.0000000000
39656  32.944  -34.683  21.509 0.0000000000
40591  34.280  -34.300  22.327 0.0000000000
58907  50.982  -15.512  16.071 0.0000000000
54440  53.842  -21.244  16.382 0.0000000000
54441  52.939  -21.018  16.119 0.0000000000
54454  52.680  -21.261  15.231 0.0000000000
48529  49.651  -26.165  15.612 0.0000000000
48543  49.297  -26.086  14.806 0.0000000000
30024  29.581  -44.606  38.409 0.0000000000
30025  29.099  -44.916  38.502 0.0000000000
38508  40.723  -36.931  31.923 0.0000000000
38507  41.054  -36.281  31.357 0.0000000000
38521  40.853  -36.144  30.743 0.0000000000
40455  41.509  -34.908  30.386 0.0000000000
39509  40.829  -34.994  29.474 0.0000000000
39543  40.197  -34.709  28.432 0.0000000000
39545  38.849  -35.799  28.224 0.0000000000
49518  53.192  -25.003  16.882 0.0000000000
50426  53.037  -24.619  16.429 0.0000000000
31222  28.111  -43.398  32.133 0.0000000000
36447  36.237  -39.191  36.000 0.0000000000
34442  36.717  -40.598  33.524 0.0000000000
31209  30.198  -43.102  34.119 0.0000000000
32263  28.857  -42.880  33.005 0.0000000000
44783  44.811  -31.021  19.197 0.0000000000
44791  44.523  -30.676  18.448 0.0000000000
44792  43.791  -31.247  18.262 0.0000000000
43789  43.402  -31.336  18.125 0.0000000000
43790  42.902  -31.594  17.995 0.0000000000
28992  18.323  -45.002  37.370 0.0000000000
47424  54.470  -27.558  21.835 0.0000000000
46488  54.083  -28.365  21.525 0.0000000000
45617  54.076  -29.125  22.109 0.0000000000
44736  53.833  -29.732  22.363 0.0000000000
41535  51.079  -33.645  24.747 0.0000000000
40545  50.962  -34.056  24.769 0.0000000000
39605  49.649  -35.626  24.934 0.0000000000
44679  44.953  -30.490  25.671 0.0000000000
43685  45.041  -31.433  23.916 0.0000000000
42593  43.747  -32.425  23.150 0.0000000000
43726  43.400  -31.869  22.830 0.0000000000
43727  42.790  -31.685  22.300 0.0000000000
58894  50.785  -15.661  18.129 0.0000000000
26799  29.038  -47.121  36.045 0.0000000000
25594  28.390  -47.829  37.558 0.0000000000
25604  28.700  -47.769  37.055 0.0000000000
25615  26.526  -48.265  37.008 0.0000000000
31160  32.552  -43.447  35.974 0.0000000000
28985  31.372  -44.949  36.505 0.0000000000
29019  31.108  -45.118  35.886 0.0000000000
42440  43.516  -32.151  33.732 0.0000000000
43536  43.736  -31.033  33.150 0.0000000000
41471  41.683  -33.120  28.778 0.0000000000
41457  42.018  -32.716  29.482 0.0000000000
42508  41.916  -32.532  28.698 0.0000000000
42524  42.074  -32.250  28.057 0.0000000000
43630  42.519  -31.724  27.207 0.0000000000
43664  41.828  -31.570  25.331 0.0000000000
42554  40.481  -32.551  25.470 0.0000000000
35610  30.056  -39.883  26.498 0.0000000000
54424  56.113  -20.999  17.139 0.0000000000
53392  55.952  -21.080  16.635 0.0000000000
54439  56.446  -21.242  16.350 0.0000000000
53390  57.150  -21.989  15.774 0.0000000000
53402  57.099  -21.903  15.610 0.0000000000
27942  27.228  -46.717  33.808 0.0000000000
35506  38.744  -38.426  34.152 0.0000000000
36515  39.277  -38.269  31.949 0.0000000000
36529  38.853  -38.093  31.131 0.0000000000
35558  37.317  -38.995  31.005 0.0000000000
31172  33.957  -43.088  34.527 0.0000000000
32213  34.289  -42.870  34.263 0.0000000000
31187  33.815  -42.951  34.098 0.0000000000
31206  33.668  -42.810  33.802 0.0000000000
32234  33.344  -42.595  33.452 0.0000000000
33322  31.606  -41.612  32.378 0.0000000000
33321  32.114  -41.656  32.079 0.0000000000
34486  31.142  -40.758  29.313 0.0000000000
33388  27.929  -42.176  29.853 0.0000000000
45691  44.129  -29.117  15.786 0.0000000000
46562  44.671  -28.712  15.591 0.0000000000
45698  44.248  -29.196  14.680 0.0000000000
26747  24.437  -46.591  39.602 0.0000000000
26763  24.151  -46.644  39.407 0.0000000000
27886  23.837  -46.561  39.104 0.0000000000
28974  19.969  -45.401  38.376 0.0000000000
28973  21.068  -45.622  38.090 0.0000000000
29024  22.099  -44.811  34.988 0.0000000000
29053  21.818  -44.386  33.381 0.0000000000
56285  53.195  -18.036  19.626 0.0000000000
55342  55.262  -19.646  19.277 0.0000000000
51373  55.689  -23.926  18.469 0.0000000000
48470  54.826  -25.970  19.193 0.0000000000
48451  54.055  -26.500  19.417 0.0000000000
47467  52.090  -26.971  18.966 0.0000000000
47454  51.500  -27.483  19.396 0.0000000000
45633  50.989  -29.212  20.800 0.0000000000
45636  48.263  -29.627  20.394 0.0000000000
43747  47.506  -31.429  20.846 0.0000000000
42611  48.622  -33.039  22.151 0.0000000000
41596  48.085  -33.287  22.090 0.0000000000
40596  46.007  -34.183  21.064 0.0000000000
39640  46.106  -35.635  21.916 0.0000000000
38641  47.459  -36.910  23.507 0.0000000000
37652  46.948  -37.152  23.431 0.0000000000
37640  45.880  -37.609  23.417 0.0000000000
36621  45.461  -37.977  23.927 0.0000000000
44606  49.051  -30.999  29.399 0.0000000000
44569  45.012  -30.104  31.719 0.0000000000
43644  46.737  -31.473  26.600 0.0000000000
43643  47.281  -31.989  27.284 0.0000000000
42521  47.903  -32.625  27.697 0.0000000000
42520  48.471  -33.148  27.737 0.0000000000
41498  48.624  -34.113  26.480 0.0000000000
39608  45.409  -35.323  24.672 0.0000000000
38610  43.471  -37.090  25.675 0.0000000000
38611  42.614  -36.975  25.456 0.0000000000
40570  42.200  -34.838  22.855 0.0000000000
43766  40.138  -31.740  21.235 0.0000000000
42660  38.775  -32.682  19.314 0.0000000000
37566  37.383  -37.347  29.024 0.0000000000
37580  37.247  -36.941  28.322 0.0000000000
37592  36.271  -36.972  27.218 0.0000000000
36590  34.263  -37.613  25.987 0.0000000000
37616  34.893  -37.153  26.178 0.0000000000
36594  31.221  -38.816  25.314 0.0000000000
38662  30.521  -36.579  22.003 0.0000000000
37663  30.785  -36.907  22.793 0.0000000000
38661  31.451  -36.121  22.422 0.0000000000
53406  54.567  -21.348  15.142 0.0000000000
48531  47.942  -26.833  14.707 0.0000000000
48544  48.630  -26.259  14.231 0.0000000000
27899  30.672  -46.225  37.062 0.0000000000
27900  29.991  -46.577  37.349 0.0000000000
26757  29.231  -47.096  37.677 0.0000000000
26758  28.456  -47.504  38.082 0.0000000000
26759  27.583  -47.667  38.433 0.0000000000
30034  31.423  -44.433  37.076 0.0000000000
27898  30.942  -45.902  37.110 0.0000000000
37467  40.864  -36.826  34.222 0.0000000000
39458  42.277  -35.268  33.336 0.0000000000
40444  42.567  -33.839  31.710 0.0000000000
41437  42.516  -33.824  31.432 0.0000000000
40461  41.537  -33.925  29.425 0.0000000000
41486  41.296  -33.453  27.781 0.0000000000
41500  41.103  -33.240  27.063 0.0000000000
39587  37.711  -35.356  25.970 0.0000000000
32345  27.510  -42.294  24.339 0.0000000000
31305  27.528  -43.050  24.596 0.0000000000
51394  55.494  -23.181  16.456 0.0000000000
51405  55.186  -23.138  15.890 0.0000000000
50448  53.763  -23.585  15.311 0.0000000000
50435  53.554  -24.010  16.166 0.0000000000
26857  24.998  -47.752  30.327 0.0000000000
27988  24.348  -46.200  30.498 0.0000000000
35491  37.158  -39.076  34.615 0.0000000000
36471  37.846  -38.673  34.225 0.0000000000
34450  37.093  -39.971  32.294 0.0000000000
32214  32.268  -42.818  34.260 0.0000000000
32261  30.792  -42.107  33.447 0.0000000000
33368  28.633  -41.893  30.885 0.0000000000
45668  46.163  -28.998  18.144 0.0000000000
45669  45.482  -29.174  17.787 0.0000000000
45680  44.343  -29.281  16.710 0.0000000000
44811  44.174  -29.774  17.208 0.0000000000
45681  43.780  -29.584  16.168 0.0000000000
28959  19.211  -45.347  39.386 0.0000000000
29026  20.172  -44.433  35.473 0.0000000000
30055  19.706  -44.283  34.934 0.0000000000
30057  18.413  -44.503  35.616 0.0000000000
47441  53.369  -27.631  20.433 0.0000000000
45630  53.345  -28.969  21.383 0.0000000000
45621  51.524  -29.865  21.179 0.0000000000
44754  50.967  -30.515  21.637 0.0000000000
42567  51.933  -32.083  24.198 0.0000000000
41577  51.177  -33.560  23.332 0.0000000000
41557  50.922  -34.172  23.465 0.0000000000
39625  48.263  -36.036  23.500 0.0000000000
37626  47.395  -37.703  24.488 0.0000000000
43555  48.050  -30.177  30.748 0.0000000000
44625  44.364  -30.495  28.613 0.0000000000
43645  45.859  -30.787  26.199 0.0000000000
41537  47.191  -33.078  24.586 0.0000000000
41538  46.335  -33.264  23.979 0.0000000000
41539  45.466  -33.187  23.838 0.0000000000
40550  44.889  -34.256  24.160 0.0000000000
40586  42.281  -34.263  22.525 0.0000000000
41584  42.099  -33.841  22.127 0.0000000000
41601  41.670  -33.511  21.560 0.0000000000
42614  39.194  -32.002  22.629 0.0000000000
36572  35.033  -38.074  27.092 0.0000000000
35605  34.277  -38.704  26.806 0.0000000000
36573  34.392  -37.980  26.505 0.0000000000
36644  28.454  -38.402  22.836 0.0000000000
36643  29.092  -37.806  22.775 0.0000000000
37675  29.026  -36.997  21.535 0.0000000000
38663  29.796  -36.704  21.638 0.0000000000
58053  50.379  -16.522  17.400 0.0000000000
58054  49.896  -16.892  16.688 0.0000000000
57191  49.573  -17.611  16.325 0.0000000000
54457  49.680  -19.809  15.302 0.0000000000
30080  28.202  -44.588  33.844 0.0000000000
29022  28.948  -46.092  35.229 0.0000000000
25629  27.134  -48.197  34.620 0.0000000000
26790  28.858  -47.428  36.402 0.0000000000
26791  28.456  -47.618  36.322 0.0000000000
26807  25.755  -48.345  34.853 0.0000000000
34400  35.266  -40.164  36.535 0.0000000000
33276  35.199  -41.186  35.583 0.0000000000
33289  34.059  -42.350  35.428 0.0000000000
41625  43.921  -33.283  19.417 0.0000000000
42658  43.648  -32.866  19.047 0.0000000000
41626  43.216  -33.388  18.844 0.0000000000
41627  42.741  -33.769  18.641 0.0000000000
40640  42.325  -34.158  18.558 0.0000000000
45590  52.473  -28.983  24.376 0.0000000000
44698  50.819  -31.148  24.399 0.0000000000
43682  50.245  -31.995  25.117 0.0000000000
43660  50.356  -32.395  25.251 0.0000000000
42548  50.205  -32.895  25.817 0.0000000000
44551  44.050  -30.434  32.335 0.0000000000
41436  42.595  -33.204  31.499 0.0000000000
43597  43.169  -31.423  30.034 0.0000000000
44610  43.635  -30.783  29.297 0.0000000000
43646  42.997  -31.274  26.912 0.0000000000
44662  43.252  -30.746  26.188 0.0000000000
44722  42.742  -30.651  23.705 0.0000000000
44723  41.917  -30.937  23.893 0.0000000000
43707  40.313  -31.720  23.387 0.0000000000
42596  38.610  -32.460  23.003 0.0000000000
41586  37.247  -32.934  22.468 0.0000000000
41587  36.226  -33.362  22.272 0.0000000000
35591  32.063  -39.646  27.354 0.0000000000
34549  28.085  -40.216  24.843 0.0000000000
55354  52.480  -19.163  18.351 0.0000000000
53394  54.636  -21.366  16.197 0.0000000000
52392  56.531  -22.633  15.820 0.0000000000
52391  56.981  -22.331  15.528 0.0000000000
52407  56.749  -22.696  15.208 0.0000000000
53436  56.900  -22.106  14.387 0.0000000000
30081  27.801  -44.988  33.656 0.0000000000
26831  26.343  -47.998  32.547 0.0000000000
27986  26.804  -47.051  30.838 0.0000000000
38540  39.346  -36.547  30.003 0.0000000000
38559  39.015  -36.228  29.398 0.0000000000
38541  38.711  -36.857  29.861 0.0000000000
36549  36.810  -37.896  29.041 0.0000000000
35559  36.631  -39.413  30.723 0.0000000000
35567  36.977  -38.981  30.310 0.0000000000
35576  34.770  -39.541  28.071 0.0000000000
34516  32.568  -39.894  27.828 0.0000000000
33382  33.413  -40.748  29.366 0.0000000000
34518  30.550  -40.241  27.709 0.0000000000
31272  27.660  -43.815  26.296 0.0000000000
48516  50.546  -26.320  16.675 0.0000000000
49521  50.704  -25.902  16.237 0.0000000000
48517  49.735  -26.445  16.427 0.0000000000
47510  48.194  -26.829  16.128 0.0000000000
46551  45.952  -27.939  16.126 0.0000000000
46560  45.875  -27.836  15.528 0.0000000000
47513  45.834  -27.791  15.119 0.0000000000
47520  46.120  -27.608  14.457 0.0000000000
42671  43.386  -32.460  18.686 0.0000000000
42672  42.827  -32.407  18.289 0.0000000000
43802  42.305  -31.422  17.228 0.0000000000
42700  41.635  -32.422  17.013 0.0000000000
31105  28.473  -43.755  38.424 0.0000000000
28957  27.558  -45.575  39.291 0.0000000000
27869  27.375  -46.332  39.338 0.0000000000
26744  27.081  -47.114  38.951 0.0000000000
27854  25.877  -46.176  39.940 0.0000000000
27856  22.731  -46.946  39.835 0.0000000000
29052  22.499  -44.733  33.258 0.0000000000
29060  22.563  -44.617  32.364 0.0000000000
30082  20.989  -44.186  33.289 0.0000000000
57173  52.115  -17.077  18.996 0.0000000000
53377  56.774  -21.724  17.112 0.0000000000
55341  55.841  -19.936  19.256 0.0000000000
54398  56.143  -20.340  19.460 0.0000000000
52372  56.228  -22.773  17.128 0.0000000000
50424  54.458  -24.437  17.295 0.0000000000
49507  52.201  -25.939  17.149 0.0000000000
50398  55.320  -24.921  18.874 0.0000000000
48471  54.469  -26.105  19.057 0.0000000000
49485  54.322  -25.627  18.338 0.0000000000
48515  51.170  -26.300  17.020 0.0000000000
48499  50.667  -26.668  17.470 0.0000000000
47484  49.887  -27.173  17.825 0.0000000000
47471  48.444  -27.761  18.073 0.0000000000
46528  47.516  -28.449  18.340 0.0000000000
46514  50.886  -27.910  19.963 0.0000000000
46503  49.774  -28.739  20.303 0.0000000000
46517  47.693  -28.896  19.095 0.0000000000
45658  46.669  -29.212  18.692 0.0000000000
44781  46.608  -30.148  19.835 0.0000000000
44782  45.524  -30.589  19.464 0.0000000000
43772  44.963  -31.502  19.512 0.0000000000
42646  44.939  -32.435  19.754 0.0000000000
43721  53.203  -31.060  22.159 0.0000000000
43741  53.144  -30.789  21.713 0.0000000000
42588  52.068  -32.280  23.823 0.0000000000
42607  52.052  -32.404  23.239 0.0000000000
43723  50.982  -32.136  22.415 0.0000000000
42628  47.166  -32.350  21.077 0.0000000000
42644  46.453  -32.079  20.692 0.0000000000
42645  45.764  -32.381  20.467 0.0000000000
41611  44.551  -33.363  19.880 0.0000000000
44641  49.353  -31.199  27.476 0.0000000000
43641  49.824  -32.486  27.114 0.0000000000
42534  50.045  -33.227  26.765 0.0000000000
41497  50.323  -34.162  26.460 0.0000000000
43577  47.553  -30.806  30.442 0.0000000000
42475  47.798  -31.323  30.123 0.0000000000
42491  47.465  -31.368  29.949 0.0000000000
42474  48.169  -31.628  29.825 0.0000000000
42473  48.524  -31.856  29.473 0.0000000000
42488  48.867  -32.356  29.002 0.0000000000
42503  49.277  -33.029  28.409 0.0000000000
41469  49.006  -33.428  28.102 0.0000000000
42502  49.620  -33.309  27.941 0.0000000000
41467  49.654  -33.614  27.546 0.0000000000
41481  49.945  -33.931  27.070 0.0000000000
40499  50.309  -34.750  26.322 0.0000000000
39581  50.196  -35.213  26.050 0.0000000000
38604  49.212  -36.059  25.269 0.0000000000
38605  48.589  -36.258  24.972 0.0000000000
37624  48.435  -36.943  24.808 0.0000000000
37625  47.977  -37.330  24.703 0.0000000000
40547  47.618  -33.945  24.738 0.0000000000
39606  47.470  -34.859  24.766 0.0000000000
36584  46.792  -38.081  24.717 0.0000000000
36585  46.115  -38.290  25.129 0.0000000000
37610  44.763  -37.962  25.776 0.0000000000
38630  42.437  -36.395  24.562 0.0000000000
44739  42.811  -30.883  22.857 0.0000000000
42631  41.906  -32.619  21.670 0.0000000000
43765  40.416  -31.915  20.983 0.0000000000
39529  38.845  -36.110  28.966 0.0000000000
39546  38.197  -36.006  27.605 0.0000000000
37582  35.948  -37.662  27.707 0.0000000000
38589  36.052  -36.673  26.746 0.0000000000
40590  35.251  -33.926  22.547 0.0000000000
35621  32.575  -38.816  25.733 0.0000000000
37631  33.145  -37.151  24.626 0.0000000000
36629  31.451  -37.469  23.897 0.0000000000
37645  33.438  -36.629  24.444 0.0000000000
39633  33.717  -35.408  23.196 0.0000000000
39644  34.162  -35.022  22.835 0.0000000000
40600  34.873  -33.663  21.925 0.0000000000
54428  51.242  -19.947  17.338 0.0000000000
54443  50.649  -20.001  16.667 0.0000000000
54456  50.410  -20.209  15.561 0.0000000000
49548  50.568  -25.153  14.361 0.0000000000
25612  28.733  -47.609  36.667 0.0000000000
26749  23.142  -47.007  40.095 0.0000000000
27857  22.393  -46.531  40.069 0.0000000000
28968  31.007  -45.305  37.269 0.0000000000
29041  22.956  -45.103  33.776 0.0000000000
30070  20.655  -44.188  33.847 0.0000000000
34385  35.781  -39.961  37.057 0.0000000000
34398  35.776  -40.061  36.894 0.0000000000
34410  35.846  -40.215  36.394 0.0000000000
34425  35.577  -40.979  35.591 0.0000000000
35453  35.627  -39.736  36.969 0.0000000000
35507  38.314  -38.681  34.035 0.0000000000
38494  41.786  -35.926  32.611 0.0000000000
38561  37.949  -36.872  28.997 0.0000000000
38624  49.067  -35.973  24.935 0.0000000000
39495  41.618  -35.003  30.666 0.0000000000
39540  50.072  -34.835  26.562 0.0000000000
39542  49.604  -34.889  26.619 0.0000000000
39558  50.100  -34.996  26.443 0.0000000000
40482  50.079  -34.599  26.646 0.0000000000
40483  49.720  -34.496  26.863 0.0000000000
41470  41.917  -32.637  28.983 0.0000000000
41559  45.633  -32.822  23.702 0.0000000000
42570  47.086  -32.354  24.711 0.0000000000
42590  46.122  -32.674  23.765 0.0000000000
42591  45.836  -32.685  23.682 0.0000000000
42656  44.599  -31.929  19.426 0.0000000000
42688  41.817  -32.714  17.613 0.0000000000
42699  41.895  -31.912  17.237 0.0000000000
43556  47.542  -30.377  30.969 0.0000000000
43779  43.475  -31.751  18.425 0.0000000000
44757  47.878  -31.124  20.935 0.0000000000
45599  53.794  -28.837  23.402 0.0000000000
48428  54.809  -26.058  19.702 0.0000000000
48449  54.822  -26.024  19.431 0.0000000000
49486  53.707  -25.952  18.210 0.0000000000
51383  54.882  -24.158  17.344 0.0000000000
51404  55.570  -23.046  16.024 0.0000000000
52393  55.934  -22.887  15.930 0.0000000000
53378  55.925  -21.019  16.976 0.0000000000
53379  55.723  -21.091  16.899 0.0000000000
54429  50.721  -19.679  17.135 0.0000000000
54438  56.827  -21.560  16.002 0.0000000000
54452  56.664  -21.393  15.870 0.0000000000
55366  49.906  -19.297  16.511 0.0000000000
56298  52.679  -18.480  18.838 0.0000000000
56301  50.298  -18.133  17.488 0.0000000000
