#!ascii label  , from subject demencia vox2ras=TkReg
727
83892  39.531  11.722  14.703 0.0000000000
84804  45.864  11.967  7.477 0.0000000000
87230  47.062  15.526  6.552 0.0000000000
83073  44.933  10.376  -0.226 0.0000000000
81180  40.670  8.512  11.344 0.0000000000
88016  50.176  16.358  11.827 0.0000000000
86453  45.860  13.886  1.545 0.0000000000
86407  39.226  14.726  6.298 0.0000000000
86340  48.732  14.200  11.433 0.0000000000
84765  43.438  12.158  11.612 0.0000000000
81206  42.992  8.492  7.822 0.0000000000
88059  42.155  16.432  7.868 0.0000000000
87287  41.556  15.204  2.449 0.0000000000
86413  50.808  14.876  5.768 0.0000000000
88123  45.072  16.636  -0.674 0.0000000000
88062  40.237  16.509  7.405 0.0000000000
86320  43.696  14.318  13.587 0.0000000000
84759  41.166  12.658  12.878 0.0000000000
81192  42.138  8.511  9.794 0.0000000000
87188  46.211  15.807  9.467 0.0000000000
88045  44.003  16.912  9.645 0.0000000000
86391  44.378  15.016  7.764 0.0000000000
86420  41.949  14.832  4.964 0.0000000000
86430  43.786  14.742  4.412 0.0000000000
84785  47.354  12.450  9.452 0.0000000000
85571  49.989  13.512  9.235 0.0000000000
85607  48.102  13.311  6.575 0.0000000000
85673  46.238  12.659  -1.397 0.0000000000
86471  46.415  15.313  -0.605 0.0000000000
84872  43.926  12.878  -0.927 0.0000000000
85676  41.939  13.809  -1.070 0.0000000000
82177  42.164  9.497  -0.518 0.0000000000
79645  41.486  7.090  2.274 0.0000000000
82986  37.576  10.197  13.802 0.0000000000
82989  39.318  10.514  12.171 0.0000000000
87185  49.453  15.854  9.286 0.0000000000
83968  43.629  11.153  5.128 0.0000000000
85625  45.758  13.396  4.491 0.0000000000
83982  45.356  11.720  1.893 0.0000000000
83998  47.720  11.721  -0.185 0.0000000000
87136  48.810  15.621  15.026 0.0000000000
87146  46.241  15.161  13.852 0.0000000000
85547  45.808  13.168  11.473 0.0000000000
83924  45.544  11.285  9.234 0.0000000000
82993  42.104  10.451  11.335 0.0000000000
82099  43.281  9.742  9.761 0.0000000000
83943  44.003  10.617  7.472 0.0000000000
81233  43.738  8.933  5.164 0.0000000000
82081  35.775  9.126  15.709 0.0000000000
90497  43.119  18.755  7.868 0.0000000000
89693  41.672  18.078  7.761 0.0000000000
88071  41.052  16.218  6.832 0.0000000000
87276  39.721  14.955  3.847 0.0000000000
85632  39.251  13.759  3.019 0.0000000000
86338  50.811  14.965  11.806 0.0000000000
87183  51.112  15.298  8.996 0.0000000000
88069  49.476  16.586  5.685 0.0000000000
86439  48.216  15.241  3.282 0.0000000000
88101  50.083  16.969  1.815 0.0000000000
87270  46.921  16.436  3.403 0.0000000000
87300  43.056  15.437  1.086 0.0000000000
85648  40.466  13.775  1.297 0.0000000000
88054  39.760  16.340  8.120 0.0000000000
89695  40.315  17.911  8.224 0.0000000000
85531  41.678  13.113  14.697 0.0000000000
84755  40.263  12.355  13.766 0.0000000000
87201  46.533  15.487  8.611 0.0000000000
87202  45.518  15.682  8.740 0.0000000000
87231  45.983  15.192  6.890 0.0000000000
86418  44.076  14.625  5.746 0.0000000000
87245  46.023  15.324  5.764 0.0000000000
84795  46.840  11.935  8.641 0.0000000000
84794  47.753  12.607  8.297 0.0000000000
84811  46.584  12.961  6.411 0.0000000000
84009  45.434  11.710  -1.235 0.0000000000
84871  45.072  12.689  -1.132 0.0000000000
84010  44.314  11.905  -0.791 0.0000000000
84011  43.273  11.955  -1.374 0.0000000000
82176  43.228  9.716  -0.656 0.0000000000
80480  42.655  8.111  0.447 0.0000000000
81268  43.979  8.385  0.714 0.0000000000
82092  37.694  9.553  12.675 0.0000000000
88029  48.750  16.150  10.557 0.0000000000
88041  49.774  16.070  10.095 0.0000000000
83046  44.421  10.521  3.467 0.0000000000
83976  44.367  11.615  3.494 0.0000000000
83054  45.342  10.630  2.352 0.0000000000
83990  48.258  11.178  0.528 0.0000000000
83997  48.451  11.122  -0.160 0.0000000000
83080  47.812  10.922  -1.028 0.0000000000
85537  43.600  13.528  12.203 0.0000000000
86344  44.711  13.707  11.904 0.0000000000
85548  44.880  13.124  11.523 0.0000000000
84775  45.253  11.801  10.735 0.0000000000
84776  44.709  11.636  10.832 0.0000000000
82097  40.287  9.119  11.738 0.0000000000
82995  40.302  10.451  11.850 0.0000000000
81179  41.185  9.007  11.218 0.0000000000
81199  42.644  8.444  8.714 0.0000000000
82109  42.813  9.196  9.403 0.0000000000
81198  43.009  8.863  8.424 0.0000000000
83015  43.898  10.045  8.784 0.0000000000
82122  43.413  9.377  7.418 0.0000000000
82128  43.498  9.385  6.490 0.0000000000
81215  43.353  8.495  6.803 0.0000000000
80415  45.679  7.123  5.180 0.0000000000
88052  43.600  16.596  9.096 0.0000000000
89674  43.640  18.526  9.178 0.0000000000
88873  42.651  17.233  8.116 0.0000000000
89692  42.396  17.952  7.675 0.0000000000
88878  42.098  17.198  7.825 0.0000000000
88061  40.959  16.688  7.249 0.0000000000
87220  41.290  15.994  6.829 0.0000000000
86432  41.978  14.830  4.043 0.0000000000
87260  40.821  15.475  4.227 0.0000000000
87275  40.294  15.294  3.539 0.0000000000
86446  39.256  14.447  3.424 0.0000000000
86457  39.867  15.100  2.010 0.0000000000
87151  48.688  15.165  13.071 0.0000000000
87150  49.710  15.314  12.979 0.0000000000
86325  49.277  14.748  12.256 0.0000000000
86390  50.526  14.170  7.099 0.0000000000
86369  51.105  14.353  9.303 0.0000000000
86399  51.374  14.841  6.943 0.0000000000
87212  50.950  15.680  7.406 0.0000000000
88078  50.995  16.194  5.293 0.0000000000
85637  46.032  13.941  3.058 0.0000000000
86429  46.617  14.189  4.200 0.0000000000
86452  46.528  14.601  2.031 0.0000000000
87322  46.056  16.212  -0.989 0.0000000000
87307  49.003  16.814  0.300 0.0000000000
88916  48.215  17.481  0.463 0.0000000000
88904  48.413  17.593  2.477 0.0000000000
88104  46.408  16.666  1.485 0.0000000000
87284  44.936  15.878  2.175 0.0000000000
87311  43.657  15.668  0.017 0.0000000000
84001  41.628  11.523  0.081 0.0000000000
85655  41.199  13.656  0.312 0.0000000000
83993  41.384  11.562  1.205 0.0000000000
84850  40.715  12.499  2.218 0.0000000000
88003  50.446  16.567  12.793 0.0000000000
87221  39.761  15.649  7.656 0.0000000000
87236  39.848  15.509  6.746 0.0000000000
86309  44.459  14.017  15.423 0.0000000000
85530  42.556  13.653  14.470 0.0000000000
85533  42.251  13.859  13.349 0.0000000000
84766  42.286  12.382  12.133 0.0000000000
81184  41.483  8.512  10.698 0.0000000000
87189  45.259  16.220  9.600 0.0000000000
87203  44.429  15.944  8.784 0.0000000000
86381  43.132  15.113  8.053 0.0000000000
86393  42.634  14.897  7.317 0.0000000000
86404  43.260  14.530  6.540 0.0000000000
86419  42.958  14.448  5.355 0.0000000000
86443  43.205  14.781  3.320 0.0000000000
85561  47.686  13.457  10.574 0.0000000000
85560  48.849  13.711  10.594 0.0000000000
84784  48.309  12.883  9.069 0.0000000000
85596  49.615  13.400  7.672 0.0000000000
86402  49.305  14.333  6.025 0.0000000000
85654  46.270  13.225  -0.058 0.0000000000
86463  46.538  15.034  0.468 0.0000000000
85662  46.025  13.351  -1.240 0.0000000000
86480  45.515  14.872  -1.199 0.0000000000
86481  44.123  14.901  -1.170 0.0000000000
87324  43.190  15.372  -0.773 0.0000000000
85674  42.756  13.624  -1.578 0.0000000000
83086  41.976  11.015  -0.769 0.0000000000
82178  41.509  9.655  0.062 0.0000000000
79660  42.444  6.949  1.591 0.0000000000
82985  38.119  10.750  14.303 0.0000000000
83896  39.513  11.831  13.585 0.0000000000
82990  38.240  10.492  13.092 0.0000000000
82091  38.646  9.564  12.271 0.0000000000
80368  39.565  7.742  11.914 0.0000000000
88030  47.574  16.336  10.745 0.0000000000
87187  47.223  15.618  9.418 0.0000000000
87215  47.984  15.665  7.452 0.0000000000
84821  44.310  12.094  5.909 0.0000000000
84820  45.509  12.776  5.384 0.0000000000
84830  44.325  12.361  4.511 0.0000000000
84840  44.769  12.563  3.326 0.0000000000
84848  45.526  12.564  1.522 0.0000000000
83064  46.508  11.018  1.598 0.0000000000
83992  46.206  11.848  1.115 0.0000000000
84863  46.594  12.535  0.133 0.0000000000
84870  46.906  12.176  -1.052 0.0000000000
83091  46.628  11.319  -1.384 0.0000000000
82184  45.817  9.982  -0.486 0.0000000000
81276  45.495  8.993  0.550 0.0000000000
87145  47.140  15.174  14.032 0.0000000000
86327  46.950  14.636  12.406 0.0000000000
86319  44.620  14.665  13.731 0.0000000000
86328  45.699  14.747  12.837 0.0000000000
86341  47.382  14.097  11.391 0.0000000000
85562  47.055  12.998  10.713 0.0000000000
84786  46.631  11.859  9.450 0.0000000000
83932  45.537  11.265  8.418 0.0000000000
83900  40.517  11.843  12.541 0.0000000000
83907  41.780  11.317  11.996 0.0000000000
83906  42.838  11.255  11.483 0.0000000000
82101  42.038  9.268  10.716 0.0000000000
83000  42.826  10.367  10.899 0.0000000000
83914  44.033  11.008  10.718 0.0000000000
83007  44.298  10.661  9.925 0.0000000000
83933  44.954  10.869  8.797 0.0000000000
83950  44.879  11.506  7.074 0.0000000000
83959  43.732  11.212  6.014 0.0000000000
82141  43.737  9.497  4.826 0.0000000000
81244  44.701  9.098  3.903 0.0000000000
80416  44.681  7.367  5.548 0.0000000000
80429  45.308  7.704  4.868 0.0000000000
82982  38.233  10.569  15.199 0.0000000000
82079  36.873  9.993  15.030 0.0000000000
81162  34.643  8.152  15.145 0.0000000000
90489  43.647  19.428  8.431 0.0000000000
91277  42.990  20.107  7.517 0.0000000000
88880  40.936  17.343  7.631 0.0000000000
88073  40.271  15.870  6.817 0.0000000000
87235  40.250  15.673  6.212 0.0000000000
87233  41.579  15.277  6.265 0.0000000000
87248  40.218  15.477  5.324 0.0000000000
87262  39.673  15.021  4.748 0.0000000000
87162  51.089  15.511  11.413 0.0000000000
86357  50.265  14.081  10.822 0.0000000000
86355  51.393  15.157  10.126 0.0000000000
87172  51.107  15.579  10.442 0.0000000000
87184  50.541  15.756  9.473 0.0000000000
87214  49.197  15.809  7.404 0.0000000000
87229  48.366  16.185  6.229 0.0000000000
85617  46.876  13.657  5.476 0.0000000000
86416  47.651  14.293  4.923 0.0000000000
86426  49.353  15.166  4.506 0.0000000000
87296  47.190  15.581  1.277 0.0000000000
87280  49.099  16.034  1.680 0.0000000000
87253  50.360  16.232  3.522 0.0000000000
88086  49.853  17.203  4.248 0.0000000000
88081  48.431  16.896  4.668 0.0000000000
87244  47.084  15.858  5.386 0.0000000000
87258  46.018  15.554  4.485 0.0000000000
87285  43.660  15.313  2.390 0.0000000000
87286  42.561  15.207  2.060 0.0000000000
87325  42.085  15.207  -0.753 0.0000000000
87313  41.240  15.286  0.059 0.0000000000
87302  40.739  15.238  1.409 0.0000000000
85641  39.802  13.803  2.174 0.0000000000
79636  40.860  7.056  3.205 0.0000000000
88874  39.843  17.268  8.261 0.0000000000
83891  40.092  12.037  14.892 0.0000000000
84751  40.532  12.348  14.771 0.0000000000
84752  40.003  12.163  14.480 0.0000000000
87216  46.847  15.356  7.643 0.0000000000
87217  45.808  15.272  7.892 0.0000000000
84803  46.522  12.235  7.607 0.0000000000
83083  44.705  11.049  -0.609 0.0000000000
83084  43.570  10.919  -0.810 0.0000000000
83074  44.075  10.392  -0.347 0.0000000000
81278  43.499  8.753  0.133 0.0000000000
82175  44.192  9.718  0.036 0.0000000000
88004  49.749  17.013  12.317 0.0000000000
88017  49.241  16.670  11.608 0.0000000000
88028  49.912  16.164  10.980 0.0000000000
82148  44.774  9.576  3.428 0.0000000000
83045  44.910  10.062  2.995 0.0000000000
82147  45.324  9.629  2.899 0.0000000000
83989  48.671  10.839  0.254 0.0000000000
83071  48.862  10.479  0.005 0.0000000000
83079  48.344  10.733  -0.553 0.0000000000
86422  39.095  14.499  5.180 0.0000000000
85549  43.970  12.915  11.659 0.0000000000
84764  44.515  12.094  11.234 0.0000000000
83904  44.350  11.484  10.874 0.0000000000
82096  40.797  9.530  11.510 0.0000000000
81207  42.621  8.062  8.121 0.0000000000
82115  43.344  9.408  8.334 0.0000000000
88053  42.882  16.508  8.411 0.0000000000
88872  43.181  17.428  8.762 0.0000000000
89684  42.581  17.627  7.866 0.0000000000
88060  41.502  16.488  7.360 0.0000000000
86445  41.697  15.064  3.407 0.0000000000
87274  41.040  15.383  3.371 0.0000000000
87289  39.684  15.126  2.940 0.0000000000
87288  40.477  15.298  2.585 0.0000000000
86326  48.094  14.780  12.199 0.0000000000
86400  50.905  14.578  6.659 0.0000000000
86389  51.009  14.293  7.491 0.0000000000
86412  51.287  14.965  6.242 0.0000000000
87225  51.355  15.426  6.415 0.0000000000
87240  51.189  15.451  5.683 0.0000000000
88128  45.603  16.464  -1.000 0.0000000000
88126  47.220  16.588  -0.371 0.0000000000
88121  47.110  17.017  0.077 0.0000000000
88112  47.123  17.000  1.045 0.0000000000
88113  46.136  16.724  0.629 0.0000000000
87298  45.252  16.348  1.000 0.0000000000
87310  44.590  16.289  0.026 0.0000000000
83066  41.409  10.521  0.672 0.0000000000
84864  41.322  12.541  0.632 0.0000000000
83047  41.194  10.917  2.530 0.0000000000
85525  43.509  13.378  15.791 0.0000000000
85526  42.226  13.008  15.388 0.0000000000
85534  41.622  13.409  13.752 0.0000000000
85539  41.770  13.446  12.937 0.0000000000
85538  42.554  13.511  12.513 0.0000000000
84758  41.875  13.073  12.528 0.0000000000
87175  46.012  16.267  10.147 0.0000000000
87176  45.539  16.452  10.122 0.0000000000
87218  44.929  15.423  8.113 0.0000000000
86379  44.416  15.348  8.278 0.0000000000
86380  43.879  15.189  8.285 0.0000000000
86392  43.581  14.774  7.528 0.0000000000
86403  44.252  14.777  6.865 0.0000000000
87259  44.884  15.197  5.065 0.0000000000
86431  42.680  14.603  4.250 0.0000000000
86442  43.864  14.976  3.644 0.0000000000
84773  47.294  12.859  10.219 0.0000000000
85573  48.054  13.187  9.886 0.0000000000
85597  48.539  13.093  7.613 0.0000000000
85606  49.200  13.728  6.797 0.0000000000
85615  48.655  13.899  6.083 0.0000000000
85672  46.450  12.608  -1.204 0.0000000000
86472  46.154  14.337  -0.394 0.0000000000
85663  44.700  13.773  -1.100 0.0000000000
86490  45.517  15.800  -1.454 0.0000000000
85664  43.551  13.791  -1.303 0.0000000000
82186  42.448  10.237  -0.899 0.0000000000
83085  42.733  11.025  -1.195 0.0000000000
82187  41.913  10.160  -0.478 0.0000000000
83075  41.655  10.549  -0.112 0.0000000000
81280  41.824  8.898  -0.095 0.0000000000
80468  42.897  7.497  1.042 0.0000000000
83897  38.750  11.306  13.947 0.0000000000
81175  38.102  8.617  12.247 0.0000000000
81174  39.121  8.583  12.088 0.0000000000
88042  49.118  16.000  9.846 0.0000000000
87173  47.757  15.848  10.125 0.0000000000
87186  48.396  15.777  9.459 0.0000000000
87200  47.628  15.566  8.495 0.0000000000
87199  48.779  15.668  8.414 0.0000000000
84822  43.752  11.634  5.564 0.0000000000
84831  43.737  11.862  5.081 0.0000000000
83983  44.841  11.681  2.696 0.0000000000
84849  45.090  12.483  2.407 0.0000000000
83053  46.657  10.271  2.072 0.0000000000
83063  47.752  10.607  1.488 0.0000000000
83991  47.281  11.474  0.856 0.0000000000
83999  46.904  12.041  0.353 0.0000000000
84000  46.464  12.273  0.583 0.0000000000
84862  46.948  12.231  -0.405 0.0000000000
84861  47.345  11.953  -0.760 0.0000000000
82182  47.494  10.319  -0.696 0.0000000000
83090  47.274  11.253  -1.231 0.0000000000
83081  46.971  10.730  -1.128 0.0000000000
83082  45.816  10.705  -0.950 0.0000000000
82183  46.574  10.100  -0.679 0.0000000000
82173  46.134  9.504  -0.102 0.0000000000
87138  46.583  14.938  14.682 0.0000000000
87137  47.620  15.075  15.247 0.0000000000
87153  46.714  15.032  13.217 0.0000000000
86315  43.914  14.236  14.672 0.0000000000
86314  44.917  14.453  14.759 0.0000000000
86343  45.292  13.878  11.913 0.0000000000
86342  46.279  13.970  11.817 0.0000000000
85546  46.616  13.188  11.163 0.0000000000
84762  46.124  12.682  11.130 0.0000000000
83912  45.474  11.543  10.010 0.0000000000
83911  46.072  11.644  9.631 0.0000000000
83923  46.185  11.511  8.926 0.0000000000
83902  38.996  11.245  12.993 0.0000000000
83895  40.054  12.018  13.069 0.0000000000
83901  39.712  11.483  12.548 0.0000000000
82994  41.259  10.412  11.628 0.0000000000
83908  40.888  11.188  12.048 0.0000000000
81193  41.667  8.072  10.111 0.0000000000
82100  42.620  9.543  10.277 0.0000000000
82999  43.605  10.350  10.345 0.0000000000
82998  44.168  10.806  10.363 0.0000000000
83008  43.863  10.110  9.548 0.0000000000
83022  43.821  10.228  7.947 0.0000000000
83021  44.363  10.519  8.515 0.0000000000
83942  44.656  10.936  7.843 0.0000000000
83951  44.056  10.949  6.933 0.0000000000
82134  43.569  9.477  5.633 0.0000000000
81232  44.461  8.487  4.661 0.0000000000
79610  44.823  6.714  5.943 0.0000000000
80428  46.016  7.475  4.664 0.0000000000
82980  37.587  10.242  15.572 0.0000000000
82080  36.283  9.442  15.331 0.0000000000
81166  35.787  8.973  14.647 0.0000000000
81160  35.794  9.098  15.229 0.0000000000
89683  43.112  18.126  8.083 0.0000000000
91276  43.787  20.226  7.864 0.0000000000
90490  43.122  19.339  7.766 0.0000000000
90499  42.278  18.408  7.714 0.0000000000
89694  40.887  17.978  7.965 0.0000000000
88072  40.632  16.042  6.810 0.0000000000
86405  42.135  14.785  6.214 0.0000000000
86406  41.560  15.177  5.704 0.0000000000
87261  40.223  15.299  4.423 0.0000000000
87247  40.695  15.527  4.991 0.0000000000
86434  39.247  14.542  4.219 0.0000000000
87135  49.823  16.045  14.697 0.0000000000
86324  50.226  14.961  12.307 0.0000000000
87142  50.153  15.825  13.656 0.0000000000
86323  50.617  15.286  12.303 0.0000000000
87148  50.722  15.703  12.319 0.0000000000
85559  50.022  13.733  10.245 0.0000000000
86377  51.379  14.807  8.699 0.0000000000
86368  51.390  14.936  9.587 0.0000000000
87171  51.184  15.373  9.745 0.0000000000
87197  50.684  15.578  8.303 0.0000000000
87227  50.677  16.092  6.718 0.0000000000
87213  50.229  15.887  7.472 0.0000000000
87228  49.759  16.240  6.597 0.0000000000
85618  46.159  13.357  5.146 0.0000000000
84819  46.274  13.196  5.625 0.0000000000
86428  47.235  14.563  4.102 0.0000000000
86427  48.341  14.975  4.026 0.0000000000
86415  48.736  14.485  5.253 0.0000000000
87255  49.138  15.352  3.852 0.0000000000
87309  47.345  15.871  0.070 0.0000000000
88109  49.757  17.071  0.880 0.0000000000
87279  49.670  16.718  1.323 0.0000000000
87267  49.876  16.326  2.583 0.0000000000
87266  50.263  16.564  2.988 0.0000000000
88085  50.493  16.668  4.068 0.0000000000
88889  50.369  17.045  3.227 0.0000000000
88095  47.907  17.193  3.088 0.0000000000
88094  48.512  17.329  3.479 0.0000000000
88089  47.403  16.690  3.492 0.0000000000
87256  47.850  16.659  4.492 0.0000000000
87257  47.164  16.293  4.179 0.0000000000
87271  46.098  16.166  3.114 0.0000000000
87299  44.228  15.721  1.065 0.0000000000
86482  42.716  14.542  -1.343 0.0000000000
86483  41.830  14.637  -1.036 0.0000000000
86473  40.832  14.566  0.258 0.0000000000
87314  40.512  15.002  0.655 0.0000000000
86474  40.486  14.507  0.797 0.0000000000
85649  40.005  14.265  1.640 0.0000000000
83977  41.041  11.178  2.870 0.0000000000
83985  40.651  12.187  2.657 0.0000000000
80452  41.251  7.866  1.938 0.0000000000
79646  41.101  7.074  2.757 0.0000000000
88055  39.290  16.584  8.855 0.0000000000
85527  41.683  12.764  15.212 0.0000000000
84750  41.239  12.610  14.998 0.0000000000
84754  40.994  12.871  14.165 0.0000000000
84760  40.478  12.248  13.055 0.0000000000
87232  45.046  15.205  7.272 0.0000000000
87246  45.034  15.067  6.263 0.0000000000
84802  47.485  12.865  7.195 0.0000000000
84810  47.368  13.167  6.638 0.0000000000
84019  46.224  11.834  -1.579 0.0000000000
84881  45.914  12.457  -1.529 0.0000000000
82185  43.012  10.388  -1.079 0.0000000000
81279  42.531  8.775  -0.208 0.0000000000
80479  43.365  8.060  0.684 0.0000000000
82083  37.015  9.808  14.188 0.0000000000
82991  37.611  9.994  13.191 0.0000000000
81170  36.677  9.008  13.316 0.0000000000
88018  48.180  16.741  11.412 0.0000000000
83039  43.798  10.399  4.480 0.0000000000
83967  43.855  11.357  4.284 0.0000000000
83055  44.661  11.094  2.953 0.0000000000
84006  48.118  11.297  -0.690 0.0000000000
82181  48.022  10.519  -0.655 0.0000000000
86313  45.836  14.626  15.022 0.0000000000
86330  43.290  14.020  12.856 0.0000000000
86329  44.396  14.095  12.580 0.0000000000
85536  44.307  13.504  11.919 0.0000000000
84763  45.528  12.457  11.154 0.0000000000
82988  39.860  10.019  11.911 0.0000000000
82089  40.194  9.698  11.803 0.0000000000
82095  41.605  9.566  11.143 0.0000000000
80384  42.159  7.633  8.994 0.0000000000
82116  43.031  9.113  8.802 0.0000000000
82108  43.388  9.598  9.118 0.0000000000
83027  43.654  10.176  7.098 0.0000000000
81223  43.721  8.488  5.749 0.0000000000
79609  45.408  6.666  5.682 0.0000000000
79608  46.427  6.481  5.392 0.0000000000
88865  43.689  17.545  9.538 0.0000000000
89691  42.882  18.346  7.717 0.0000000000
88879  41.568  17.285  7.657 0.0000000000
86433  41.467  15.213  4.161 0.0000000000
86458  39.519  14.515  2.525 0.0000000000
87144  48.175  15.319  14.072 0.0000000000
87143  49.224  15.645  13.893 0.0000000000
85583  50.165  13.432  8.379 0.0000000000
85570  50.730  13.757  8.886 0.0000000000
85594  50.913  13.928  7.936 0.0000000000
86388  51.396  14.772  7.791 0.0000000000
87196  51.258  15.302  8.079 0.0000000000
87211  51.356  15.330  7.217 0.0000000000
88067  51.096  16.097  6.137 0.0000000000
88068  50.419  16.353  5.904 0.0000000000
85630  45.475  13.432  3.527 0.0000000000
85629  46.136  13.854  3.910 0.0000000000
86441  46.619  14.412  3.422 0.0000000000
86440  47.494  15.029  3.067 0.0000000000
87321  46.643  16.081  -0.712 0.0000000000
87320  47.595  16.476  -0.273 0.0000000000
88915  48.955  17.288  0.377 0.0000000000
88908  48.968  17.736  0.956 0.0000000000
88903  49.128  17.745  1.958 0.0000000000
88909  48.122  17.712  1.399 0.0000000000
88111  47.498  17.320  1.521 0.0000000000
88097  46.471  16.560  2.242 0.0000000000
87283  45.804  16.410  1.897 0.0000000000
84875  41.665  12.633  -0.235 0.0000000000
85666  41.760  13.491  -0.736 0.0000000000
85647  41.013  13.185  0.947 0.0000000000
84858  40.506  13.044  1.913 0.0000000000
84857  40.947  12.631  1.512 0.0000000000
83984  41.091  11.677  2.336 0.0000000000
87206  39.433  15.597  8.394 0.0000000000
86394  39.380  14.886  7.335 0.0000000000
85529  43.297  13.840  14.802 0.0000000000
86316  43.242  14.096  14.239 0.0000000000
86321  42.921  14.076  13.576 0.0000000000
85550  43.146  12.931  11.948 0.0000000000
81185  40.863  8.094  10.952 0.0000000000
80377  40.909  7.626  10.704 0.0000000000
80376  41.317  7.616  10.203 0.0000000000
80385  41.679  7.623  9.635 0.0000000000
80392  42.407  7.602  8.283 0.0000000000
80400  42.643  7.591  7.698 0.0000000000
80399  43.018  7.635  7.044 0.0000000000
88033  45.119  17.116  10.416 0.0000000000
88044  44.614  16.790  9.937 0.0000000000
87190  44.630  16.362  9.423 0.0000000000
88051  44.234  16.491  9.399 0.0000000000
87204  43.386  15.795  8.484 0.0000000000
87205  42.576  15.659  7.949 0.0000000000
86444  42.300  14.791  3.460 0.0000000000
86456  41.957  14.952  3.014 0.0000000000
86358  48.026  13.920  10.937 0.0000000000
85572  49.042  13.429  9.583 0.0000000000
84793  48.389  12.898  8.540 0.0000000000
85584  49.062  13.206  8.543 0.0000000000
86401  50.101  14.410  6.447 0.0000000000
86464  45.984  14.130  0.727 0.0000000000
86479  46.015  15.689  -1.189 0.0000000000
87332  45.631  16.197  -1.342 0.0000000000
88129  45.015  16.517  -1.271 0.0000000000
87323  44.301  16.104  -1.047 0.0000000000
86492  42.435  13.948  -1.380 0.0000000000
84873  43.176  12.924  -1.592 0.0000000000
84021  42.470  12.491  -1.530 0.0000000000
84874  41.954  12.628  -0.961 0.0000000000
84013  41.811  11.929  -0.735 0.0000000000
82167  41.110  9.521  1.024 0.0000000000
80469  41.838  7.684  1.170 0.0000000000
80481  41.986  8.314  0.262 0.0000000000
79661  41.923  7.003  1.778 0.0000000000
83893  38.827  10.972  14.918 0.0000000000
84756  39.760  12.101  14.149 0.0000000000
82090  39.646  9.425  12.005 0.0000000000
81181  39.934  8.510  11.807 0.0000000000
88031  46.648  16.780  10.702 0.0000000000
87174  46.862  15.944  10.201 0.0000000000
84812  45.460  12.091  6.829 0.0000000000
84829  45.070  13.007  4.155 0.0000000000
84839  45.041  13.064  3.537 0.0000000000
85631  45.111  13.102  3.108 0.0000000000
85638  45.529  13.389  2.342 0.0000000000
85646  45.813  13.306  1.106 0.0000000000
82158  46.027  9.675  2.501 0.0000000000
83065  45.818  11.281  1.712 0.0000000000
84856  46.135  12.633  0.724 0.0000000000
85653  46.613  12.672  -0.320 0.0000000000
85661  46.566  12.711  -0.762 0.0000000000
84007  47.593  11.624  -1.024 0.0000000000
84017  47.109  11.581  -1.232 0.0000000000
83092  46.007  11.348  -1.462 0.0000000000
83072  45.446  10.189  -0.400 0.0000000000
82174  45.245  9.770  0.121 0.0000000000
87152  47.618  15.035  13.152 0.0000000000
86308  45.234  14.160  15.596 0.0000000000
86318  45.486  14.975  14.109 0.0000000000
85545  47.218  13.503  10.942 0.0000000000
84774  46.391  12.255  10.431 0.0000000000
83931  46.145  11.667  8.142 0.0000000000
83940  46.016  11.859  7.726 0.0000000000
83909  40.243  11.237  12.110 0.0000000000
83899  41.185  11.828  12.335 0.0000000000
84767  41.588  12.067  12.300 0.0000000000
82094  42.237  9.845  10.865 0.0000000000
81183  42.093  8.952  10.407 0.0000000000
83915  43.451  10.853  10.965 0.0000000000
83905  43.781  11.468  11.147 0.0000000000
83913  44.638  11.273  10.374 0.0000000000
83925  44.868  11.074  9.577 0.0000000000
83014  44.412  10.521  9.201 0.0000000000
83941  45.511  11.592  7.584 0.0000000000
83949  45.288  11.729  7.181 0.0000000000
84813  44.751  11.799  6.587 0.0000000000
83958  44.316  11.546  6.534 0.0000000000
83033  43.588  10.280  6.268 0.0000000000
83040  43.569  10.344  5.381 0.0000000000
82140  44.262  9.575  4.092 0.0000000000
80408  43.632  7.597  6.326 0.0000000000
80417  44.018  7.721  5.765 0.0000000000
81222  44.195  8.003  5.421 0.0000000000
81243  45.418  8.843  3.517 0.0000000000
82983  37.534  10.332  14.711 0.0000000000
82084  36.371  9.421  14.409 0.0000000000
81161  35.355  8.776  15.119 0.0000000000
81167  35.345  8.061  14.417 0.0000000000
91278  42.125  20.055  8.089 0.0000000000
90498  42.699  18.622  7.694 0.0000000000
90491  42.222  19.038  7.845 0.0000000000
88881  40.410  17.442  7.842 0.0000000000
87249  39.679  15.202  5.710 0.0000000000
87219  41.791  15.610  7.020 0.0000000000
87234  41.013  15.654  6.083 0.0000000000
86421  41.266  15.384  5.007 0.0000000000
86447  38.979  14.226  3.925 0.0000000000
87141  50.611  16.120  13.283 0.0000000000
88015  50.715  16.012  11.920 0.0000000000
85544  49.368  13.969  11.134 0.0000000000
86339  50.020  14.296  11.481 0.0000000000
85558  50.628  13.957  9.664 0.0000000000
86356  50.975  14.582  10.549 0.0000000000
88027  50.753  16.058  11.181 0.0000000000
88040  50.528  16.041  10.437 0.0000000000
87198  49.860  15.761  8.392 0.0000000000
85608  47.357  13.392  6.197 0.0000000000
86417  46.910  14.155  4.727 0.0000000000
85616  47.925  13.728  5.703 0.0000000000
86414  49.912  14.857  5.307 0.0000000000
87242  49.993  15.314  4.572 0.0000000000
87282  47.147  15.315  1.992 0.0000000000
87281  47.929  15.557  2.154 0.0000000000
87295  48.273  16.031  0.909 0.0000000000
87268  48.899  15.462  2.998 0.0000000000
87254  49.856  15.570  3.779 0.0000000000
87241  50.609  15.601  4.693 0.0000000000
88079  50.174  16.737  5.026 0.0000000000
88897  49.177  17.527  3.113 0.0000000000
88087  48.983  17.313  4.059 0.0000000000
88080  49.292  17.031  4.897 0.0000000000
88070  48.677  16.686  5.345 0.0000000000
87243  47.864  16.522  5.102 0.0000000000
87272  44.599  15.424  3.593 0.0000000000
87273  43.837  15.095  3.237 0.0000000000
86454  42.957  14.957  2.603 0.0000000000
87312  42.468  15.485  0.071 0.0000000000
87326  41.494  14.998  -0.690 0.0000000000
87301  41.890  15.335  1.145 0.0000000000
86466  39.802  14.538  1.893 0.0000000000
85640  40.242  13.401  1.991 0.0000000000
84851  40.190  12.802  2.551 0.0000000000
81277  44.495  9.039  0.515 0.0000000000
79587  42.501  7.081  7.885 0.0000000000
82086  37.122  9.542  13.341 0.0000000000
82996  39.843  10.990  12.006 0.0000000000
84008  47.147  11.817  -1.159 0.0000000000
84012  42.269  11.961  -1.428 0.0000000000
84018  46.789  11.853  -1.383 0.0000000000
84020  42.725  12.415  -1.689 0.0000000000
84869  47.307  11.907  -1.005 0.0000000000
84880  46.467  12.287  -1.449 0.0000000000
84882  42.571  12.931  -1.610 0.0000000000
84883  42.265  12.741  -1.335 0.0000000000
85543  49.754  13.880  10.895 0.0000000000
85582  50.742  13.743  8.250 0.0000000000
85585  48.439  12.931  8.250 0.0000000000
85595  50.480  13.750  7.691 0.0000000000
85605  50.006  13.857  7.144 0.0000000000
85624  46.405  13.760  4.672 0.0000000000
85639  45.056  12.905  2.791 0.0000000000
85656  40.714  14.180  0.639 0.0000000000
85665  42.064  13.074  -1.081 0.0000000000
85675  42.227  13.465  -1.274 0.0000000000
86331  42.692  14.025  13.005 0.0000000000
86359  47.553  13.760  10.946 0.0000000000
86378  51.143  14.180  8.342 0.0000000000
86451  47.214  15.191  2.359 0.0000000000
86455  42.403  14.931  2.798 0.0000000000
86465  40.144  14.718  1.308 0.0000000000
86484  41.362  14.432  -0.467 0.0000000000
86489  45.799  15.948  -1.369 0.0000000000
86491  44.899  15.625  -1.420 0.0000000000
86493  42.123  14.110  -1.207 0.0000000000
86494  41.750  14.121  -0.957 0.0000000000
87139  46.013  15.003  14.420 0.0000000000
87149  50.397  15.543  12.779 0.0000000000
87226  51.221  15.796  6.701 0.0000000000
87269  48.133  15.356  2.899 0.0000000000
87293  49.622  16.913  0.721 0.0000000000
87294  49.207  16.649  0.628 0.0000000000
87297  45.872  16.585  1.252 0.0000000000
87308  48.465  16.589  0.149 0.0000000000
87331  46.050  16.019  -1.184 0.0000000000
87333  45.088  16.230  -1.495 0.0000000000
88032  45.738  16.882  10.488 0.0000000000
88043  45.226  16.635  10.154 0.0000000000
88066  51.301  15.796  6.287 0.0000000000
88077  51.295  15.805  5.938 0.0000000000
88088  48.030  16.901  3.938 0.0000000000
88092  50.399  16.739  3.209 0.0000000000
88093  50.255  16.832  2.656 0.0000000000
88096  47.070  16.715  2.779 0.0000000000
88102  47.642  17.314  2.201 0.0000000000
88103  47.046  16.899  1.876 0.0000000000
88110  49.539  16.861  0.475 0.0000000000
88114  45.360  16.622  0.085 0.0000000000
88118  49.527  17.054  0.522 0.0000000000
88119  49.146  17.004  0.263 0.0000000000
88120  48.215  17.049  -0.241 0.0000000000
88122  45.920  16.617  -0.293 0.0000000000
88127  46.390  16.399  -0.528 0.0000000000
88132  45.283  16.400  -1.347 0.0000000000
88133  45.082  16.450  -1.443 0.0000000000
88864  44.173  17.364  9.927 0.0000000000
88890  50.007  17.285  3.493 0.0000000000
88891  49.553  17.383  3.737 0.0000000000
88895  50.384  17.014  2.885 0.0000000000
88896  49.968  17.287  2.547 0.0000000000
88898  48.502  17.458  3.057 0.0000000000
88902  49.614  17.377  1.399 0.0000000000
88907  49.417  17.281  0.669 0.0000000000
88910  47.608  17.421  1.147 0.0000000000
88914  49.312  17.134  0.427 0.0000000000
88917  47.655  17.402  0.772 0.0000000000
