#!ascii label  , from subject demencia vox2ras=TkReg
998
43756  30.293  -31.213  20.785 0.0000000000
62979  41.072  -11.435  13.405 0.0000000000
49540  36.970  -25.910  14.423 0.0000000000
36511  13.571  -39.135  32.391 0.0000000000
44653  24.836  -29.668  27.209 0.0000000000
56327  36.359  -18.972  15.482 0.0000000000
37557  19.399  -36.490  28.078 0.0000000000
34476  17.447  -40.912  29.549 0.0000000000
38594  21.902  -36.763  25.340 0.0000000000
60872  45.411  -13.616  13.627 0.0000000000
47407  29.879  -27.810  23.530 0.0000000000
49415  32.832  -26.862  20.592 0.0000000000
44741  35.500  -30.274  22.142 0.0000000000
65853  44.571  -8.477  13.179 0.0000000000
64044  47.404  -10.406  10.467 0.0000000000
62948  37.632  -10.896  16.798 0.0000000000
58065  42.520  -15.631  14.897 0.0000000000
58082  38.940  -17.118  14.622 0.0000000000
51409  42.159  -23.853  14.574 0.0000000000
39617  28.674  -35.526  24.483 0.0000000000
31214  12.624  -43.685  33.233 0.0000000000
31170  9.351  -43.696  36.431 0.0000000000
30003  8.368  -43.494  40.570 0.0000000000
43695  27.171  -29.833  23.896 0.0000000000
40533  25.169  -34.835  25.217 0.0000000000
51378  32.598  -23.549  18.596 0.0000000000
48440  36.988  -28.151  20.308 0.0000000000
66812  50.071  -6.916  10.362 0.0000000000
61945  43.370  -12.524  13.031 0.0000000000
60846  42.794  -13.726  14.851 0.0000000000
45613  30.670  -29.367  22.234 0.0000000000
46506  32.619  -28.971  20.062 0.0000000000
44760  32.548  -31.254  20.674 0.0000000000
64921  41.292  -8.991  14.863 0.0000000000
66774  43.740  -6.861  15.380 0.0000000000
64936  42.797  -9.770  13.251 0.0000000000
64017  43.565  -10.334  12.319 0.0000000000
26754  7.428  -47.734  39.042 0.0000000000
60833  36.674  -13.744  15.703 0.0000000000
58904  35.737  -15.451  16.852 0.0000000000
52413  36.839  -22.385  14.563 0.0000000000
54479  38.740  -21.134  14.300 0.0000000000
50442  39.613  -25.127  14.510 0.0000000000
48521  40.447  -27.318  16.581 0.0000000000
35553  15.190  -39.800  31.045 0.0000000000
33333  17.318  -41.992  31.873 0.0000000000
33336  14.875  -42.075  31.795 0.0000000000
32228  14.981  -43.592  33.737 0.0000000000
33312  12.846  -41.697  32.438 0.0000000000
33282  10.664  -41.383  36.581 0.0000000000
31120  8.948  -43.123  39.005 0.0000000000
44689  26.312  -29.508  25.240 0.0000000000
42580  25.252  -32.469  23.642 0.0000000000
43675  23.856  -31.760  24.824 0.0000000000
35595  21.868  -39.882  26.902 0.0000000000
36562  24.543  -39.049  26.833 0.0000000000
49392  36.214  -28.154  21.565 0.0000000000
49433  36.161  -27.934  20.903 0.0000000000
58049  35.399  -16.559  18.408 0.0000000000
54434  35.665  -19.924  17.675 0.0000000000
52401  35.230  -22.960  15.905 0.0000000000
35580  20.529  -40.100  27.394 0.0000000000
34474  19.616  -41.304  29.367 0.0000000000
35571  18.023  -39.604  28.431 0.0000000000
37544  16.532  -37.142  30.349 0.0000000000
37506  15.263  -37.209  32.027 0.0000000000
42543  22.699  -32.261  26.585 0.0000000000
41477  21.337  -33.408  27.802 0.0000000000
38584  20.330  -36.358  26.588 0.0000000000
49373  29.837  -25.275  24.771 0.0000000000
51332  30.393  -23.819  21.848 0.0000000000
48402  30.048  -26.877  21.151 0.0000000000
47419  34.354  -28.212  20.386 0.0000000000
66808  48.086  -7.627  11.713 0.0000000000
64942  45.167  -9.273  11.899 0.0000000000
62997  45.950  -11.726  12.025 0.0000000000
64002  39.388  -10.616  15.316 0.0000000000
60848  40.566  -13.638  14.514 0.0000000000
60850  38.538  -13.492  15.106 0.0000000000
58080  40.556  -16.835  14.726 0.0000000000
55390  42.596  -19.702  14.418 0.0000000000
57208  37.619  -17.938  15.103 0.0000000000
54461  41.039  -20.485  14.542 0.0000000000
41570  29.218  -33.886  22.498 0.0000000000
42600  31.795  -33.019  22.821 0.0000000000
64911  39.870  -8.744  17.256 0.0000000000
35517  12.589  -39.271  34.530 0.0000000000
33301  11.549  -40.736  34.789 0.0000000000
32230  10.573  -43.261  34.612 0.0000000000
29034  10.443  -45.832  35.404 0.0000000000
28998  8.893  -45.829  36.892 0.0000000000
28981  7.885  -45.645  37.911 0.0000000000
28953  7.283  -45.274  39.589 0.0000000000
28940  7.090  -44.569  40.662 0.0000000000
43736  27.739  -30.849  21.891 0.0000000000
41572  26.688  -33.375  22.750 0.0000000000
40531  26.716  -35.214  25.044 0.0000000000
39595  23.925  -35.441  24.888 0.0000000000
49527  34.239  -25.216  16.495 0.0000000000
50376  32.309  -25.007  20.092 0.0000000000
48463  34.027  -26.835  18.630 0.0000000000
47490  37.435  -28.002  17.121 0.0000000000
43690  35.074  -32.176  24.364 0.0000000000
66824  50.256  -7.471  8.009 0.0000000000
65886  48.022  -8.631  9.425 0.0000000000
64085  49.457  -9.793  7.991 0.0000000000
61947  41.729  -11.982  13.115 0.0000000000
60863  42.812  -13.428  14.310 0.0000000000
61929  41.738  -12.936  13.724 0.0000000000
44762  30.282  -30.253  21.350 0.0000000000
44775  31.374  -30.637  20.300 0.0000000000
43755  31.215  -31.722  20.856 0.0000000000
64929  40.997  -9.609  14.268 0.0000000000
64920  42.060  -8.784  14.627 0.0000000000
64008  41.959  -9.909  13.760 0.0000000000
64019  42.264  -10.460  13.250 0.0000000000
26739  6.906  -47.103  39.459 0.0000000000
60794  35.843  -13.536  18.456 0.0000000000
59795  36.082  -14.622  19.189 0.0000000000
50453  37.309  -24.098  14.378 0.0000000000
51420  38.016  -23.525  14.328 0.0000000000
50443  38.843  -25.394  14.218 0.0000000000
49537  40.044  -26.028  15.047 0.0000000000
48535  38.327  -27.012  15.203 0.0000000000
35554  14.454  -39.790  31.562 0.0000000000
34466  14.908  -40.591  31.383 0.0000000000
34455  14.302  -40.910  31.740 0.0000000000
33337  14.005  -42.010  32.153 0.0000000000
34456  13.361  -40.729  32.210 0.0000000000
44670  25.566  -29.443  26.293 0.0000000000
44691  24.383  -30.338  25.025 0.0000000000
44672  23.878  -30.575  25.878 0.0000000000
34507  22.006  -40.739  27.832 0.0000000000
52319  31.238  -22.321  22.835 0.0000000000
49391  37.019  -27.869  22.338 0.0000000000
53414  35.707  -21.169  16.051 0.0000000000
52387  35.638  -21.627  17.012 0.0000000000
36553  19.474  -38.499  27.111 0.0000000000
35582  18.619  -39.679  27.681 0.0000000000
37575  18.669  -37.692  27.984 0.0000000000
37543  17.376  -36.742  29.936 0.0000000000
37524  16.414  -36.499  31.240 0.0000000000
36524  15.955  -37.512  30.858 0.0000000000
43621  22.192  -31.907  27.923 0.0000000000
38532  20.165  -36.078  29.042 0.0000000000
39538  20.084  -35.676  27.680 0.0000000000
37556  19.632  -36.458  27.495 0.0000000000
37586  20.100  -37.890  26.564 0.0000000000
48384  29.392  -25.973  22.825 0.0000000000
47421  29.484  -27.001  22.251 0.0000000000
45637  33.977  -29.856  20.299 0.0000000000
46491  33.024  -28.606  20.009 0.0000000000
46484  34.963  -29.217  20.808 0.0000000000
47417  35.792  -28.759  21.772 0.0000000000
45603  36.443  -29.785  22.902 0.0000000000
66785  43.958  -7.394  14.489 0.0000000000
66802  46.132  -7.600  12.784 0.0000000000
65862  44.867  -8.916  12.541 0.0000000000
62987  44.865  -12.149  12.525 0.0000000000
62998  45.085  -11.454  12.009 0.0000000000
61959  45.593  -12.188  12.319 0.0000000000
62960  38.756  -11.013  15.695 0.0000000000
61917  38.404  -12.383  15.136 0.0000000000
61898  37.776  -11.975  15.560 0.0000000000
58917  37.699  -15.452  15.580 0.0000000000
58916  38.814  -15.463  15.145 0.0000000000
58081  39.592  -16.963  14.659 0.0000000000
57204  41.387  -17.623  14.526 0.0000000000
56322  41.329  -18.741  14.504 0.0000000000
57188  35.420  -17.466  17.471 0.0000000000
57196  35.813  -17.309  16.195 0.0000000000
56326  36.967  -18.478  15.241 0.0000000000
52399  40.326  -22.962  14.319 0.0000000000
54462  39.637  -20.723  14.284 0.0000000000
52398  41.449  -22.814  14.374 0.0000000000
53412  41.746  -21.690  14.496 0.0000000000
40576  28.630  -34.481  23.102 0.0000000000
41548  30.562  -34.127  23.318 0.0000000000
64913  38.436  -9.710  18.106 0.0000000000
63988  38.603  -9.814  17.039 0.0000000000
64923  39.681  -9.804  15.717 0.0000000000
34475  18.583  -41.192  29.434 0.0000000000
33354  18.356  -41.851  31.208 0.0000000000
31213  13.521  -43.640  33.075 0.0000000000
31199  14.487  -43.737  33.834 0.0000000000
31182  13.867  -44.338  34.808 0.0000000000
30075  12.466  -44.678  34.183 0.0000000000
36453  12.500  -38.725  35.888 0.0000000000
34438  12.165  -40.083  34.516 0.0000000000
34429  11.650  -40.124  35.533 0.0000000000
32193  9.896  -42.404  36.498 0.0000000000
32209  10.568  -42.100  35.394 0.0000000000
31169  9.787  -43.442  35.762 0.0000000000
30062  10.582  -45.022  34.953 0.0000000000
31184  9.710  -44.358  35.564 0.0000000000
29016  9.546  -45.764  35.988 0.0000000000
30049  9.162  -44.889  36.149 0.0000000000
30018  8.316  -43.666  39.411 0.0000000000
30030  8.380  -44.299  38.206 0.0000000000
30019  7.857  -44.489  38.712 0.0000000000
28964  7.521  -44.944  39.160 0.0000000000
29991  8.045  -43.934  40.791 0.0000000000
43694  27.854  -29.861  23.862 0.0000000000
43693  28.548  -29.931  23.935 0.0000000000
43714  27.034  -30.411  22.574 0.0000000000
42623  27.313  -31.761  21.872 0.0000000000
42601  26.531  -31.898  22.324 0.0000000000
42558  25.281  -33.438  24.196 0.0000000000
41550  26.102  -33.644  23.907 0.0000000000
41506  25.865  -34.780  25.267 0.0000000000
40512  21.927  -34.616  25.503 0.0000000000
40536  22.569  -34.049  25.253 0.0000000000
38618  22.514  -36.114  25.133 0.0000000000
37583  25.384  -37.954  27.143 0.0000000000
59824  41.127  -14.742  15.166 0.0000000000
59823  42.120  -14.645  15.395 0.0000000000
58064  43.153  -15.512  14.925 0.0000000000
52367  33.259  -22.568  18.444 0.0000000000
51390  34.014  -23.812  17.070 0.0000000000
50421  33.381  -24.765  17.477 0.0000000000
50361  31.494  -25.115  20.857 0.0000000000
50377  31.347  -24.131  20.387 0.0000000000
50360  32.812  -26.201  20.451 0.0000000000
49457  36.045  -28.107  20.516 0.0000000000
49458  34.499  -27.394  19.871 0.0000000000
48461  35.599  -27.889  18.808 0.0000000000
47475  35.958  -27.944  17.910 0.0000000000
47457  37.158  -28.230  18.600 0.0000000000
48483  38.603  -27.899  18.325 0.0000000000
42598  33.428  -32.604  23.181 0.0000000000
66818  50.124  -7.169  9.151 0.0000000000
65879  47.143  -8.737  10.530 0.0000000000
65878  47.646  -8.403  10.092 0.0000000000
64054  47.736  -9.939  9.898 0.0000000000
64070  49.204  -10.206  8.450 0.0000000000
64069  50.205  -11.186  8.278 0.0000000000
38533  19.823  -36.158  29.643 0.0000000000
37541  19.051  -36.542  29.422 0.0000000000
61926  44.217  -13.263  13.632 0.0000000000
60860  45.209  -13.702  14.334 0.0000000000
60862  43.617  -13.423  14.250 0.0000000000
46479  30.099  -28.332  23.452 0.0000000000
46485  30.625  -28.503  21.894 0.0000000000
45625  31.240  -29.242  21.173 0.0000000000
44773  33.171  -30.309  20.317 0.0000000000
43752  34.296  -30.990  21.531 0.0000000000
66763  43.400  -6.772  16.219 0.0000000000
65844  42.449  -7.991  15.068 0.0000000000
65850  42.754  -8.494  14.306 0.0000000000
65854  43.818  -8.785  13.389 0.0000000000
64934  44.082  -9.452  12.579 0.0000000000
64935  43.371  -9.609  12.960 0.0000000000
62988  43.836  -11.593  12.498 0.0000000000
26769  8.268  -47.920  38.062 0.0000000000
62934  37.312  -10.680  17.835 0.0000000000
61899  37.107  -12.199  15.857 0.0000000000
61885  36.028  -12.744  16.570 0.0000000000
59812  35.885  -14.536  16.492 0.0000000000
58070  37.219  -16.209  15.438 0.0000000000
54481  36.831  -20.848  14.726 0.0000000000
55393  37.478  -20.005  14.656 0.0000000000
53430  38.176  -21.784  14.328 0.0000000000
52410  39.434  -22.794  14.335 0.0000000000
51410  41.062  -23.962  14.491 0.0000000000
49536  41.148  -26.056  15.329 0.0000000000
48532  41.105  -26.874  15.970 0.0000000000
39592  28.088  -35.871  25.286 0.0000000000
34477  16.618  -40.976  30.244 0.0000000000
33377  17.016  -41.631  30.652 0.0000000000
34465  15.589  -41.109  31.090 0.0000000000
33335  15.732  -42.057  31.663 0.0000000000
32272  15.657  -42.619  32.436 0.0000000000
32251  13.716  -42.901  32.572 0.0000000000
32252  12.595  -42.750  32.799 0.0000000000
34421  11.377  -40.142  36.327 0.0000000000
33274  10.200  -41.666  37.269 0.0000000000
32175  9.730  -42.125  37.747 0.0000000000
31156  9.155  -43.482  37.169 0.0000000000
32146  9.541  -42.511  39.104 0.0000000000
32138  9.408  -42.500  39.806 0.0000000000
31090  8.967  -42.758  41.345 0.0000000000
44712  26.517  -29.824  24.105 0.0000000000
43715  26.206  -30.997  22.936 0.0000000000
44714  24.964  -30.563  24.257 0.0000000000
42581  24.781  -31.980  24.053 0.0000000000
41525  24.974  -34.005  24.717 0.0000000000
37584  21.825  -37.793  25.707 0.0000000000
37597  22.955  -37.751  25.371 0.0000000000
34521  23.648  -39.879  26.977 0.0000000000
57202  43.404  -17.435  14.575 0.0000000000
52349  31.632  -22.179  19.853 0.0000000000
49414  34.109  -27.415  20.436 0.0000000000
50359  33.918  -26.817  20.416 0.0000000000
49412  36.122  -28.055  21.134 0.0000000000
49411  37.055  -27.874  21.847 0.0000000000
66805  49.930  -7.005  11.227 0.0000000000
26740  6.347  -46.934  39.636 0.0000000000
57178  35.689  -17.515  18.859 0.0000000000
56304  35.595  -18.327  18.082 0.0000000000
55369  35.708  -19.539  16.578 0.0000000000
53432  36.210  -21.488  14.961 0.0000000000
52414  36.156  -22.485  14.842 0.0000000000
50444  36.103  -24.145  14.702 0.0000000000
34508  21.076  -40.729  27.991 0.0000000000
34473  20.587  -41.412  29.300 0.0000000000
34492  19.854  -40.987  28.556 0.0000000000
34493  18.733  -40.751  28.421 0.0000000000
35572  17.334  -39.582  29.071 0.0000000000
37560  17.651  -37.401  29.282 0.0000000000
36537  16.947  -38.186  29.578 0.0000000000
35562  16.614  -39.691  29.789 0.0000000000
36539  15.603  -38.975  30.646 0.0000000000
36525  15.203  -38.367  31.149 0.0000000000
37507  14.626  -37.616  32.355 0.0000000000
44655  23.486  -30.919  26.648 0.0000000000
43637  22.836  -31.565  27.222 0.0000000000
42531  22.079  -32.775  27.190 0.0000000000
40495  21.169  -34.748  26.247 0.0000000000
41478  20.980  -33.825  28.598 0.0000000000
39556  20.519  -35.318  26.940 0.0000000000
38583  21.060  -36.933  25.818 0.0000000000
37585  20.727  -37.685  26.069 0.0000000000
35579  21.246  -40.222  27.445 0.0000000000
51301  30.241  -23.763  24.968 0.0000000000
52320  30.541  -22.918  22.724 0.0000000000
50349  29.860  -24.463  22.919 0.0000000000
49438  30.163  -25.428  21.607 0.0000000000
49436  32.096  -26.321  20.871 0.0000000000
47433  31.243  -27.821  20.969 0.0000000000
48420  33.252  -27.666  20.321 0.0000000000
48401  33.477  -27.244  20.501 0.0000000000
48381  34.806  -28.128  20.661 0.0000000000
47393  36.843  -28.253  23.104 0.0000000000
66801  47.086  -7.441  12.732 0.0000000000
65860  46.365  -8.048  12.047 0.0000000000
64950  46.265  -9.514  11.006 0.0000000000
64943  44.510  -9.694  11.946 0.0000000000
64036  45.189  -10.740  11.518 0.0000000000
62971  39.645  -10.843  14.434 0.0000000000
61930  40.468  -12.280  13.752 0.0000000000
61916  39.676  -12.703  14.228 0.0000000000
60829  40.337  -14.258  14.775 0.0000000000
58914  40.915  -15.299  14.992 0.0000000000
60851  38.046  -13.573  15.361 0.0000000000
58915  39.890  -15.405  14.808 0.0000000000
58066  41.644  -15.786  14.845 0.0000000000
57203  42.356  -17.504  14.495 0.0000000000
55379  43.251  -19.713  14.517 0.0000000000
58897  35.546  -15.536  18.079 0.0000000000
58071  36.101  -16.304  15.973 0.0000000000
57207  38.289  -17.517  14.796 0.0000000000
55383  37.821  -19.461  14.702 0.0000000000
55382  38.903  -19.498  14.594 0.0000000000
56323  40.211  -18.603  14.528 0.0000000000
54477  41.707  -20.295  14.500 0.0000000000
42621  29.598  -32.532  21.532 0.0000000000
42638  31.319  -32.351  21.452 0.0000000000
41589  30.637  -33.300  22.297 0.0000000000
41547  31.309  -34.041  23.816 0.0000000000
65846  40.962  -8.617  15.808 0.0000000000
64922  40.371  -9.386  15.029 0.0000000000
37493  13.770  -38.104  33.121 0.0000000000
37464  13.480  -37.668  34.585 0.0000000000
35530  12.925  -39.420  33.547 0.0000000000
34445  12.652  -40.430  33.096 0.0000000000
33313  11.892  -41.345  33.552 0.0000000000
32253  11.736  -42.879  33.409 0.0000000000
33294  11.233  -40.880  35.522 0.0000000000
32229  11.039  -42.610  34.195 0.0000000000
31202  11.595  -43.820  34.005 0.0000000000
30076  11.677  -44.764  34.352 0.0000000000
29032  12.311  -45.808  35.296 0.0000000000
27911  8.579  -46.915  37.310 0.0000000000
30039  8.846  -44.384  37.172 0.0000000000
28999  8.484  -46.130  37.386 0.0000000000
27894  7.907  -46.856  37.789 0.0000000000
27895  7.536  -46.807  38.395 0.0000000000
27881  7.176  -46.401  39.172 0.0000000000
27864  6.981  -45.559  39.748 0.0000000000
28938  8.062  -43.906  41.331 0.0000000000
28939  7.408  -44.551  40.494 0.0000000000
27865  6.587  -45.844  39.698 0.0000000000
44763  29.613  -29.994  21.953 0.0000000000
43712  28.753  -30.048  22.903 0.0000000000
42641  28.932  -31.087  21.418 0.0000000000
42622  28.444  -31.863  21.457 0.0000000000
41571  28.033  -33.898  22.324 0.0000000000
40577  27.478  -34.410  23.148 0.0000000000
41573  25.838  -33.017  23.200 0.0000000000
41549  26.628  -33.985  23.557 0.0000000000
39618  27.645  -35.431  24.564 0.0000000000
43676  23.425  -31.948  25.365 0.0000000000
41526  23.992  -33.650  24.530 0.0000000000
40534  24.536  -34.794  24.899 0.0000000000
37618  24.673  -37.269  25.514 0.0000000000
38593  25.125  -36.881  26.015 0.0000000000
40494  25.478  -36.168  26.011 0.0000000000
60847  41.699  -13.581  14.547 0.0000000000
51389  34.677  -23.148  16.883 0.0000000000
50430  34.917  -24.522  15.741 0.0000000000
48538  35.435  -25.781  15.441 0.0000000000
52336  30.753  -22.483  21.883 0.0000000000
51349  31.051  -23.372  20.390 0.0000000000
50389  32.360  -24.422  19.235 0.0000000000
50375  33.407  -26.345  20.080 0.0000000000
50388  32.862  -25.664  19.431 0.0000000000
49496  33.445  -25.734  18.056 0.0000000000
48509  34.350  -26.423  17.028 0.0000000000
48525  35.138  -26.622  16.133 0.0000000000
47514  37.441  -27.465  15.540 0.0000000000
47504  38.787  -27.648  16.470 0.0000000000
43733  32.810  -32.235  22.135 0.0000000000
43732  33.560  -31.976  22.392 0.0000000000
44726  35.043  -31.188  22.507 0.0000000000
43689  35.549  -31.572  23.894 0.0000000000
44725  35.812  -30.792  23.049 0.0000000000
68650  49.813  -5.971  8.848 0.0000000000
65867  49.043  -7.654  10.746 0.0000000000
65876  49.088  -7.757  9.802 0.0000000000
64053  48.405  -10.465  9.515 0.0000000000
64979  48.730  -9.330  8.580 0.0000000000
65884  49.225  -7.985  8.887 0.0000000000
65908  49.889  -8.733  7.574 0.0000000000
65010  50.608  -8.786  6.823 0.0000000000
44776  30.753  -30.648  20.620 0.0000000000
64010  40.286  -10.223  13.898 0.0000000000
64009  41.403  -10.239  13.615 0.0000000000
64020  41.658  -10.975  13.180 0.0000000000
49552  37.114  -24.969  14.299 0.0000000000
50452  38.144  -24.749  14.069 0.0000000000
49551  37.568  -25.454  14.130 0.0000000000
49538  39.090  -26.143  14.680 0.0000000000
49539  38.056  -26.073  14.236 0.0000000000
36510  14.164  -38.577  32.081 0.0000000000
35541  13.824  -39.790  32.094 0.0000000000
35542  13.238  -39.671  32.685 0.0000000000
44671  24.550  -29.773  26.030 0.0000000000
34490  21.806  -41.209  28.922 0.0000000000
34489  22.798  -40.972  28.689 0.0000000000
52303  31.352  -22.389  23.787 0.0000000000
37574  19.235  -37.541  27.550 0.0000000000
36554  18.893  -38.572  27.481 0.0000000000
37558  18.978  -36.861  28.414 0.0000000000
38552  19.857  -36.310  28.843 0.0000000000
38551  19.873  -36.082  28.248 0.0000000000
37573  19.669  -37.142  27.193 0.0000000000
47408  29.602  -27.213  23.258 0.0000000000
47420  29.977  -27.801  22.276 0.0000000000
45623  34.657  -29.909  20.801 0.0000000000
45611  35.280  -29.832  21.548 0.0000000000
46483  35.527  -29.197  21.617 0.0000000000
45610  35.821  -29.825  22.257 0.0000000000
65848  44.277  -7.921  13.808 0.0000000000
66784  44.757  -6.864  14.100 0.0000000000
66794  45.025  -7.560  13.493 0.0000000000
65852  45.345  -8.074  12.996 0.0000000000
61944  44.471  -12.991  13.238 0.0000000000
61943  45.688  -13.012  12.793 0.0000000000
26768  9.351  -48.150  38.001 0.0000000000
63995  38.305  -10.591  16.487 0.0000000000
62961  37.945  -11.444  15.844 0.0000000000
62962  37.282  -11.277  16.232 0.0000000000
58069  38.454  -16.372  14.880 0.0000000000
57205  40.423  -17.728  14.567 0.0000000000
57206  39.453  -17.737  14.670 0.0000000000
56314  35.856  -18.494  16.381 0.0000000000
56313  36.361  -17.880  15.749 0.0000000000
40557  29.207  -34.995  23.790 0.0000000000
40530  29.661  -35.394  24.437 0.0000000000
63989  37.982  -10.278  17.459 0.0000000000
33375  18.456  -41.537  30.343 0.0000000000
33376  17.547  -41.567  30.463 0.0000000000
31200  13.526  -44.175  34.056 0.0000000000
30074  13.023  -44.527  34.159 0.0000000000
31201  12.546  -44.231  33.707 0.0000000000
30004  7.841  -44.096  39.844 0.0000000000
43671  28.380  -29.647  25.146 0.0000000000
41524  25.796  -34.081  24.840 0.0000000000
41507  25.475  -34.616  25.130 0.0000000000
40510  25.692  -35.319  25.599 0.0000000000
39572  21.768  -35.571  25.436 0.0000000000
58913  41.824  -15.186  15.239 0.0000000000
58912  42.745  -15.102  15.146 0.0000000000
52368  32.697  -23.055  18.648 0.0000000000
51377  32.873  -23.699  18.062 0.0000000000
51391  33.388  -23.806  17.479 0.0000000000
49456  36.694  -28.073  20.847 0.0000000000
48441  35.721  -28.063  19.717 0.0000000000
48460  36.576  -28.204  19.201 0.0000000000
48459  37.768  -28.076  19.063 0.0000000000
66811  50.183  -6.584  10.823 0.0000000000
67761  50.173  -6.269  10.635 0.0000000000
64959  46.874  -9.433  10.610 0.0000000000
64958  47.383  -9.399  10.133 0.0000000000
38515  19.613  -35.749  30.597 0.0000000000
39501  20.236  -35.782  29.475 0.0000000000
61927  43.820  -13.179  13.621 0.0000000000
60845  43.594  -13.618  14.904 0.0000000000
45612  30.452  -28.934  22.742 0.0000000000
44774  32.305  -30.711  20.245 0.0000000000
45640  31.580  -29.971  20.336 0.0000000000
44759  33.067  -31.047  20.741 0.0000000000
65845  41.736  -8.260  15.417 0.0000000000
65839  42.205  -7.576  15.815 0.0000000000
64927  42.394  -9.435  13.892 0.0000000000
65849  43.509  -8.223  14.061 0.0000000000
64926  43.088  -9.020  13.618 0.0000000000
62989  42.776  -11.512  12.689 0.0000000000
26770  7.713  -47.703  38.557 0.0000000000
62935  36.788  -11.342  18.118 0.0000000000
61884  36.375  -11.934  17.269 0.0000000000
61872  36.396  -12.043  18.417 0.0000000000
59801  35.680  -14.539  17.734 0.0000000000
60804  35.642  -13.585  17.185 0.0000000000
58918  36.517  -15.410  15.934 0.0000000000
53431  37.251  -21.623  14.523 0.0000000000
52412  37.688  -22.542  14.395 0.0000000000
50451  39.062  -24.704  14.222 0.0000000000
51419  39.073  -23.807  14.333 0.0000000000
51412  39.466  -24.434  14.328 0.0000000000
51411  40.012  -24.111  14.369 0.0000000000
50441  40.592  -25.016  14.840 0.0000000000
48533  40.304  -26.845  15.688 0.0000000000
48505  40.644  -27.502  17.620 0.0000000000
63982  37.913  -10.275  18.579 0.0000000000
35563  15.901  -39.805  30.551 0.0000000000
34464  16.014  -40.827  30.683 0.0000000000
35552  15.664  -40.391  30.833 0.0000000000
34454  15.040  -41.375  31.466 0.0000000000
32273  14.865  -42.839  32.349 0.0000000000
33265  10.228  -41.536  38.258 0.0000000000
32160  9.865  -42.077  38.712 0.0000000000
32161  9.371  -42.669  38.340 0.0000000000
32134  9.348  -42.395  40.644 0.0000000000
44669  26.591  -29.467  26.672 0.0000000000
43673  27.033  -29.685  24.798 0.0000000000
44713  25.695  -29.942  24.132 0.0000000000
43674  24.473  -31.365  24.457 0.0000000000
42559  24.492  -32.655  24.312 0.0000000000
36564  21.796  -38.775  26.128 0.0000000000
35594  23.017  -39.548  26.198 0.0000000000
34522  23.007  -40.331  27.060 0.0000000000
53347  31.986  -21.248  20.371 0.0000000000
49393  35.182  -28.224  20.680 0.0000000000
49413  35.165  -27.992  20.367 0.0000000000
49390  37.918  -27.880  23.150 0.0000000000
54446  35.733  -20.293  16.311 0.0000000000
54466  35.949  -20.487  15.502 0.0000000000
52400  35.583  -22.341  15.653 0.0000000000
51413  35.891  -23.284  14.880 0.0000000000
51414  35.367  -23.263  15.492 0.0000000000
34509  20.186  -40.566  27.891 0.0000000000
34491  20.771  -41.158  28.596 0.0000000000
34494  17.916  -40.514  28.856 0.0000000000
37542  18.240  -36.639  29.678 0.0000000000
37559  18.304  -37.337  28.737 0.0000000000
36538  16.108  -38.524  30.418 0.0000000000
37525  15.720  -37.157  31.392 0.0000000000
36509  14.764  -37.912  31.852 0.0000000000
44638  23.308  -30.554  27.580 0.0000000000
44620  23.295  -30.286  28.496 0.0000000000
41492  21.253  -33.794  27.015 0.0000000000
40480  20.626  -34.854  28.047 0.0000000000
35597  20.272  -39.585  27.039 0.0000000000
35596  20.819  -39.599  27.011 0.0000000000
50334  29.961  -24.478  24.902 0.0000000000
50340  29.875  -24.446  24.114 0.0000000000
48403  29.477  -26.259  22.003 0.0000000000
49417  29.677  -25.445  22.252 0.0000000000
49416  29.880  -25.903  21.434 0.0000000000
49437  30.815  -25.860  21.261 0.0000000000
48422  31.416  -26.809  21.050 0.0000000000
46493  31.245  -28.573  21.080 0.0000000000
46492  31.958  -28.693  20.425 0.0000000000
47431  33.719  -28.178  20.200 0.0000000000
47432  32.616  -27.965  20.333 0.0000000000
48421  32.645  -27.247  20.586 0.0000000000
48400  33.981  -27.684  20.410 0.0000000000
48382  34.090  -27.841  20.700 0.0000000000
48399  34.689  -28.141  20.523 0.0000000000
46476  36.785  -29.109  23.044 0.0000000000
47405  36.438  -28.550  22.336 0.0000000000
67741  44.063  -6.426  16.246 0.0000000000
66791  47.926  -7.461  13.517 0.0000000000
65861  45.585  -8.455  12.330 0.0000000000
65871  45.879  -8.918  11.617 0.0000000000
64028  44.307  -10.730  11.900 0.0000000000
63010  45.579  -11.329  11.748 0.0000000000
63009  46.170  -11.219  11.563 0.0000000000
61931  39.674  -11.862  14.029 0.0000000000
62972  39.233  -11.554  14.830 0.0000000000
60849  39.407  -13.516  14.664 0.0000000000
60830  39.311  -14.192  14.987 0.0000000000
61900  36.532  -13.148  15.774 0.0000000000
60832  37.411  -13.631  15.508 0.0000000000
58068  39.672  -16.143  14.771 0.0000000000
59826  39.117  -14.787  15.165 0.0000000000
58067  40.713  -15.983  14.750 0.0000000000
58079  41.512  -16.671  14.713 0.0000000000
56331  42.138  -19.157  14.445 0.0000000000
56330  42.693  -19.114  14.395 0.0000000000
57195  36.891  -17.252  15.237 0.0000000000
54480  37.752  -20.745  14.537 0.0000000000
54464  37.895  -20.109  14.591 0.0000000000
54463  38.475  -20.263  14.487 0.0000000000
55381  39.991  -19.524  14.476 0.0000000000
56324  39.192  -18.562  14.709 0.0000000000
55380  40.844  -19.408  14.592 0.0000000000
41590  29.841  -33.277  22.077 0.0000000000
41569  30.193  -33.757  22.731 0.0000000000
40555  31.265  -34.813  24.371 0.0000000000
65841  40.664  -8.280  16.853 0.0000000000
64001  39.820  -10.138  14.861 0.0000000000
33373  20.536  -41.662  30.194 0.0000000000
33356  16.542  -41.662  31.021 0.0000000000
32227  15.458  -43.386  34.056 0.0000000000
37492  14.215  -37.646  33.080 0.0000000000
36464  12.801  -38.489  35.183 0.0000000000
37447  13.303  -37.252  35.554 0.0000000000
36480  13.129  -38.564  34.082 0.0000000000
34437  12.590  -39.965  33.917 0.0000000000
34446  12.286  -40.430  33.746 0.0000000000
33314  11.267  -42.062  33.758 0.0000000000
31203  10.947  -44.271  34.568 0.0000000000
29033  11.346  -45.947  35.242 0.0000000000
27923  9.673  -46.412  36.224 0.0000000000
27910  9.696  -47.115  36.691 0.0000000000
31141  8.979  -43.458  37.908 0.0000000000
30031  8.043  -44.812  38.226 0.0000000000
28980  8.526  -45.057  37.547 0.0000000000
28982  7.544  -46.116  38.326 0.0000000000
28965  7.413  -45.866  38.746 0.0000000000
27850  6.943  -45.176  40.224 0.0000000000
27849  7.169  -45.092  40.171 0.0000000000
27851  6.672  -45.160  40.258 0.0000000000
43713  28.037  -30.111  22.779 0.0000000000
43735  28.426  -30.512  21.800 0.0000000000
43758  28.938  -30.611  21.602 0.0000000000
41593  27.027  -32.519  22.178 0.0000000000
41592  27.654  -32.864  21.894 0.0000000000
43696  25.511  -31.107  23.532 0.0000000000
42602  25.870  -32.168  22.922 0.0000000000
40560  26.255  -34.281  24.488 0.0000000000
40559  26.882  -34.664  24.142 0.0000000000
39619  27.099  -35.266  24.736 0.0000000000
39593  27.259  -35.559  25.239 0.0000000000
43657  23.252  -31.660  26.164 0.0000000000
42561  22.929  -32.562  25.645 0.0000000000
40535  23.475  -34.402  24.853 0.0000000000
41527  23.139  -33.386  25.021 0.0000000000
39594  24.733  -35.663  25.222 0.0000000000
35611  23.970  -39.035  26.176 0.0000000000
37596  24.181  -37.985  25.569 0.0000000000
37595  24.968  -37.758  26.297 0.0000000000
38582  25.408  -37.241  26.821 0.0000000000
39571  25.164  -36.193  25.756 0.0000000000
61915  40.904  -13.180  14.062 0.0000000000
52379  35.002  -22.169  17.544 0.0000000000
50431  34.444  -24.438  16.368 0.0000000000
51401  34.521  -23.761  16.598 0.0000000000
49542  35.300  -25.011  15.387 0.0000000000
49526  34.779  -25.379  15.949 0.0000000000
51318  30.258  -23.735  22.485 0.0000000000
52337  30.390  -23.272  21.997 0.0000000000
51348  31.646  -23.379  19.712 0.0000000000
49434  34.969  -27.186  20.096 0.0000000000
50374  34.168  -26.959  20.284 0.0000000000
49475  34.079  -27.053  19.084 0.0000000000
49476  33.457  -26.434  18.921 0.0000000000
50404  32.826  -25.014  18.500 0.0000000000
48487  33.815  -26.395  18.263 0.0000000000
49495  33.911  -26.093  17.663 0.0000000000
48486  34.324  -26.884  17.926 0.0000000000
47491  36.430  -27.912  17.078 0.0000000000
47508  35.328  -27.296  16.622 0.0000000000
47507  35.928  -27.460  16.216 0.0000000000
47516  36.038  -27.189  15.598 0.0000000000
47506  36.965  -27.806  16.229 0.0000000000
47505  38.071  -27.794  16.169 0.0000000000
48482  39.722  -27.599  18.482 0.0000000000
42619  31.368  -32.863  22.186 0.0000000000
42637  31.843  -32.398  21.806 0.0000000000
42618  32.253  -32.558  22.283 0.0000000000
42597  34.082  -32.435  23.473 0.0000000000
43711  33.969  -32.204  23.068 0.0000000000
43731  34.429  -31.366  22.112 0.0000000000
43710  34.749  -31.772  23.229 0.0000000000
44707  36.256  -31.250  24.332 0.0000000000
44706  36.945  -30.436  24.118 0.0000000000
67763  50.075  -6.479  9.573 0.0000000000
68647  49.853  -5.900  9.858 0.0000000000
67765  50.139  -6.602  8.461 0.0000000000
66800  47.997  -7.525  12.557 0.0000000000
65868  48.392  -7.747  11.041 0.0000000000
65877  48.394  -7.907  9.962 0.0000000000
65885  48.545  -8.387  9.025 0.0000000000
64978  49.192  -9.327  8.151 0.0000000000
65895  48.979  -8.662  8.464 0.0000000000
65894  49.490  -8.530  8.145 0.0000000000
64995  49.626  -9.344  7.703 0.0000000000
61946  42.424  -12.318  13.090 0.0000000000
61928  42.942  -13.081  13.603 0.0000000000
60864  42.251  -13.450  14.400 0.0000000000
45626  30.786  -29.776  21.695 0.0000000000
44761  31.024  -30.089  20.884 0.0000000000
43769  31.052  -31.154  20.451 0.0000000000
43768  31.785  -31.292  20.498 0.0000000000
64928  41.703  -9.502  14.191 0.0000000000
62990  42.055  -11.450  12.937 0.0000000000
61864  36.162  -12.704  18.792 0.0000000000
51421  37.188  -23.211  14.457 0.0000000000
48534  39.381  -26.871  15.404 0.0000000000
32145  9.893  -42.025  39.547 0.0000000000
44690  25.187  -29.686  25.075 0.0000000000
44692  23.970  -30.996  25.081 0.0000000000
34523  22.444  -40.486  27.393 0.0000000000
34506  22.995  -40.748  27.852 0.0000000000
53307  31.282  -22.003  22.249 0.0000000000
49372  36.943  -27.811  22.611 0.0000000000
53398  35.796  -20.760  17.020 0.0000000000
35581  19.595  -39.650  27.144 0.0000000000
36546  18.296  -38.532  28.130 0.0000000000
37523  17.279  -36.138  30.967 0.0000000000
42515  21.539  -32.697  28.455 0.0000000000
39519  20.317  -35.558  28.769 0.0000000000
40467  20.494  -34.700  29.106 0.0000000000
38570  19.803  -36.206  27.329 0.0000000000
37572  19.971  -36.914  26.790 0.0000000000
37587  19.708  -37.957  26.987 0.0000000000
49395  29.536  -25.478  23.390 0.0000000000
48383  29.399  -26.303  22.939 0.0000000000
46505  33.201  -29.220  19.994 0.0000000000
46490  34.072  -29.117  20.125 0.0000000000
47430  34.552  -28.919  20.320 0.0000000000
47418  34.964  -28.731  20.848 0.0000000000
46477  36.220  -29.176  22.291 0.0000000000
67748  45.140  -6.508  14.953 0.0000000000
62999  44.514  -11.513  12.239 0.0000000000
61958  46.374  -12.458  12.290 0.0000000000
62973  38.553  -11.572  15.352 0.0000000000
59828  36.860  -14.469  15.738 0.0000000000
59827  38.080  -14.660  15.534 0.0000000000
56332  41.809  -19.319  14.481 0.0000000000
58057  35.490  -16.429  17.118 0.0000000000
53428  39.756  -21.928  14.284 0.0000000000
54478  39.309  -21.426  14.248 0.0000000000
53413  40.685  -21.756  14.354 0.0000000000
40575  29.710  -34.349  23.236 0.0000000000
40556  30.398  -34.881  23.862 0.0000000000
64908  39.037  -9.293  18.781 0.0000000000
64912  39.103  -9.196  17.674 0.0000000000
64917  39.353  -9.416  16.645 0.0000000000
63994  39.022  -10.220  16.168 0.0000000000
33374  19.489  -41.567  30.303 0.0000000000
31212  14.148  -43.527  33.036 0.0000000000
31198  15.083  -43.659  34.057 0.0000000000
31181  14.549  -44.172  34.983 0.0000000000
30058  14.053  -44.455  35.157 0.0000000000
30060  12.447  -45.213  34.726 0.0000000000
35502  12.584  -39.003  34.999 0.0000000000
35518  12.325  -39.505  34.757 0.0000000000
35503  12.313  -39.239  35.240 0.0000000000
33283  10.242  -41.802  36.781 0.0000000000
32192  10.372  -41.954  36.151 0.0000000000
32210  10.095  -42.978  35.401 0.0000000000
31183  10.192  -43.884  35.060 0.0000000000
29015  10.138  -46.231  35.791 0.0000000000
30063  9.818  -45.297  35.523 0.0000000000
28952  7.617  -44.413  40.230 0.0000000000
40532  26.268  -34.721  24.918 0.0000000000
40508  26.827  -35.480  25.662 0.0000000000
40509  26.280  -35.244  25.603 0.0000000000
42544  22.482  -32.878  26.155 0.0000000000
41528  22.592  -33.210  25.630 0.0000000000
39596  22.762  -35.191  25.068 0.0000000000
38617  23.404  -36.180  25.038 0.0000000000
36561  24.994  -38.754  27.324 0.0000000000
36575  24.927  -38.241  26.814 0.0000000000
60828  41.398  -14.190  15.009 0.0000000000
52357  33.563  -21.541  18.715 0.0000000000
52366  34.236  -21.903  18.286 0.0000000000
52380  34.347  -22.841  17.519 0.0000000000
51376  33.698  -23.115  17.810 0.0000000000
50420  33.999  -24.760  16.888 0.0000000000
51331  30.669  -23.641  21.134 0.0000000000
48442  35.068  -27.701  19.339 0.0000000000
48462  34.589  -27.417  18.817 0.0000000000
48485  35.093  -27.567  17.956 0.0000000000
47474  36.853  -28.136  17.903 0.0000000000
47473  37.818  -28.104  18.150 0.0000000000
47456  37.574  -28.158  18.628 0.0000000000
42599  32.508  -32.924  23.178 0.0000000000
42579  33.030  -33.009  23.778 0.0000000000
42578  33.697  -32.831  23.914 0.0000000000
42577  34.389  -32.535  24.074 0.0000000000
65869  47.477  -8.024  10.999 0.0000000000
64965  47.835  -9.394  9.601 0.0000000000
64084  49.812  -10.174  7.686 0.0000000000
64083  50.718  -10.576  7.343 0.0000000000
37540  19.517  -36.501  28.932 0.0000000000
39520  20.305  -35.290  29.516 0.0000000000
60873  44.833  -13.522  13.796 0.0000000000
60861  44.381  -13.525  14.057 0.0000000000
60844  44.244  -13.520  14.841 0.0000000000
45624  31.783  -29.128  20.475 0.0000000000
45639  32.325  -29.525  20.104 0.0000000000
45638  33.369  -29.756  20.124 0.0000000000
44758  33.976  -30.544  20.882 0.0000000000
44742  34.956  -30.656  21.764 0.0000000000
66775  42.914  -7.309  15.656 0.0000000000
65843  43.165  -7.660  14.765 0.0000000000
64018  43.008  -10.506  12.673 0.0000000000
62949  36.923  -11.234  16.959 0.0000000000
61873  35.871  -12.664  17.817 0.0000000000
60816  36.063  -13.694  16.095 0.0000000000
57194  37.642  -16.728  14.904 0.0000000000
54465  36.409  -20.218  14.952 0.0000000000
55384  36.844  -19.535  14.978 0.0000000000
55394  37.056  -20.257  14.707 0.0000000000
52411  38.586  -22.733  14.333 0.0000000000
53429  39.015  -21.963  14.226 0.0000000000
49535  42.235  -25.789  15.493 0.0000000000
49525  41.853  -26.609  15.856 0.0000000000
48520  41.601  -27.115  16.756 0.0000000000
39591  29.343  -35.883  25.289 0.0000000000
33357  16.079  -41.816  31.323 0.0000000000
33334  16.562  -42.019  31.844 0.0000000000
32250  14.739  -43.339  33.091 0.0000000000
32274  14.318  -42.832  32.458 0.0000000000
32194  9.418  -43.087  36.875 0.0000000000
32176  9.384  -42.847  37.425 0.0000000000
31101  8.871  -42.977  40.139 0.0000000000
44731  26.574  -30.133  23.283 0.0000000000
44732  26.040  -30.281  23.462 0.0000000000
43697  24.965  -31.481  23.940 0.0000000000
36563  22.611  -38.572  25.777 0.0000000000
35612  23.652  -39.210  26.163 0.0000000000
35593  24.049  -39.378  26.581 0.0000000000
35577  24.781  -39.625  27.797 0.0000000000
58078  42.480  -16.494  14.695 0.0000000000
58077  43.616  -16.253  14.754 0.0000000000
52358  32.388  -22.040  19.104 0.0000000000
51364  32.319  -23.407  18.971 0.0000000000
50348  33.582  -26.818  20.520 0.0000000000
49435  34.336  -27.348  20.202 0.0000000000
49432  36.671  -27.990  21.162 0.0000000000
48419  37.122  -27.943  21.193 0.0000000000
63021  47.741  -11.016  10.820 0.0000000000
58040  36.096  -16.599  19.549 0.0000000000
55385  36.010  -19.599  15.621 0.0000000000
54482  36.311  -20.758  14.978 0.0000000000
51422  36.535  -23.011  14.600 0.0000000000
49553  36.652  -24.413  14.513 0.0000000000
34472  21.194  -41.418  29.175 0.0000000000
34510  19.346  -40.456  27.819 0.0000000000
36547  17.668  -38.416  28.785 0.0000000000
35564  15.408  -39.234  30.768 0.0000000000
36526  14.625  -39.111  31.314 0.0000000000
44654  23.943  -30.116  26.880 0.0000000000
43620  22.670  -31.017  28.282 0.0000000000
42530  22.538  -32.175  27.108 0.0000000000
41508  21.968  -33.700  26.121 0.0000000000
41493  21.034  -34.101  27.761 0.0000000000
40496  20.875  -34.559  27.225 0.0000000000
39555  21.099  -35.970  26.088 0.0000000000
36565  20.871  -38.859  26.452 0.0000000000
51308  30.866  -22.790  23.891 0.0000000000
51309  30.364  -23.407  23.662 0.0000000000
50362  30.373  -24.668  21.761 0.0000000000
49394  34.783  -28.072  20.889 0.0000000000
48380  35.936  -28.252  21.503 0.0000000000
47406  35.676  -28.433  21.450 0.0000000000
48364  36.620  -28.081  22.433 0.0000000000
66809  47.224  -7.703  11.816 0.0000000000
65870  46.640  -8.544  11.138 0.0000000000
64045  46.669  -9.973  10.697 0.0000000000
64037  44.602  -10.282  11.645 0.0000000000
64952  44.865  -9.913  11.518 0.0000000000
64951  45.529  -9.783  11.310 0.0000000000
64035  46.397  -10.447  11.064 0.0000000000
64034  47.016  -10.624  10.970 0.0000000000
62980  39.989  -11.311  13.728 0.0000000000
61918  37.836  -13.065  15.296 0.0000000000
59825  40.132  -14.823  14.826 0.0000000000
56320  43.217  -18.603  14.445 0.0000000000
56321  42.188  -18.438  14.395 0.0000000000
56325  38.146  -18.551  14.820 0.0000000000
55392  41.583  -19.724  14.512 0.0000000000
54476  42.127  -20.180  14.452 0.0000000000
54460  42.027  -20.804  14.550 0.0000000000
54459  42.810  -20.535  14.603 0.0000000000
42640  29.526  -31.624  21.271 0.0000000000
42639  30.412  -32.097  21.205 0.0000000000
42620  30.539  -32.780  21.758 0.0000000000
41568  31.146  -33.585  22.884 0.0000000000
41567  31.839  -33.450  23.339 0.0000000000
65840  41.550  -7.714  16.466 0.0000000000
64916  40.137  -9.030  16.212 0.0000000000
33352  20.420  -41.893  31.198 0.0000000000
36494  13.868  -38.227  32.802 0.0000000000
37478  13.674  -37.954  33.659 0.0000000000
36495  13.411  -38.636  32.986 0.0000000000
33302  11.162  -41.582  34.480 0.0000000000
31215  12.085  -43.691  33.513 0.0000000000
30077  11.191  -44.864  34.626 0.0000000000
30061  11.581  -45.370  34.725 0.0000000000
27922  10.463  -46.792  36.214 0.0000000000
26784  9.508  -47.724  37.399 0.0000000000
26785  8.872  -47.744  37.599 0.0000000000
50324  30.268  -24.505  25.629 0.0000000000
43757  29.460  -30.674  21.353 0.0000000000
43734  29.009  -30.101  21.975 0.0000000000
41591  28.798  -33.214  21.729 0.0000000000
40558  28.066  -35.060  23.782 0.0000000000
40578  26.891  -34.153  23.385 0.0000000000
44673  23.589  -31.105  26.072 0.0000000000
43656  23.645  -31.307  25.551 0.0000000000
42560  23.555  -32.616  24.803 0.0000000000
37620  22.897  -36.817  25.111 0.0000000000
37619  23.798  -37.100  25.187 0.0000000000
38616  24.516  -36.402  25.218 0.0000000000
40511  25.241  -35.585  25.570 0.0000000000
40493  25.804  -36.161  26.287 0.0000000000
61914  41.447  -13.292  14.131 0.0000000000
60827  42.519  -14.144  15.171 0.0000000000
52378  35.458  -21.221  18.089 0.0000000000
52388  35.178  -22.650  16.501 0.0000000000
51400  34.897  -23.595  16.038 0.0000000000
50445  35.411  -24.142  15.178 0.0000000000
49541  36.131  -25.135  14.868 0.0000000000
52304  30.854  -22.735  23.387 0.0000000000
52350  31.163  -22.375  20.688 0.0000000000
50405  32.486  -24.024  18.632 0.0000000000
49459  33.524  -26.445  19.619 0.0000000000
49515  33.972  -25.537  17.080 0.0000000000
48526  34.373  -25.892  16.449 0.0000000000
48508  34.891  -27.155  17.111 0.0000000000
48524  35.758  -27.017  15.748 0.0000000000
48537  36.081  -26.564  15.192 0.0000000000
48536  37.243  -26.768  14.985 0.0000000000
48523  38.842  -27.434  15.861 0.0000000000
48522  39.482  -27.416  16.287 0.0000000000
48507  38.718  -27.844  17.701 0.0000000000
48506  39.392  -27.638  17.383 0.0000000000
43754  32.421  -31.820  21.307 0.0000000000
42617  32.934  -32.494  22.618 0.0000000000
43753  33.659  -31.320  21.467 0.0000000000
43709  35.410  -31.409  23.371 0.0000000000
44724  36.604  -30.179  23.386 0.0000000000
66806  49.506  -7.324  11.400 0.0000000000
66813  49.557  -7.344  10.546 0.0000000000
64964  48.293  -9.378  9.086 0.0000000000
64071  48.666  -9.872  8.901 0.0000000000
66819  49.659  -7.472  9.579 0.0000000000
66825  49.803  -7.789  8.638 0.0000000000
65893  49.981  -8.178  7.957 0.0000000000
65907  50.371  -8.341  7.293 0.0000000000
26753  7.926  -48.238  38.796 0.0000000000
29035  9.943  -45.803  35.619 0.0000000000
33293  11.469  -40.575  35.280 0.0000000000
34430  11.402  -40.372  35.792 0.0000000000
35578  24.198  -39.720  27.263 0.0000000000
35592  24.529  -39.324  27.151 0.0000000000
36465  12.556  -38.825  35.453 0.0000000000
36566  20.087  -38.889  26.763 0.0000000000
36576  24.493  -38.671  26.349 0.0000000000
36577  23.574  -38.744  25.835 0.0000000000
42562  22.673  -32.872  25.806 0.0000000000
43638  22.430  -32.098  27.375 0.0000000000
43668  35.269  -32.451  24.882 0.0000000000
43767  32.285  -31.309  20.615 0.0000000000
44772  33.668  -30.130  20.365 0.0000000000
46504  33.684  -29.476  20.080 0.0000000000
47458  36.408  -28.113  18.509 0.0000000000
47472  38.405  -27.953  17.856 0.0000000000
47488  39.031  -27.628  16.841 0.0000000000
47489  38.469  -27.880  17.208 0.0000000000
47492  35.547  -27.669  17.130 0.0000000000
47515  36.584  -27.340  15.526 0.0000000000
48404  29.414  -25.945  22.543 0.0000000000
48484  38.057  -28.029  18.533 0.0000000000
49396  29.420  -25.853  23.040 0.0000000000
49418  29.448  -25.731  22.804 0.0000000000
49516  33.643  -25.548  17.558 0.0000000000
50347  33.874  -26.983  20.598 0.0000000000
50358  34.276  -26.785  20.367 0.0000000000
50454  36.616  -23.698  14.543 0.0000000000
51418  39.730  -23.413  14.339 0.0000000000
54447  35.765  -20.113  15.948 0.0000000000
54467  35.837  -20.304  15.804 0.0000000000
54475  42.435  -20.027  14.425 0.0000000000
55370  35.731  -19.877  15.998 0.0000000000
55386  35.855  -20.050  15.724 0.0000000000
55391  42.129  -19.679  14.434 0.0000000000
60831  38.429  -14.063  15.361 0.0000000000
62981  39.594  -11.383  14.224 0.0000000000
62991  41.629  -11.463  13.144 0.0000000000
64027  44.788  -11.047  11.747 0.0000000000
