#!ascii label  , from subject demencia vox2ras=TkReg
979
41319  13.933  -33.180  42.617 0.0000000000
38505  11.308  -36.704  32.202 0.0000000000
35378  8.547  -39.420  46.364 0.0000000000
42325  7.338  -33.032  44.175 0.0000000000
45470  13.164  -30.135  39.729 0.0000000000
38350  11.216  -37.188  46.606 0.0000000000
41247  10.079  -32.940  47.252 0.0000000000
38432  17.767  -35.870  40.503 0.0000000000
37355  14.097  -37.802  44.193 0.0000000000
32114  10.751  -41.312  45.109 0.0000000000
47122  8.803  -27.090  47.281 0.0000000000
43413  9.866  -31.689  42.035 0.0000000000
49142  9.282  -25.465  42.942 0.0000000000
35405  7.647  -40.532  42.183 0.0000000000
36385  8.506  -38.100  41.982 0.0000000000
38374  7.423  -35.964  45.928 0.0000000000
44378  9.310  -30.175  48.162 0.0000000000
39413  8.299  -34.897  38.475 0.0000000000
43491  7.071  -32.864  35.373 0.0000000000
43551  9.894  -32.066  32.748 0.0000000000
48199  13.160  -26.716  35.758 0.0000000000
40314  12.412  -34.394  44.620 0.0000000000
41274  11.452  -32.796  45.836 0.0000000000
40359  15.635  -34.501  41.001 0.0000000000
38400  15.190  -36.913  42.468 0.0000000000
39350  13.902  -36.463  43.014 0.0000000000
38360  12.254  -37.905  45.205 0.0000000000
48094  8.759  -26.016  45.158 0.0000000000
34328  7.521  -40.504  44.048 0.0000000000
36369  7.465  -38.422  44.610 0.0000000000
37351  8.019  -36.971  46.576 0.0000000000
44369  11.806  -30.259  48.788 0.0000000000
43337  10.042  -31.013  48.247 0.0000000000
33225  9.642  -40.612  45.994 0.0000000000
31054  9.342  -42.821  44.483 0.0000000000
33231  8.112  -41.452  44.737 0.0000000000
32127  7.590  -42.306  42.481 0.0000000000
39364  7.359  -34.927  43.516 0.0000000000
39401  9.234  -35.908  40.624 0.0000000000
40362  7.402  -33.854  41.707 0.0000000000
44459  11.250  -30.797  41.286 0.0000000000
43450  8.258  -31.953  38.979 0.0000000000
44501  9.853  -31.700  37.686 0.0000000000
43510  9.071  -32.432  34.663 0.0000000000
44509  12.065  -31.739  36.451 0.0000000000
36342  10.158  -38.289  46.583 0.0000000000
38354  8.861  -36.226  47.062 0.0000000000
39309  10.655  -35.748  46.937 0.0000000000
43342  11.360  -30.877  47.113 0.0000000000
37407  19.796  -36.590  40.041 0.0000000000
34364  17.409  -36.868  39.736 0.0000000000
35401  16.599  -37.112  40.923 0.0000000000
34330  15.156  -38.267  42.575 0.0000000000
34313  11.969  -39.456  45.367 0.0000000000
35375  11.241  -39.200  46.404 0.0000000000
45396  8.434  -30.228  46.138 0.0000000000
43399  8.322  -32.083  43.786 0.0000000000
45402  10.122  -29.695  45.250 0.0000000000
46263  11.127  -28.648  43.957 0.0000000000
48119  11.080  -26.798  41.992 0.0000000000
44458  15.787  -30.677  40.792 0.0000000000
34374  22.004  -37.022  40.217 0.0000000000
36383  22.173  -35.899  42.213 0.0000000000
39396  19.998  -35.221  40.764 0.0000000000
42374  18.267  -32.988  39.575 0.0000000000
33251  6.279  -41.856  40.242 0.0000000000
35452  7.383  -40.279  40.008 0.0000000000
35403  7.759  -39.559  42.313 0.0000000000
38393  7.492  -36.482  44.003 0.0000000000
40306  7.389  -34.223  45.635 0.0000000000
40288  8.444  -34.284  47.363 0.0000000000
41263  7.863  -33.274  47.083 0.0000000000
43351  8.140  -31.526  46.576 0.0000000000
46218  9.002  -28.013  47.815 0.0000000000
36414  8.949  -38.622  39.077 0.0000000000
37434  9.955  -37.458  37.151 0.0000000000
39441  10.466  -35.466  35.390 0.0000000000
43452  7.249  -32.215  39.944 0.0000000000
40412  7.534  -33.886  36.599 0.0000000000
39469  8.373  -34.771  34.317 0.0000000000
40453  7.161  -34.205  32.179 0.0000000000
42472  6.504  -32.577  31.507 0.0000000000
50186  8.551  -24.346  41.092 0.0000000000
48138  11.207  -26.334  40.108 0.0000000000
48173  9.883  -26.036  37.773 0.0000000000
46345  14.078  -28.771  37.383 0.0000000000
44529  13.421  -30.155  34.511 0.0000000000
40338  13.197  -33.823  43.899 0.0000000000
41301  12.948  -33.270  44.419 0.0000000000
42334  13.634  -32.277  43.447 0.0000000000
40345  14.395  -34.143  42.288 0.0000000000
39373  14.785  -35.011  42.076 0.0000000000
39362  13.621  -35.002  43.336 0.0000000000
39351  13.325  -35.346  43.753 0.0000000000
37561  11.035  -37.269  30.101 0.0000000000
39490  10.550  -35.522  30.897 0.0000000000
35385  7.877  -39.794  45.758 0.0000000000
35386  7.624  -39.280  45.634 0.0000000000
36353  8.010  -38.965  46.195 0.0000000000
34393  19.005  -37.133  38.885 0.0000000000
34310  8.862  -40.083  46.374 0.0000000000
33226  8.855  -41.052  45.832 0.0000000000
34317  8.407  -40.382  46.015 0.0000000000
34327  7.717  -40.760  44.626 0.0000000000
40339  7.239  -34.027  43.422 0.0000000000
39390  7.479  -34.041  42.374 0.0000000000
42352  7.290  -33.392  43.144 0.0000000000
44471  12.334  -30.690  40.113 0.0000000000
44482  11.608  -31.585  39.349 0.0000000000
44489  11.840  -31.750  38.111 0.0000000000
44510  11.071  -31.714  36.600 0.0000000000
44488  13.010  -31.316  38.015 0.0000000000
38351  10.765  -36.883  46.713 0.0000000000
38352  10.227  -36.575  46.829 0.0000000000
40284  11.022  -34.979  46.753 0.0000000000
42289  11.378  -31.847  46.407 0.0000000000
45372  12.219  -29.303  47.805 0.0000000000
38431  18.445  -35.757  40.129 0.0000000000
37404  17.373  -35.997  39.967 0.0000000000
37398  16.928  -36.044  40.645 0.0000000000
37374  14.197  -37.204  42.979 0.0000000000
36366  15.095  -37.561  42.731 0.0000000000
35382  14.628  -38.064  43.475 0.0000000000
35380  12.821  -38.579  44.709 0.0000000000
38362  11.564  -37.037  46.026 0.0000000000
36338  12.053  -38.356  45.982 0.0000000000
36340  11.417  -38.402  46.982 0.0000000000
35369  10.498  -38.930  46.723 0.0000000000
45386  9.315  -29.249  46.878 0.0000000000
44399  9.155  -30.165  45.547 0.0000000000
46245  9.776  -28.747  46.205 0.0000000000
48102  8.941  -25.941  44.356 0.0000000000
47150  9.795  -26.740  44.854 0.0000000000
48100  10.212  -26.691  44.125 0.0000000000
47159  11.428  -28.030  43.231 0.0000000000
48121  9.875  -26.178  42.627 0.0000000000
38421  20.688  -35.548  40.989 0.0000000000
34358  6.982  -41.461  41.104 0.0000000000
34357  7.308  -40.800  40.917 0.0000000000
35419  7.285  -40.770  41.859 0.0000000000
37367  7.486  -37.128  45.437 0.0000000000
36368  7.722  -37.907  44.065 0.0000000000
38384  7.382  -35.905  44.991 0.0000000000
39342  7.327  -34.894  45.208 0.0000000000
39333  7.419  -35.020  45.922 0.0000000000
40286  9.996  -34.424  47.364 0.0000000000
39312  8.700  -35.298  47.258 0.0000000000
40287  9.297  -34.170  47.483 0.0000000000
43338  9.537  -30.869  48.142 0.0000000000
42282  8.709  -32.154  47.567 0.0000000000
43343  8.999  -31.140  47.843 0.0000000000
42290  7.913  -32.645  46.836 0.0000000000
44380  8.466  -30.883  47.264 0.0000000000
44386  8.664  -30.386  47.211 0.0000000000
45374  9.092  -29.247  48.064 0.0000000000
34365  16.403  -37.597  40.288 0.0000000000
35443  16.453  -37.457  39.453 0.0000000000
32119  11.085  -40.995  44.924 0.0000000000
32125  10.780  -42.107  43.622 0.0000000000
31055  10.544  -42.356  44.366 0.0000000000
31059  8.237  -42.972  43.530 0.0000000000
29959  8.946  -43.116  43.478 0.0000000000
34337  7.616  -41.198  42.144 0.0000000000
33244  6.763  -42.051  40.943 0.0000000000
35434  8.146  -39.505  40.500 0.0000000000
35451  7.823  -39.746  39.272 0.0000000000
36403  9.021  -38.689  40.349 0.0000000000
39407  8.490  -35.310  39.548 0.0000000000
38437  9.769  -36.426  39.534 0.0000000000
39412  9.218  -35.543  38.753 0.0000000000
38444  10.392  -35.911  36.875 0.0000000000
39421  8.759  -34.880  37.622 0.0000000000
43414  9.041  -31.820  42.386 0.0000000000
43439  7.702  -31.941  41.100 0.0000000000
43438  8.345  -31.808  40.446 0.0000000000
42411  8.014  -32.877  36.981 0.0000000000
42392  7.680  -32.721  37.904 0.0000000000
41407  7.015  -33.579  36.054 0.0000000000
39457  7.791  -34.546  35.511 0.0000000000
40433  7.377  -34.241  34.318 0.0000000000
40442  7.819  -34.352  32.970 0.0000000000
41426  6.976  -33.765  34.342 0.0000000000
43530  9.460  -32.177  33.641 0.0000000000
43532  7.355  -32.470  33.407 0.0000000000
43553  7.943  -31.797  32.328 0.0000000000
50194  8.858  -24.515  40.147 0.0000000000
49169  9.876  -25.725  40.438 0.0000000000
49178  9.300  -25.159  39.391 0.0000000000
48187  10.947  -26.028  36.609 0.0000000000
48171  11.598  -26.361  37.272 0.0000000000
48158  12.361  -26.528  37.868 0.0000000000
47230  14.280  -27.831  36.806 0.0000000000
45488  14.227  -29.355  35.977 0.0000000000
46374  14.292  -28.466  35.279 0.0000000000
39332  11.619  -35.357  45.426 0.0000000000
40296  11.187  -34.544  46.181 0.0000000000
41289  11.793  -33.711  45.149 0.0000000000
39399  16.437  -34.861  40.587 0.0000000000
38424  16.195  -35.899  41.184 0.0000000000
39372  15.281  -35.862  41.820 0.0000000000
39349  14.528  -36.683  42.638 0.0000000000
38392  13.879  -36.946  43.210 0.0000000000
37357  12.950  -37.948  44.566 0.0000000000
38383  12.925  -37.051  44.153 0.0000000000
39331  12.216  -36.257  44.870 0.0000000000
49124  8.197  -25.521  47.094 0.0000000000
48084  8.667  -26.181  45.997 0.0000000000
50146  8.697  -24.956  45.776 0.0000000000
50151  8.761  -24.920  44.867 0.0000000000
50157  8.825  -24.830  43.856 0.0000000000
35396  7.599  -40.683  42.737 0.0000000000
35395  7.454  -39.964  43.509 0.0000000000
36361  7.533  -38.462  45.775 0.0000000000
38363  7.792  -36.260  46.540 0.0000000000
43335  11.036  -31.099  48.037 0.0000000000
42278  9.888  -31.888  47.598 0.0000000000
44370  11.188  -30.503  48.980 0.0000000000
44371  10.550  -30.270  49.036 0.0000000000
45366  10.155  -29.344  49.376 0.0000000000
46209  9.683  -28.451  49.264 0.0000000000
33224  10.524  -40.493  45.841 0.0000000000
32115  10.277  -42.178  44.984 0.0000000000
32111  9.602  -41.549  45.432 0.0000000000
32117  8.869  -42.423  44.698 0.0000000000
32123  7.927  -42.392  44.001 0.0000000000
32124  7.674  -42.351  43.224 0.0000000000
33235  7.663  -41.678  43.865 0.0000000000
34335  7.592  -41.098  43.822 0.0000000000
38415  8.311  -36.281  42.404 0.0000000000
38425  9.461  -36.903  41.171 0.0000000000
39389  7.994  -35.408  41.506 0.0000000000
40378  7.597  -34.443  40.899 0.0000000000
40391  7.406  -34.295  39.614 0.0000000000
44460  10.609  -31.306  41.668 0.0000000000
44475  8.675  -31.911  39.986 0.0000000000
43442  9.979  -32.345  39.944 0.0000000000
44502  9.276  -32.012  38.183 0.0000000000
42427  8.443  -32.980  36.585 0.0000000000
43512  7.124  -32.741  34.664 0.0000000000
43488  9.956  -32.535  35.797 0.0000000000
43487  10.695  -32.221  35.391 0.0000000000
43508  11.197  -32.075  34.665 0.0000000000
48219  13.121  -26.786  35.082 0.0000000000
47256  13.779  -27.538  34.549 0.0000000000
48242  13.213  -26.675  34.130 0.0000000000
36347  9.116  -38.602  46.529 0.0000000000
36344  8.781  -37.582  46.547 0.0000000000
37343  9.813  -37.349  46.624 0.0000000000
39310  10.123  -35.462  47.222 0.0000000000
40281  10.601  -33.686  47.197 0.0000000000
41262  11.200  -33.512  46.086 0.0000000000
42281  10.879  -32.352  46.849 0.0000000000
42276  10.749  -32.077  47.111 0.0000000000
44368  11.913  -30.197  48.058 0.0000000000
35425  19.851  -36.742  39.776 0.0000000000
34363  18.997  -37.061  39.059 0.0000000000
35426  18.395  -36.532  39.469 0.0000000000
37390  15.874  -36.711  41.586 0.0000000000
35393  15.847  -37.567  42.082 0.0000000000
34339  15.354  -38.285  41.869 0.0000000000
33233  11.578  -40.633  44.276 0.0000000000
33222  11.291  -40.223  45.592 0.0000000000
35373  11.981  -38.959  45.803 0.0000000000
33215  11.367  -39.645  45.792 0.0000000000
33217  11.097  -40.059  45.965 0.0000000000
34308  10.610  -39.862  46.323 0.0000000000
34303  9.938  -39.462  46.572 0.0000000000
43369  8.039  -31.825  45.480 0.0000000000
43400  7.975  -32.252  44.150 0.0000000000
44415  8.520  -31.238  45.270 0.0000000000
43383  9.222  -31.451  44.354 0.0000000000
44413  10.237  -30.502  44.485 0.0000000000
47140  10.019  -27.828  45.917 0.0000000000
46251  10.832  -28.644  44.731 0.0000000000
44431  11.270  -30.223  43.089 0.0000000000
45437  11.743  -29.387  42.495 0.0000000000
45449  12.204  -29.356  41.697 0.0000000000
46295  12.661  -28.556  41.340 0.0000000000
42348  14.800  -32.335  41.590 0.0000000000
34375  21.107  -37.315  39.593 0.0000000000
36371  24.204  -35.819  42.812 0.0000000000
36372  23.585  -35.793  43.073 0.0000000000
36389  22.861  -35.878  41.579 0.0000000000
35399  22.493  -36.205  41.725 0.0000000000
34347  21.524  -36.725  40.627 0.0000000000
35424  20.656  -37.237  40.007 0.0000000000
38430  19.804  -35.727  40.388 0.0000000000
39397  19.067  -35.074  40.381 0.0000000000
40373  19.333  -34.231  40.513 0.0000000000
40374  18.401  -34.294  39.879 0.0000000000
41342  16.431  -33.269  40.070 0.0000000000
41343  15.554  -33.207  40.430 0.0000000000
35435  7.562  -40.411  40.877 0.0000000000
36386  8.091  -38.496  42.472 0.0000000000
36378  7.469  -38.880  43.541 0.0000000000
36377  7.833  -38.125  43.376 0.0000000000
37384  8.117  -37.250  43.086 0.0000000000
38403  7.364  -35.538  43.630 0.0000000000
40328  7.306  -34.348  44.604 0.0000000000
41291  7.299  -33.473  44.665 0.0000000000
37345  8.403  -36.979  46.636 0.0000000000
38356  8.065  -36.231  46.755 0.0000000000
39314  7.928  -35.736  46.764 0.0000000000
41252  8.946  -33.108  47.615 0.0000000000
40297  7.978  -33.963  47.236 0.0000000000
40298  7.691  -34.309  46.770 0.0000000000
40305  7.515  -33.959  46.222 0.0000000000
41276  7.545  -33.289  45.837 0.0000000000
42300  7.769  -32.427  45.657 0.0000000000
44393  8.109  -30.959  46.359 0.0000000000
45380  9.162  -29.403  47.336 0.0000000000
46227  9.176  -28.050  47.250 0.0000000000
47105  9.419  -27.519  49.069 0.0000000000
47114  9.021  -27.255  48.343 0.0000000000
48067  8.425  -26.300  47.477 0.0000000000
31089  9.512  -42.427  42.233 0.0000000000
31057  9.505  -43.090  43.905 0.0000000000
37405  9.805  -37.306  40.088 0.0000000000
37410  9.421  -37.927  38.380 0.0000000000
38477  11.354  -36.078  33.657 0.0000000000
42360  7.296  -32.765  42.097 0.0000000000
41344  7.270  -33.196  40.909 0.0000000000
40392  7.065  -33.673  39.414 0.0000000000
43451  7.592  -32.065  39.272 0.0000000000
41380  7.437  -33.331  37.926 0.0000000000
39422  8.161  -34.309  37.567 0.0000000000
39432  8.302  -34.322  36.719 0.0000000000
39454  9.883  -34.940  34.641 0.0000000000
39466  10.653  -35.175  33.044 0.0000000000
39480  9.674  -34.876  32.373 0.0000000000
42449  6.594  -32.993  33.928 0.0000000000
41446  6.628  -33.494  31.867 0.0000000000
51130  9.385  -24.292  42.450 0.0000000000
51145  9.665  -23.901  42.003 0.0000000000
50178  8.832  -24.547  41.992 0.0000000000
48128  10.308  -26.125  41.422 0.0000000000
48127  11.084  -26.510  41.037 0.0000000000
46310  13.175  -28.476  40.298 0.0000000000
48149  11.343  -26.336  39.147 0.0000000000
47197  13.168  -27.524  39.442 0.0000000000
45478  13.792  -29.404  38.249 0.0000000000
44497  13.417  -30.554  37.079 0.0000000000
44518  12.935  -30.814  35.449 0.0000000000
43528  11.466  -31.807  33.772 0.0000000000
43570  12.300  -31.166  32.652 0.0000000000
41308  13.547  -33.298  43.238 0.0000000000
42335  13.404  -32.835  43.695 0.0000000000
40346  13.798  -33.764  42.788 0.0000000000
40337  13.587  -34.303  43.197 0.0000000000
37526  11.239  -37.399  31.587 0.0000000000
37545  11.155  -37.480  30.620 0.0000000000
38535  11.111  -36.720  30.261 0.0000000000
39478  11.131  -35.956  31.588 0.0000000000
35381  8.285  -39.770  46.153 0.0000000000
34376  19.880  -37.238  39.189 0.0000000000
34392  19.930  -37.364  38.750 0.0000000000
34377  18.961  -37.199  39.098 0.0000000000
34311  8.522  -39.980  46.227 0.0000000000
34321  8.007  -40.629  45.397 0.0000000000
41302  7.293  -33.494  44.111 0.0000000000
41311  7.280  -33.683  43.539 0.0000000000
42337  7.335  -33.033  43.557 0.0000000000
45459  12.866  -29.601  40.729 0.0000000000
44481  12.644  -31.063  39.071 0.0000000000
44480  13.427  -30.361  38.728 0.0000000000
39308  11.081  -36.297  46.583 0.0000000000
38422  17.731  -35.906  40.049 0.0000000000
38423  16.941  -35.929  40.775 0.0000000000
37365  14.163  -37.622  43.597 0.0000000000
37364  14.460  -37.697  43.213 0.0000000000
36358  14.522  -37.879  43.636 0.0000000000
35383  14.195  -38.257  43.955 0.0000000000
36359  14.239  -38.078  44.202 0.0000000000
35384  13.388  -38.571  44.303 0.0000000000
35379  13.654  -38.235  44.400 0.0000000000
37340  11.597  -37.831  46.550 0.0000000000
37341  11.069  -37.720  46.881 0.0000000000
46237  9.307  -28.078  46.946 0.0000000000
46236  9.544  -28.435  46.605 0.0000000000
47131  9.120  -27.235  46.537 0.0000000000
49143  9.023  -25.415  43.515 0.0000000000
48110  9.166  -25.926  43.848 0.0000000000
48109  9.548  -26.033  43.342 0.0000000000
48108  10.401  -26.601  43.182 0.0000000000
34345  7.269  -41.219  41.158 0.0000000000
40282  10.361  -33.688  47.271 0.0000000000
40283  9.899  -33.655  47.376 0.0000000000
44372  9.888  -30.152  48.615 0.0000000000
43344  8.547  -31.377  47.438 0.0000000000
44379  8.853  -30.385  47.621 0.0000000000
45373  9.570  -29.262  48.672 0.0000000000
32120  10.799  -41.913  44.481 0.0000000000
32121  10.466  -42.290  44.641 0.0000000000
29960  8.558  -43.170  43.340 0.0000000000
33241  7.365  -42.037  41.547 0.0000000000
35416  8.441  -39.093  41.250 0.0000000000
35433  8.674  -38.997  40.892 0.0000000000
36395  8.864  -38.372  41.356 0.0000000000
39420  9.782  -35.462  37.459 0.0000000000
43426  8.308  -31.832  41.663 0.0000000000
43425  9.061  -31.911  41.305 0.0000000000
42429  7.308  -33.039  36.211 0.0000000000
41417  7.024  -33.795  35.312 0.0000000000
42439  6.863  -33.225  35.125 0.0000000000
43552  8.956  -31.948  32.605 0.0000000000
51171  9.351  -23.870  40.008 0.0000000000
50193  9.126  -24.342  39.325 0.0000000000
48186  11.903  -26.373  36.443 0.0000000000
48185  12.812  -26.585  36.329 0.0000000000
48169  13.384  -26.788  36.865 0.0000000000
47231  14.008  -27.251  36.484 0.0000000000
47240  14.458  -27.897  35.928 0.0000000000
47255  14.164  -27.883  35.176 0.0000000000
39341  11.750  -34.796  45.153 0.0000000000
40315  11.822  -34.200  45.014 0.0000000000
43382  13.165  -31.689  44.342 0.0000000000
39400  15.910  -34.653  40.872 0.0000000000
39385  16.396  -35.710  40.939 0.0000000000
39386  15.587  -34.973  41.298 0.0000000000
39361  14.130  -35.449  42.705 0.0000000000
39360  14.690  -36.300  42.437 0.0000000000
38391  14.345  -36.978  42.849 0.0000000000
38382  13.548  -37.163  43.741 0.0000000000
39338  13.635  -36.818  43.477 0.0000000000
39352  12.819  -34.836  44.335 0.0000000000
39340  12.390  -35.226  44.670 0.0000000000
38373  11.704  -36.334  45.523 0.0000000000
49129  8.459  -25.540  46.298 0.0000000000
50150  9.214  -24.674  45.247 0.0000000000
50155  9.789  -24.419  44.730 0.0000000000
50156  9.236  -24.577  44.317 0.0000000000
35391  7.516  -39.693  44.961 0.0000000000
37358  7.627  -37.115  46.239 0.0000000000
43336  10.609  -31.076  48.220 0.0000000000
44367  11.088  -29.909  49.517 0.0000000000
45365  10.734  -29.593  49.663 0.0000000000
45361  10.599  -29.073  49.992 0.0000000000
46206  10.193  -28.483  49.911 0.0000000000
33227  8.336  -41.049  45.515 0.0000000000
33230  8.607  -41.636  45.104 0.0000000000
32118  8.387  -42.131  44.554 0.0000000000
34336  7.608  -40.978  43.156 0.0000000000
39374  7.588  -35.178  42.715 0.0000000000
40361  7.551  -34.557  41.977 0.0000000000
39403  7.903  -35.045  40.220 0.0000000000
40379  7.233  -33.750  40.389 0.0000000000
44473  10.656  -31.720  40.775 0.0000000000
44490  10.675  -31.815  38.455 0.0000000000
44491  9.696  -32.059  38.667 0.0000000000
43459  9.213  -32.060  37.600 0.0000000000
43472  9.446  -32.158  36.794 0.0000000000
44511  10.224  -31.683  36.682 0.0000000000
44521  10.648  -31.929  36.061 0.0000000000
44520  11.386  -31.797  35.709 0.0000000000
43509  10.164  -32.537  34.593 0.0000000000
48201  11.391  -25.941  35.713 0.0000000000
48220  12.240  -26.174  34.811 0.0000000000
35371  9.394  -38.786  46.557 0.0000000000
36343  9.336  -38.134  46.499 0.0000000000
40285  10.641  -34.200  47.226 0.0000000000
41249  10.891  -32.587  46.753 0.0000000000
42280  10.988  -31.985  46.914 0.0000000000
42275  11.073  -31.557  47.103 0.0000000000
43334  11.228  -31.081  47.621 0.0000000000
36408  19.754  -36.810  40.077 0.0000000000
36400  19.069  -36.357  39.700 0.0000000000
36393  16.760  -36.424  40.343 0.0000000000
35411  16.936  -36.891  40.078 0.0000000000
35412  16.383  -37.052  40.823 0.0000000000
38412  15.687  -36.415  41.718 0.0000000000
38411  16.468  -35.990  41.297 0.0000000000
37391  15.599  -36.836  42.152 0.0000000000
35387  15.508  -37.687  42.607 0.0000000000
36376  15.615  -37.294  42.366 0.0000000000
34329  15.718  -38.055  42.330 0.0000000000
34338  15.828  -37.948  41.878 0.0000000000
34331  14.440  -38.506  42.604 0.0000000000
34332  13.633  -38.881  42.771 0.0000000000
34320  12.308  -39.488  44.777 0.0000000000
33228  11.751  -39.901  45.317 0.0000000000
33229  11.462  -40.441  45.145 0.0000000000
38371  12.646  -37.545  44.614 0.0000000000
36345  12.509  -38.327  44.909 0.0000000000
37347  12.375  -38.109  45.076 0.0000000000
35367  11.561  -38.879  46.630 0.0000000000
35374  11.586  -39.105  46.184 0.0000000000
34306  11.314  -39.448  46.006 0.0000000000
33216  11.250  -39.878  45.843 0.0000000000
34307  11.084  -39.614  46.164 0.0000000000
33218  10.825  -40.210  46.016 0.0000000000
34301  10.803  -39.308  46.519 0.0000000000
35370  9.835  -39.007  46.614 0.0000000000
44401  8.169  -30.996  45.830 0.0000000000
44416  8.243  -31.521  45.408 0.0000000000
45403  9.444  -30.014  45.458 0.0000000000
44414  9.339  -30.775  45.054 0.0000000000
44433  9.760  -31.253  44.082 0.0000000000
47142  8.992  -26.592  45.666 0.0000000000
47141  9.593  -27.121  45.636 0.0000000000
47149  10.483  -27.493  45.114 0.0000000000
45419  11.046  -29.636  44.053 0.0000000000
45418  11.423  -29.484  43.249 0.0000000000
46262  11.468  -28.652  43.287 0.0000000000
47169  11.745  -27.780  42.654 0.0000000000
46280  11.859  -28.597  42.724 0.0000000000
47168  12.144  -28.059  42.316 0.0000000000
47177  12.293  -27.884  41.880 0.0000000000
43411  15.175  -31.335  41.343 0.0000000000
43412  14.614  -31.566  42.118 0.0000000000
44445  15.181  -30.113  41.430 0.0000000000
35438  22.182  -36.618  39.614 0.0000000000
35457  22.087  -36.604  39.199 0.0000000000
34390  21.949  -37.155  39.449 0.0000000000
34361  21.390  -37.119  40.072 0.0000000000
36374  22.429  -35.494  42.980 0.0000000000
36373  22.949  -35.649  43.399 0.0000000000
36382  22.760  -35.800  42.293 0.0000000000
36390  22.795  -36.007  41.782 0.0000000000
35400  22.337  -36.181  41.920 0.0000000000
35410  21.125  -36.881  40.584 0.0000000000
34348  21.150  -37.149  40.172 0.0000000000
36392  20.977  -36.635  40.494 0.0000000000
41339  19.433  -33.440  40.872 0.0000000000
41340  19.019  -33.522  40.060 0.0000000000
40389  17.867  -33.797  39.659 0.0000000000
40375  17.153  -34.111  39.910 0.0000000000
41341  17.290  -33.182  39.734 0.0000000000
43423  15.755  -31.597  40.476 0.0000000000
42368  15.962  -32.448  40.159 0.0000000000
42358  15.291  -32.345  40.769 0.0000000000
33257  6.373  -41.910  39.460 0.0000000000
33250  6.481  -41.636  39.870 0.0000000000
35418  7.534  -40.540  41.739 0.0000000000
35417  8.047  -39.569  41.607 0.0000000000
37376  7.585  -36.935  44.517 0.0000000000
37375  7.754  -37.114  43.810 0.0000000000
38402  7.570  -36.131  43.399 0.0000000000
38394  7.314  -35.806  44.102 0.0000000000
39353  7.311  -34.870  44.351 0.0000000000
40317  7.290  -34.072  44.436 0.0000000000
40316  7.271  -34.077  44.870 0.0000000000
37344  9.126  -37.072  46.669 0.0000000000
38355  8.322  -36.151  46.898 0.0000000000
39313  8.177  -35.406  46.995 0.0000000000
41248  9.619  -32.939  47.486 0.0000000000
42279  9.416  -31.853  47.741 0.0000000000
41253  8.322  -33.179  47.392 0.0000000000
40299  7.518  -34.595  46.221 0.0000000000
42284  8.156  -32.061  46.796 0.0000000000
42291  7.893  -32.404  46.343 0.0000000000
43358  8.016  -31.648  46.050 0.0000000000
44387  8.318  -30.829  46.862 0.0000000000
45381  8.639  -30.235  46.929 0.0000000000
45379  9.271  -29.154  47.174 0.0000000000
34378  17.704  -37.095  39.344 0.0000000000
32126  10.389  -42.378  43.145 0.0000000000
31053  9.901  -42.762  44.684 0.0000000000
33258  6.094  -42.156  39.752 0.0000000000
35450  8.274  -39.269  38.820 0.0000000000
35468  8.031  -39.910  38.166 0.0000000000
35467  8.521  -39.065  38.310 0.0000000000
35477  8.576  -39.196  37.463 0.0000000000
38433  9.546  -36.463  40.650 0.0000000000
37399  9.565  -37.353  40.807 0.0000000000
37419  9.890  -37.304  38.066 0.0000000000
37420  9.523  -37.858  37.641 0.0000000000
36446  9.336  -38.300  36.938 0.0000000000
36445  9.925  -37.787  36.615 0.0000000000
38448  10.567  -36.200  36.100 0.0000000000
37448  10.631  -36.628  35.728 0.0000000000
38462  10.864  -36.162  35.272 0.0000000000
38478  11.004  -36.531  34.480 0.0000000000
43416  7.872  -32.338  43.174 0.0000000000
42350  7.555  -32.663  42.928 0.0000000000
43427  7.878  -31.999  41.943 0.0000000000
43446  7.330  -32.263  40.720 0.0000000000
43440  7.434  -32.384  41.524 0.0000000000
42375  7.057  -32.641  40.328 0.0000000000
41355  6.876  -33.167  39.854 0.0000000000
44485  8.569  -31.917  39.578 0.0000000000
43444  8.031  -31.741  39.660 0.0000000000
41396  7.761  -33.420  36.826 0.0000000000
42393  7.225  -32.840  38.255 0.0000000000
40405  7.533  -33.910  37.837 0.0000000000
39415  7.653  -33.950  38.014 0.0000000000
39423  7.936  -34.011  37.527 0.0000000000
39433  7.806  -34.062  36.669 0.0000000000
39456  8.082  -34.692  35.019 0.0000000000
39455  8.986  -34.881  34.882 0.0000000000
39468  8.978  -34.848  34.000 0.0000000000
39467  9.844  -34.830  33.557 0.0000000000
39481  8.709  -34.641  32.933 0.0000000000
40443  7.317  -34.099  33.495 0.0000000000
43511  7.957  -32.467  34.626 0.0000000000
43554  7.016  -32.038  32.118 0.0000000000
42460  6.678  -32.811  32.690 0.0000000000
41456  6.436  -33.358  30.674 0.0000000000
51159  9.694  -23.689  41.080 0.0000000000
51146  8.952  -23.936  41.713 0.0000000000
49163  8.862  -25.068  41.673 0.0000000000
49162  9.505  -25.558  41.333 0.0000000000
48139  10.321  -25.974  40.400 0.0000000000
47188  11.738  -26.846  40.671 0.0000000000
47187  12.489  -27.538  40.763 0.0000000000
48137  12.155  -26.673  39.885 0.0000000000
48172  10.673  -26.211  37.493 0.0000000000
49186  9.536  -25.366  38.159 0.0000000000
48161  9.782  -25.951  38.835 0.0000000000
48160  10.524  -26.312  38.470 0.0000000000
47206  13.126  -27.043  38.320 0.0000000000
47205  13.563  -27.771  38.608 0.0000000000
47196  13.517  -27.871  39.063 0.0000000000
46333  13.789  -28.383  38.165 0.0000000000
45483  13.858  -29.938  37.190 0.0000000000
45499  13.798  -29.877  35.307 0.0000000000
45500  13.474  -30.454  35.616 0.0000000000
44530  12.887  -30.648  34.645 0.0000000000
44531  12.233  -30.966  34.782 0.0000000000
43527  12.150  -31.062  33.888 0.0000000000
46382  13.907  -28.435  33.866 0.0000000000
40327  13.011  -34.286  44.148 0.0000000000
42323  13.198  -32.380  44.257 0.0000000000
42322  13.348  -31.876  44.079 0.0000000000
40360  15.172  -34.084  41.328 0.0000000000
39387  15.034  -34.581  41.795 0.0000000000
40336  14.202  -34.768  42.537 0.0000000000
40326  13.406  -34.764  43.632 0.0000000000
39504  10.558  -36.016  30.093 0.0000000000
39505  9.722  -35.698  30.250 0.0000000000
35390  7.792  -40.224  45.228 0.0000000000
36360  7.733  -39.136  45.869 0.0000000000
36354  7.883  -37.861  46.443 0.0000000000
33219  9.235  -40.284  46.341 0.0000000000
33220  8.983  -40.523  46.232 0.0000000000
34316  8.729  -40.500  46.155 0.0000000000
39365  7.252  -34.226  43.171 0.0000000000
39375  7.322  -34.396  42.779 0.0000000000
41331  7.362  -33.350  42.586 0.0000000000
41330  7.303  -33.234  42.056 0.0000000000
45460  11.951  -30.246  40.999 0.0000000000
44472  11.390  -31.205  40.393 0.0000000000
44500  10.831  -31.631  37.443 0.0000000000
43449  11.992  -31.870  37.519 0.0000000000
43457  12.731  -31.398  37.287 0.0000000000
37342  10.480  -37.575  46.698 0.0000000000
43350  11.665  -30.949  46.367 0.0000000000
44377  11.871  -29.857  47.356 0.0000000000
37403  18.451  -36.053  39.905 0.0000000000
37397  17.555  -36.041  40.280 0.0000000000
37383  15.357  -36.917  42.402 0.0000000000
37373  14.653  -37.388  42.824 0.0000000000
34322  14.707  -38.225  42.999 0.0000000000
34312  12.638  -39.038  44.848 0.0000000000
34304  12.242  -39.040  45.364 0.0000000000
38361  12.016  -37.638  45.442 0.0000000000
37348  12.049  -38.127  45.694 0.0000000000
37349  11.788  -37.815  46.010 0.0000000000
36339  11.815  -38.438  46.545 0.0000000000
35368  10.914  -39.016  46.879 0.0000000000
36341  10.775  -38.358  46.888 0.0000000000
45387  8.842  -29.894  46.662 0.0000000000
44400  8.738  -30.451  45.650 0.0000000000
45395  9.374  -29.538  46.013 0.0000000000
45394  9.918  -29.326  45.725 0.0000000000
48093  9.192  -26.450  44.979 0.0000000000
48101  9.424  -26.301  44.242 0.0000000000
47160  11.108  -27.657  43.746 0.0000000000
47170  11.045  -26.948  42.835 0.0000000000
48120  10.414  -26.445  42.344 0.0000000000
34359  22.245  -36.217  40.610 0.0000000000
37395  21.186  -35.974  41.036 0.0000000000
39382  20.363  -34.927  41.460 0.0000000000
42366  18.018  -32.331  39.681 0.0000000000
34372  6.721  -41.426  40.446 0.0000000000
39311  9.421  -35.341  47.324 0.0000000000
42283  8.252  -32.297  47.176 0.0000000000
43345  8.302  -31.472  47.038 0.0000000000
34379  16.544  -37.441  39.775 0.0000000000
34380  16.071  -37.611  39.868 0.0000000000
33234  11.197  -41.385  43.817 0.0000000000
31065  10.579  -42.443  44.145 0.0000000000
31066  10.208  -42.770  43.649 0.0000000000
33240  7.601  -41.759  42.470 0.0000000000
32128  7.441  -42.289  41.637 0.0000000000
33247  6.448  -41.980  40.786 0.0000000000
36404  8.417  -39.133  39.690 0.0000000000
39406  9.249  -35.765  40.006 0.0000000000
38441  9.887  -36.431  38.438 0.0000000000
38445  10.200  -36.540  37.520 0.0000000000
38449  10.360  -36.673  36.787 0.0000000000
39419  10.087  -35.453  36.771 0.0000000000
39430  9.706  -35.069  36.431 0.0000000000
43415  8.344  -32.005  42.751 0.0000000000
43445  7.619  -31.879  40.181 0.0000000000
43460  8.647  -32.177  38.135 0.0000000000
43461  7.906  -32.242  38.405 0.0000000000
42412  7.757  -33.089  37.364 0.0000000000
39445  7.681  -34.419  35.999 0.0000000000
40418  7.185  -34.139  35.996 0.0000000000
40426  7.411  -34.284  35.125 0.0000000000
40425  7.619  -34.459  34.616 0.0000000000
39482  8.280  -34.649  33.663 0.0000000000
41435  6.885  -33.563  33.091 0.0000000000
43531  8.422  -32.234  33.529 0.0000000000
51172  8.685  -23.988  40.467 0.0000000000
49171  8.871  -25.057  40.767 0.0000000000
49179  9.037  -25.056  40.153 0.0000000000
48140  9.869  -25.715  40.203 0.0000000000
48151  9.835  -25.756  39.764 0.0000000000
48159  11.441  -26.348  38.175 0.0000000000
47218  13.115  -26.773  37.543 0.0000000000
46344  14.230  -28.103  37.110 0.0000000000
46356  14.146  -29.400  36.694 0.0000000000
46355  14.333  -28.577  36.541 0.0000000000
46363  14.394  -28.685  35.791 0.0000000000
39321  11.308  -35.787  46.123 0.0000000000
40304  11.414  -34.340  45.546 0.0000000000
41275  11.560  -33.627  45.433 0.0000000000
41288  12.121  -33.382  45.017 0.0000000000
42299  11.884  -32.058  45.712 0.0000000000
39398  17.615  -35.228  40.101 0.0000000000
39384  17.105  -35.845  40.556 0.0000000000
39371  15.929  -36.097  41.418 0.0000000000
38413  14.964  -36.136  42.093 0.0000000000
38401  14.918  -36.654  42.453 0.0000000000
38381  13.896  -37.255  43.397 0.0000000000
37366  13.801  -37.484  43.869 0.0000000000
37356  13.722  -37.778  44.276 0.0000000000
38370  13.382  -37.625  44.207 0.0000000000
39339  13.057  -36.446  43.990 0.0000000000
39330  12.552  -36.912  44.506 0.0000000000
38372  12.020  -37.024  45.100 0.0000000000
48075  8.360  -26.348  46.760 0.0000000000
49133  8.663  -25.489  45.456 0.0000000000
50145  9.190  -24.618  46.151 0.0000000000
49138  8.753  -25.417  44.532 0.0000000000
42277  10.471  -31.918  47.380 0.0000000000
32110  10.292  -41.166  45.447 0.0000000000
32116  9.517  -42.348  44.990 0.0000000000
32112  9.074  -41.826  45.242 0.0000000000
32122  8.437  -42.660  44.179 0.0000000000
31060  7.840  -42.791  43.281 0.0000000000
33236  7.572  -41.955  43.090 0.0000000000
33239  7.598  -41.523  43.294 0.0000000000
37393  8.525  -37.424  42.430 0.0000000000
37392  8.899  -37.457  41.887 0.0000000000
38414  8.815  -36.872  42.198 0.0000000000
38427  8.508  -35.926  41.776 0.0000000000
39388  8.584  -35.813  41.425 0.0000000000
39402  8.723  -35.658  40.750 0.0000000000
39408  7.788  -34.778  39.134 0.0000000000
43424  9.912  -32.023  41.106 0.0000000000
43443  9.677  -32.285  39.903 0.0000000000
44484  9.241  -32.151  39.489 0.0000000000
44483  10.380  -32.163  39.669 0.0000000000
44492  8.914  -32.049  38.833 0.0000000000
42410  8.283  -33.129  37.022 0.0000000000
42428  7.965  -32.931  36.365 0.0000000000
43490  7.575  -32.713  35.523 0.0000000000
43489  8.722  -33.019  35.881 0.0000000000
43529  10.518  -32.214  33.678 0.0000000000
48200  12.422  -26.443  35.691 0.0000000000
47241  13.784  -27.240  35.579 0.0000000000
48243  12.569  -25.990  33.789 0.0000000000
37508  11.067  -37.438  32.316 0.0000000000
36348  8.515  -38.156  46.494 0.0000000000
38353  9.579  -36.348  46.994 0.0000000000
41261  11.071  -32.630  46.484 0.0000000000
41250  10.853  -33.209  46.787 0.0000000000
41251  10.672  -33.391  47.052 0.0000000000
41246  10.491  -33.145  47.107 0.0000000000
36401  17.773  -36.250  39.659 0.0000000000
34349  16.653  -37.072  40.435 0.0000000000
34351  15.447  -38.037  41.131 0.0000000000
36384  16.431  -37.190  41.147 0.0000000000
37382  15.857  -36.885  41.942 0.0000000000
36375  15.877  -37.087  41.858 0.0000000000
35392  16.044  -37.076  41.488 0.0000000000
35402  16.026  -37.295  41.378 0.0000000000
32113  11.050  -40.681  45.319 0.0000000000
36352  13.121  -38.210  44.531 0.0000000000
35372  12.382  -38.632  45.138 0.0000000000
36346  12.125  -38.525  45.604 0.0000000000
34305  11.646  -39.364  45.774 0.0000000000
33221  11.519  -39.764  45.633 0.0000000000
32109  10.804  -40.775  45.409 0.0000000000
34314  10.583  -40.189  46.146 0.0000000000
34315  10.229  -40.206  46.224 0.0000000000
34302  10.241  -39.410  46.563 0.0000000000
34309  9.730  -39.863  46.487 0.0000000000
35376  9.710  -39.423  46.575 0.0000000000
35377  9.213  -39.215  46.558 0.0000000000
42312  7.673  -32.433  45.030 0.0000000000
42324  7.632  -32.579  44.385 0.0000000000
43385  8.101  -31.961  44.746 0.0000000000
43384  8.738  -31.617  44.508 0.0000000000
43398  9.033  -31.772  43.568 0.0000000000
43397  9.852  -31.514  43.068 0.0000000000
47129  9.843  -27.929  46.125 0.0000000000
46244  10.181  -28.706  45.756 0.0000000000
44432  10.534  -30.770  43.605 0.0000000000
44448  10.601  -31.035  42.614 0.0000000000
44447  11.225  -30.463  42.153 0.0000000000
45450  11.642  -29.996  41.710 0.0000000000
45436  12.046  -29.094  42.141 0.0000000000
42349  14.231  -32.293  42.422 0.0000000000
44446  14.635  -30.664  42.107 0.0000000000
35408  22.460  -36.191  41.227 0.0000000000
34360  21.748  -36.315  40.620 0.0000000000
35409  21.989  -36.569  41.389 0.0000000000
34362  20.346  -36.918  39.110 0.0000000000
37396  20.548  -36.245  40.437 0.0000000000
37402  19.698  -36.405  40.095 0.0000000000
40357  20.231  -34.476  42.091 0.0000000000
39383  19.780  -34.735  40.852 0.0000000000
40376  15.938  -34.092  40.591 0.0000000000
40377  15.360  -33.686  40.796 0.0000000000
41329  14.975  -33.179  41.028 0.0000000000
41318  14.513  -33.226  41.837 0.0000000000
34371  6.933  -41.113  40.167 0.0000000000
36396  8.348  -38.736  41.739 0.0000000000
35404  7.554  -39.933  42.621 0.0000000000
36387  7.606  -38.990  42.869 0.0000000000
39363  7.434  -35.409  43.353 0.0000000000
39354  7.301  -34.400  43.722 0.0000000000
40329  7.289  -34.156  44.049 0.0000000000
41292  7.279  -33.843  44.438 0.0000000000
36349  8.056  -37.542  46.540 0.0000000000
37346  8.144  -36.581  46.690 0.0000000000
39323  7.661  -35.330  46.476 0.0000000000
40289  7.995  -34.663  47.083 0.0000000000
39322  7.912  -35.138  46.825 0.0000000000
41264  7.670  -33.308  46.554 0.0000000000
41277  7.345  -33.640  45.224 0.0000000000
41290  7.425  -33.026  45.194 0.0000000000
42313  7.405  -32.910  44.692 0.0000000000
45397  8.182  -30.627  46.232 0.0000000000
45388  8.346  -30.460  46.532 0.0000000000
46217  9.213  -28.282  48.570 0.0000000000
47115  8.805  -26.951  47.768 0.0000000000
43396  14.067  -31.125  42.973 0.0000000000
34394  18.382  -37.129  38.871 0.0000000000
35461  17.887  -37.119  38.760 0.0000000000
35442  17.112  -37.258  39.253 0.0000000000
31052  10.172  -42.567  44.715 0.0000000000
31056  10.320  -42.587  44.445 0.0000000000
31067  9.355  -42.958  43.197 0.0000000000
34382  7.574  -40.270  38.683 0.0000000000
36394  9.346  -38.021  40.915 0.0000000000
36413  9.515  -38.072  39.811 0.0000000000
37409  9.746  -37.478  39.069 0.0000000000
36430  8.946  -38.407  37.970 0.0000000000
37449  10.340  -37.211  36.168 0.0000000000
38492  11.281  -36.531  33.056 0.0000000000
42336  7.560  -32.690  43.682 0.0000000000
41320  7.160  -32.908  42.659 0.0000000000
42369  7.281  -32.738  41.261 0.0000000000
40400  7.475  -34.356  38.854 0.0000000000
42380  7.036  -32.564  39.263 0.0000000000
42379  7.424  -32.442  38.605 0.0000000000
41367  6.955  -33.237  38.814 0.0000000000
39414  7.760  -34.310  38.290 0.0000000000
39431  9.022  -34.670  36.677 0.0000000000
39442  9.762  -35.026  35.570 0.0000000000
39444  8.258  -34.545  35.925 0.0000000000
39443  8.990  -34.682  35.738 0.0000000000
39453  10.884  -35.410  34.258 0.0000000000
39452  11.130  -35.558  33.428 0.0000000000
39465  11.242  -35.807  32.698 0.0000000000
39479  10.517  -35.357  31.961 0.0000000000
39491  9.665  -35.067  31.158 0.0000000000
50165  9.774  -24.334  43.892 0.0000000000
50166  9.434  -24.536  43.355 0.0000000000
50167  9.138  -24.748  42.802 0.0000000000
51131  9.048  -24.365  42.190 0.0000000000
49153  9.032  -25.111  42.533 0.0000000000
49152  9.414  -25.596  42.346 0.0000000000
48129  9.868  -25.999  42.006 0.0000000000
49161  9.901  -25.735  40.791 0.0000000000
47178  11.736  -27.226  41.512 0.0000000000
45458  13.398  -29.293  40.021 0.0000000000
48150  10.453  -26.169  39.449 0.0000000000
48148  12.343  -26.552  38.830 0.0000000000
46321  13.445  -28.266  39.657 0.0000000000
45469  13.598  -29.410  39.282 0.0000000000
44498  13.098  -30.964  37.251 0.0000000000
44508  13.009  -30.957  36.452 0.0000000000
45489  13.749  -30.196  36.250 0.0000000000
45490  13.332  -30.665  35.946 0.0000000000
44519  12.240  -31.314  35.624 0.0000000000
44532  11.751  -31.485  35.045 0.0000000000
46375  14.103  -28.408  34.684 0.0000000000
45510  13.937  -29.289  34.449 0.0000000000
44544  12.833  -30.551  33.776 0.0000000000
43549  11.894  -31.521  33.121 0.0000000000
44562  9.525  -31.579  31.918 0.0000000000
32108  11.068  -40.514  45.482 0.0000000000
33223  11.005  -40.407  45.700 0.0000000000
34318  13.856  -38.521  43.726 0.0000000000
34346  22.030  -36.851  41.246 0.0000000000
34373  22.120  -36.124  40.310 0.0000000000
35366  11.856  -38.763  46.219 0.0000000000
35388  15.041  -38.023  42.964 0.0000000000
35394  15.545  -38.286  42.670 0.0000000000
35422  22.151  -35.981  41.028 0.0000000000
36350  14.308  -37.845  44.071 0.0000000000
36351  13.955  -37.975  44.428 0.0000000000
36357  14.836  -37.806  42.980 0.0000000000
36367  15.082  -37.884  43.192 0.0000000000
36402  9.505  -37.922  40.417 0.0000000000
36415  8.325  -39.169  39.225 0.0000000000
36527  10.997  -38.002  31.190 0.0000000000
37339  11.960  -38.061  46.121 0.0000000000
37350  8.192  -37.342  46.560 0.0000000000
37400  9.288  -37.441  41.370 0.0000000000
37408  19.407  -36.439  39.878 0.0000000000
37435  9.615  -37.865  37.258 0.0000000000
37546  10.944  -37.939  30.401 0.0000000000
38390  14.823  -37.109  42.654 0.0000000000
38426  9.064  -36.410  41.573 0.0000000000
38434  9.207  -36.033  40.966 0.0000000000
38520  11.405  -36.691  31.135 0.0000000000
38536  10.862  -36.384  30.031 0.0000000000
38554  10.604  -36.686  29.687 0.0000000000
39376  7.292  -34.024  42.595 0.0000000000
39391  7.412  -33.951  41.981 0.0000000000
39429  10.241  -35.480  36.214 0.0000000000
39489  11.101  -36.091  30.662 0.0000000000
39503  10.974  -36.255  30.233 0.0000000000
39521  10.241  -36.273  29.730 0.0000000000
40347  7.431  -34.597  42.559 0.0000000000
40348  7.367  -34.202  42.319 0.0000000000
40349  7.264  -33.812  42.835 0.0000000000
40363  7.398  -33.861  42.223 0.0000000000
40390  17.549  -33.603  39.721 0.0000000000
40401  7.331  -33.874  38.535 0.0000000000
40432  7.782  -34.510  34.052 0.0000000000
41245  10.584  -32.969  46.935 0.0000000000
41303  7.288  -33.823  44.079 0.0000000000
41309  13.292  -33.337  43.793 0.0000000000
41310  7.297  -33.504  43.729 0.0000000000
41321  7.342  -33.268  42.949 0.0000000000
41353  18.386  -33.490  39.653 0.0000000000
41354  17.890  -33.239  39.583 0.0000000000
42338  7.303  -33.329  43.377 0.0000000000
42351  7.310  -32.970  42.791 0.0000000000
42359  7.445  -32.621  42.364 0.0000000000
42367  16.831  -32.447  39.865 0.0000000000
42391  8.179  -32.642  37.634 0.0000000000
43428  7.433  -32.483  41.988 0.0000000000
43436  9.959  -32.256  40.307 0.0000000000
43437  9.148  -32.093  40.275 0.0000000000
43448  12.390  -31.687  37.624 0.0000000000
43458  12.267  -31.791  37.122 0.0000000000
43470  12.850  -31.157  36.958 0.0000000000
43471  12.607  -31.416  36.837 0.0000000000
43473  8.779  -32.630  37.138 0.0000000000
43507  11.758  -31.464  34.438 0.0000000000
43526  12.445  -30.829  33.652 0.0000000000
43548  12.399  -30.938  33.301 0.0000000000
44474  8.837  -32.013  39.799 0.0000000000
44487  13.508  -30.449  37.760 0.0000000000
44499  11.595  -31.829  37.194 0.0000000000
44507  13.540  -30.443  36.752 0.0000000000
44517  13.339  -30.439  35.102 0.0000000000
44545  12.513  -30.793  34.272 0.0000000000
45498  14.218  -29.108  35.268 0.0000000000
45509  14.183  -28.827  34.905 0.0000000000
46226  9.324  -28.732  47.113 0.0000000000
46235  9.841  -28.228  46.167 0.0000000000
46279  12.156  -28.583  42.206 0.0000000000
46309  13.543  -28.761  39.704 0.0000000000
46320  13.638  -28.406  39.050 0.0000000000
47130  9.679  -27.758  46.225 0.0000000000
47216  14.163  -27.818  37.146 0.0000000000
47217  13.877  -27.586  37.489 0.0000000000
48170  12.508  -26.575  37.050 0.0000000000
48184  13.482  -26.841  36.189 0.0000000000
49170  9.496  -25.457  40.351 0.0000000000
