#!ascii label  , from subject demencia vox2ras=TkReg
1458
27906  13.124  -46.907  37.870 0.0000000000
52385  45.537  -22.538  15.953 0.0000000000
38527  28.894  -37.836  29.762 0.0000000000
41430  37.977  -34.606  32.017 0.0000000000
33392  22.244  -41.442  29.645 0.0000000000
31134  20.292  -43.786  38.754 0.0000000000
60855  49.978  -13.553  14.253 0.0000000000
56273  51.033  -18.653  20.329 0.0000000000
49335  38.096  -27.715  25.563 0.0000000000
66856  51.326  -7.718  6.419 0.0000000000
35499  28.563  -40.049  34.716 0.0000000000
31117  16.065  -44.114  38.890 0.0000000000
61862  48.271  -12.764  19.027 0.0000000000
59810  45.380  -14.689  16.452 0.0000000000
49451  46.490  -26.191  20.242 0.0000000000
49425  50.966  -25.573  21.161 0.0000000000
48455  42.236  -27.015  19.898 0.0000000000
41504  34.059  -33.908  26.274 0.0000000000
39515  33.442  -36.732  29.164 0.0000000000
32200  26.182  -42.481  34.714 0.0000000000
31108  24.822  -44.353  39.103 0.0000000000
32221  21.277  -42.809  34.714 0.0000000000
32225  16.923  -42.667  34.263 0.0000000000
36535  26.182  -39.022  30.331 0.0000000000
62967  54.711  -11.318  15.220 0.0000000000
63957  53.000  -11.294  21.538 0.0000000000
53368  48.783  -20.989  17.998 0.0000000000
47358  41.795  -28.205  26.498 0.0000000000
43613  38.884  -31.339  28.052 0.0000000000
63027  52.115  -11.694  8.901 0.0000000000
64962  55.701  -9.101  9.812 0.0000000000
67768  57.741  -6.774  7.281 0.0000000000
34389  29.100  -41.474  37.203 0.0000000000
30028  14.385  -45.176  38.112 0.0000000000
29988  15.598  -44.762  41.171 0.0000000000
28936  13.926  -46.432  41.125 0.0000000000
61911  45.364  -13.548  15.512 0.0000000000
49383  46.914  -25.727  23.318 0.0000000000
49381  49.102  -26.294  23.595 0.0000000000
25575  9.375  -49.578  40.584 0.0000000000
49524  42.779  -26.520  16.424 0.0000000000
39550  28.345  -36.705  27.235 0.0000000000
39549  31.175  -36.449  27.068 0.0000000000
37552  31.183  -38.011  29.489 0.0000000000
32240  24.795  -42.830  32.709 0.0000000000
32219  23.758  -43.336  34.059 0.0000000000
33329  21.500  -42.219  32.292 0.0000000000
33369  24.401  -41.208  29.630 0.0000000000
33307  25.886  -41.293  32.687 0.0000000000
31110  22.625  -44.115  39.246 0.0000000000
61922  52.877  -12.894  14.996 0.0000000000
63986  54.074  -10.927  18.071 0.0000000000
62944  51.606  -11.377  17.925 0.0000000000
58886  49.388  -15.904  20.239 0.0000000000
59778  50.479  -14.594  21.798 0.0000000000
55378  44.155  -19.636  14.891 0.0000000000
56312  45.981  -18.611  15.776 0.0000000000
53384  47.073  -21.534  17.148 0.0000000000
49390  37.918  -27.880  23.150 0.0000000000
48377  40.036  -28.019  23.103 0.0000000000
49332  39.699  -27.264  26.009 0.0000000000
40474  36.445  -34.414  28.644 0.0000000000
42527  36.887  -32.735  26.759 0.0000000000
41449  39.069  -33.319  30.279 0.0000000000
61956  48.376  -12.664  12.024 0.0000000000
63030  49.187  -11.434  9.506 0.0000000000
61966  51.173  -12.864  11.572 0.0000000000
62994  53.711  -11.904  12.136 0.0000000000
69578  55.577  -5.035  6.209 0.0000000000
67795  54.763  -6.939  6.026 0.0000000000
66822  57.248  -7.805  8.575 0.0000000000
65006  53.753  -9.410  6.604 0.0000000000
36506  28.271  -38.429  32.352 0.0000000000
36519  30.610  -39.263  31.661 0.0000000000
35511  31.518  -39.475  34.379 0.0000000000
31137  17.633  -43.523  38.439 0.0000000000
31073  19.657  -44.505  41.929 0.0000000000
31075  17.855  -44.367  41.936 0.0000000000
60870  47.539  -13.661  13.504 0.0000000000
61891  49.512  -13.004  16.978 0.0000000000
60824  46.867  -12.930  16.114 0.0000000000
60803  46.810  -13.407  17.921 0.0000000000
57163  48.134  -17.092  18.880 0.0000000000
49511  46.125  -25.570  17.172 0.0000000000
50403  48.561  -24.634  17.711 0.0000000000
48411  48.851  -26.466  21.082 0.0000000000
46476  36.785  -29.109  23.044 0.0000000000
42441  40.261  -33.167  33.492 0.0000000000
26782  11.449  -47.722  37.343 0.0000000000
26730  12.936  -47.876  40.599 0.0000000000
25581  10.662  -48.884  40.101 0.0000000000
51407  43.805  -23.139  14.936 0.0000000000
49523  43.865  -25.662  16.235 0.0000000000
49453  44.616  -26.241  20.571 0.0000000000
49385  44.991  -26.241  23.237 0.0000000000
40528  31.752  -34.923  25.200 0.0000000000
40476  33.713  -35.385  28.139 0.0000000000
39512  35.654  -35.513  30.015 0.0000000000
37513  33.774  -38.327  31.834 0.0000000000
38509  35.482  -36.918  32.189 0.0000000000
32155  27.479  -43.130  37.320 0.0000000000
31106  27.121  -44.066  38.712 0.0000000000
30035  25.502  -44.077  37.069 0.0000000000
31165  22.684  -43.475  36.793 0.0000000000
32185  21.189  -43.237  36.854 0.0000000000
33331  19.109  -42.271  31.967 0.0000000000
32223  18.916  -42.518  34.463 0.0000000000
32187  18.906  -43.115  36.320 0.0000000000
32173  16.494  -43.164  36.487 0.0000000000
31168  15.005  -44.063  36.058 0.0000000000
29031  13.017  -45.432  35.370 0.0000000000
39535  26.916  -36.565  27.605 0.0000000000
38569  26.194  -37.619  27.571 0.0000000000
38513  27.070  -37.858  30.677 0.0000000000
36493  27.041  -39.012  32.891 0.0000000000
33290  27.861  -41.474  35.330 0.0000000000
61858  54.109  -12.509  20.198 0.0000000000
62908  50.431  -11.962  20.362 0.0000000000
58923  44.697  -15.911  15.148 0.0000000000
57187  47.058  -17.514  17.144 0.0000000000
54400  50.030  -20.035  19.093 0.0000000000
51374  50.350  -23.217  18.495 0.0000000000
52354  51.651  -22.202  20.192 0.0000000000
48437  40.120  -27.708  20.373 0.0000000000
47413  42.224  -27.978  23.044 0.0000000000
47354  44.804  -27.233  26.068 0.0000000000
44684  36.846  -31.162  25.024 0.0000000000
46442  38.619  -29.142  26.873 0.0000000000
43560  40.094  -31.560  31.347 0.0000000000
45529  40.122  -29.375  30.103 0.0000000000
48299  39.576  -27.482  28.038 0.0000000000
48297  41.711  -27.407  29.057 0.0000000000
48283  44.859  -27.639  29.413 0.0000000000
64993  51.314  -9.941  6.786 0.0000000000
64048  54.309  -10.722  9.253 0.0000000000
64024  55.750  -10.112  12.595 0.0000000000
33261  29.579  -42.075  37.620 0.0000000000
30029  13.909  -45.780  37.595 0.0000000000
30002  14.131  -45.676  39.367 0.0000000000
28963  13.722  -46.233  39.092 0.0000000000
49365  46.548  -25.929  24.357 0.0000000000
49364  47.754  -25.550  24.692 0.0000000000
25584  7.686  -48.919  39.662 0.0000000000
38567  28.287  -37.136  28.494 0.0000000000
38565  30.285  -37.402  28.378 0.0000000000
38545  29.603  -37.633  29.230 0.0000000000
33349  23.653  -42.150  30.937 0.0000000000
33328  22.507  -42.302  31.674 0.0000000000
33350  22.512  -42.087  30.825 0.0000000000
34488  23.693  -40.857  28.577 0.0000000000
33370  23.719  -41.718  29.953 0.0000000000
32282  24.373  -42.069  31.276 0.0000000000
31133  21.188  -43.768  38.742 0.0000000000
31094  21.011  -44.009  40.541 0.0000000000
61923  51.743  -13.064  14.778 0.0000000000
61906  52.024  -12.442  16.126 0.0000000000
61907  50.654  -13.213  15.783 0.0000000000
57151  49.557  -17.333  20.347 0.0000000000
57150  50.148  -17.196  21.114 0.0000000000
54445  44.629  -20.709  15.298 0.0000000000
54432  45.930  -20.588  16.409 0.0000000000
52377  46.222  -22.482  16.393 0.0000000000
48363  37.193  -27.941  23.361 0.0000000000
49370  38.580  -27.359  24.561 0.0000000000
49369  38.942  -27.024  24.723 0.0000000000
50307  38.850  -27.269  25.871 0.0000000000
40456  37.737  -34.446  30.482 0.0000000000
41461  37.457  -33.896  28.923 0.0000000000
41450  38.494  -33.981  30.403 0.0000000000
61939  49.707  -13.322  13.100 0.0000000000
61967  50.151  -12.521  11.383 0.0000000000
61938  50.677  -13.460  13.232 0.0000000000
61952  52.351  -12.888  12.770 0.0000000000
67797  53.327  -6.454  5.586 0.0000000000
66867  52.817  -7.128  5.484 0.0000000000
66853  54.049  -7.952  5.891 0.0000000000
65922  52.483  -8.577  6.087 0.0000000000
36477  28.561  -39.150  33.492 0.0000000000
35526  29.812  -39.468  33.286 0.0000000000
35498  29.493  -39.815  34.909 0.0000000000
31116  16.982  -43.826  39.115 0.0000000000
31097  18.199  -43.922  40.279 0.0000000000
31099  16.470  -44.305  39.833 0.0000000000
28920  15.394  -45.479  42.508 0.0000000000
29966  15.874  -45.066  42.889 0.0000000000
60871  46.438  -13.751  13.512 0.0000000000
60858  47.127  -13.901  14.463 0.0000000000
60859  46.075  -13.874  14.457 0.0000000000
61883  45.313  -13.656  16.294 0.0000000000
61882  45.469  -13.157  16.945 0.0000000000
59809  46.117  -14.549  17.081 0.0000000000
58900  47.764  -15.315  17.711 0.0000000000
58901  46.980  -15.397  17.053 0.0000000000
48476  46.524  -26.277  18.813 0.0000000000
49469  47.649  -25.877  19.148 0.0000000000
49450  47.414  -26.157  20.160 0.0000000000
61942  46.886  -13.179  12.778 0.0000000000
25599  10.914  -48.485  38.615 0.0000000000
25600  10.070  -48.623  38.565 0.0000000000
51408  43.345  -23.749  14.873 0.0000000000
50429  44.284  -24.789  15.641 0.0000000000
50438  43.622  -24.897  15.305 0.0000000000
48503  42.725  -26.974  18.088 0.0000000000
48502  43.363  -26.929  18.513 0.0000000000
49474  43.341  -26.603  19.945 0.0000000000
49430  44.508  -26.288  21.545 0.0000000000
49431  43.693  -26.634  21.774 0.0000000000
40529  30.579  -35.423  24.893 0.0000000000
38577  32.613  -36.740  28.448 0.0000000000
40491  32.056  -35.819  26.954 0.0000000000
39532  33.239  -36.153  28.742 0.0000000000
39530  34.917  -35.377  28.968 0.0000000000
39514  34.124  -36.564  29.463 0.0000000000
36502  32.353  -39.328  32.630 0.0000000000
36518  31.961  -39.273  31.568 0.0000000000
36501  33.226  -39.024  32.760 0.0000000000
38498  34.961  -37.567  33.045 0.0000000000
39460  36.791  -36.629  33.187 0.0000000000
32182  27.219  -42.709  36.003 0.0000000000
31145  26.753  -43.428  37.050 0.0000000000
31162  26.011  -43.577  36.225 0.0000000000
32220  22.702  -43.305  34.711 0.0000000000
31197  23.378  -43.650  35.305 0.0000000000
32201  21.938  -43.233  35.895 0.0000000000
32184  21.957  -43.303  36.677 0.0000000000
32202  20.675  -42.909  35.704 0.0000000000
33353  19.332  -41.894  31.186 0.0000000000
32271  16.449  -42.368  32.553 0.0000000000
32246  18.186  -42.568  33.260 0.0000000000
32224  17.855  -42.600  34.331 0.0000000000
32204  18.436  -42.678  35.347 0.0000000000
32205  17.464  -42.715  35.173 0.0000000000
32172  17.337  -43.123  36.714 0.0000000000
32206  16.654  -42.941  34.985 0.0000000000
30059  13.406  -44.762  34.914 0.0000000000
39570  26.644  -35.650  26.118 0.0000000000
40492  26.210  -35.785  26.241 0.0000000000
36552  25.699  -39.184  28.214 0.0000000000
37555  26.123  -38.469  29.151 0.0000000000
38549  26.485  -37.669  28.870 0.0000000000
37538  26.239  -38.271  30.343 0.0000000000
37502  27.191  -38.672  32.305 0.0000000000
36508  26.479  -39.168  31.655 0.0000000000
33292  26.283  -41.797  34.194 0.0000000000
33299  26.762  -41.266  33.968 0.0000000000
32199  26.952  -42.380  35.242 0.0000000000
32181  27.937  -42.445  36.492 0.0000000000
31107  25.914  -44.104  38.996 0.0000000000
25568  12.648  -48.759  41.208 0.0000000000
26722  13.298  -47.960  41.597 0.0000000000
63992  55.990  -11.130  16.670 0.0000000000
63962  54.187  -10.946  20.334 0.0000000000
62916  55.172  -11.433  19.520 0.0000000000
61832  54.314  -11.711  21.029 0.0000000000
61834  52.779  -12.566  21.659 0.0000000000
61879  48.752  -12.110  18.014 0.0000000000
62946  49.667  -11.435  18.308 0.0000000000
62922  48.858  -11.909  19.149 0.0000000000
59769  50.904  -14.411  22.326 0.0000000000
54416  47.046  -19.901  17.272 0.0000000000
56302  46.914  -18.528  16.870 0.0000000000
55346  47.854  -19.397  18.218 0.0000000000
55335  48.072  -19.006  18.577 0.0000000000
54401  49.029  -20.281  18.864 0.0000000000
49467  49.713  -25.111  18.969 0.0000000000
50401  49.868  -24.170  18.334 0.0000000000
50386  50.708  -24.414  19.543 0.0000000000
48439  38.277  -27.916  20.268 0.0000000000
47376  40.717  -27.825  24.842 0.0000000000
47403  40.826  -28.087  23.433 0.0000000000
47390  41.979  -28.233  24.416 0.0000000000
48347  43.910  -27.723  24.990 0.0000000000
47356  43.641  -28.245  26.299 0.0000000000
41545  33.251  -33.347  24.417 0.0000000000
42556  34.661  -32.850  24.965 0.0000000000
42526  37.640  -32.356  27.161 0.0000000000
43649  36.781  -31.880  25.823 0.0000000000
43648  37.633  -31.487  26.234 0.0000000000
45573  38.211  -29.698  25.669 0.0000000000
44646  38.945  -30.500  27.541 0.0000000000
42451  40.114  -32.693  32.477 0.0000000000
47282  40.421  -28.610  30.599 0.0000000000
47293  39.626  -28.558  29.553 0.0000000000
47291  40.842  -27.667  30.403 0.0000000000
49288  40.485  -27.301  28.559 0.0000000000
47290  41.509  -27.565  30.265 0.0000000000
63029  50.152  -11.564  9.166 0.0000000000
64067  52.224  -11.128  8.068 0.0000000000
64066  53.185  -10.814  8.050 0.0000000000
63026  52.819  -11.548  9.006 0.0000000000
62986  54.086  -11.477  13.374 0.0000000000
64026  54.464  -11.062  12.278 0.0000000000
64015  55.194  -10.524  13.451 0.0000000000
64014  56.050  -10.274  13.505 0.0000000000
67781  57.300  -6.335  6.888 0.0000000000
65892  56.128  -8.469  9.005 0.0000000000
65874  57.156  -8.749  10.680 0.0000000000
65875  56.551  -8.959  11.181 0.0000000000
34418  29.012  -40.765  35.927 0.0000000000
35485  29.691  -40.130  35.693 0.0000000000
34404  29.715  -41.025  37.139 0.0000000000
31118  15.170  -44.547  38.817 0.0000000000
31100  15.778  -44.715  39.590 0.0000000000
30015  15.163  -45.033  39.522 0.0000000000
29989  14.812  -45.206  40.903 0.0000000000
28922  14.164  -46.392  41.998 0.0000000000
61913  44.203  -13.663  15.323 0.0000000000
60815  44.587  -14.377  15.755 0.0000000000
49428  46.298  -25.846  21.249 0.0000000000
49403  47.748  -26.163  22.000 0.0000000000
49382  47.994  -25.997  23.184 0.0000000000
50330  48.681  -25.500  25.020 0.0000000000
25591  8.702  -48.846  39.087 0.0000000000
25583  8.611  -49.141  39.904 0.0000000000
25576  8.520  -49.595  40.349 0.0000000000
49535  42.235  -25.789  15.493 0.0000000000
48504  41.697  -27.219  17.888 0.0000000000
39590  30.285  -35.897  25.695 0.0000000000
38591  29.864  -36.796  26.846 0.0000000000
38579  31.077  -37.045  27.623 0.0000000000
37569  32.529  -37.515  29.233 0.0000000000
32217  25.592  -42.454  33.690 0.0000000000
31195  24.727  -43.499  34.577 0.0000000000
32241  23.759  -42.938  33.074 0.0000000000
32242  22.828  -42.802  33.541 0.0000000000
32243  21.672  -42.683  33.556 0.0000000000
32249  15.528  -42.953  33.265 0.0000000000
32273  14.865  -42.839  32.349 0.0000000000
34504  24.673  -40.099  28.277 0.0000000000
35551  25.968  -40.253  30.158 0.0000000000
34462  26.118  -40.264  31.234 0.0000000000
33347  25.738  -40.795  31.293 0.0000000000
32239  25.475  -42.044  32.754 0.0000000000
30026  23.787  -44.493  39.227 0.0000000000
61921  53.546  -12.321  15.097 0.0000000000
62955  54.548  -11.424  16.302 0.0000000000
62956  53.678  -11.603  16.694 0.0000000000
63987  53.330  -10.876  18.191 0.0000000000
63981  52.073  -10.964  19.096 0.0000000000
59793  48.388  -14.212  19.312 0.0000000000
60790  49.222  -13.358  19.894 0.0000000000
58871  49.690  -15.412  20.609 0.0000000000
58015  50.911  -16.108  22.346 0.0000000000
57201  44.500  -17.463  14.727 0.0000000000
56318  45.211  -18.541  15.033 0.0000000000
54431  46.772  -20.483  16.979 0.0000000000
53383  47.849  -21.372  17.276 0.0000000000
50356  51.851  -24.582  21.661 0.0000000000
48397  37.586  -27.855  21.840 0.0000000000
48417  38.983  -27.985  21.286 0.0000000000
48379  38.835  -28.082  23.226 0.0000000000
48362  39.617  -27.231  24.613 0.0000000000
48330  40.959  -27.601  26.668 0.0000000000
41490  35.102  -33.958  26.926 0.0000000000
42529  35.330  -33.300  26.200 0.0000000000
41489  36.348  -33.471  27.257 0.0000000000
41473  38.008  -33.084  28.558 0.0000000000
42493  38.939  -32.361  29.143 0.0000000000
63007  47.995  -11.542  11.053 0.0000000000
64043  48.045  -10.649  10.137 0.0000000000
63006  48.646  -11.938  10.773 0.0000000000
61975  50.255  -12.188  10.572 0.0000000000
63016  51.897  -12.342  10.075 0.0000000000
63003  53.091  -12.276  10.898 0.0000000000
61965  52.191  -12.866  11.634 0.0000000000
61951  53.255  -12.425  13.054 0.0000000000
68672  53.183  -5.344  6.047 0.0000000000
67784  54.677  -5.982  6.148 0.0000000000
66850  56.859  -6.718  7.131 0.0000000000
66834  57.281  -7.240  7.568 0.0000000000
66851  56.265  -7.441  6.960 0.0000000000
65905  55.807  -8.532  7.822 0.0000000000
64989  55.188  -9.372  7.838 0.0000000000
37499  28.639  -38.369  31.467 0.0000000000
37515  29.668  -38.408  30.685 0.0000000000
36504  29.808  -39.194  32.304 0.0000000000
35525  30.890  -39.545  33.436 0.0000000000
36475  31.993  -39.351  34.538 0.0000000000
31135  19.368  -43.627  38.604 0.0000000000
31095  20.062  -43.873  40.483 0.0000000000
31096  19.116  -43.874  40.393 0.0000000000
31074  18.676  -44.547  41.923 0.0000000000
29987  16.251  -44.622  41.735 0.0000000000
29965  17.066  -44.662  43.200 0.0000000000
60856  49.294  -13.495  14.044 0.0000000000
61908  49.486  -13.411  15.795 0.0000000000
60822  48.520  -13.381  16.111 0.0000000000
61892  48.072  -12.876  16.987 0.0000000000
61880  47.509  -12.706  17.604 0.0000000000
61910  45.939  -13.166  15.807 0.0000000000
61881  46.440  -12.818  17.434 0.0000000000
60802  47.493  -13.331  18.308 0.0000000000
58888  48.351  -14.881  19.078 0.0000000000
58034  48.692  -16.352  19.435 0.0000000000
57152  49.109  -17.660  19.918 0.0000000000
50418  46.348  -24.513  16.558 0.0000000000
51387  46.662  -23.421  16.562 0.0000000000
49509  47.516  -24.799  17.272 0.0000000000
49468  48.687  -25.568  19.054 0.0000000000
48431  49.971  -26.038  20.487 0.0000000000
48372  48.742  -26.514  22.684 0.0000000000
48371  49.740  -26.551  22.755 0.0000000000
48388  50.952  -26.050  22.148 0.0000000000
47378  37.742  -28.357  24.677 0.0000000000
41429  38.771  -34.495  32.533 0.0000000000
63008  47.157  -11.131  11.197 0.0000000000
62995  47.677  -11.983  11.631 0.0000000000
61941  47.927  -13.094  12.816 0.0000000000
69564  49.744  -5.045  7.707 0.0000000000
68657  49.988  -5.793  7.665 0.0000000000
26781  11.987  -47.561  37.314 0.0000000000
27880  12.834  -47.342  39.174 0.0000000000
26751  12.243  -47.809  38.680 0.0000000000
25580  11.741  -48.573  39.937 0.0000000000
25569  11.948  -49.361  41.184 0.0000000000
25574  10.563  -49.398  40.855 0.0000000000
53409  44.373  -21.613  15.139 0.0000000000
53410  43.503  -21.577  14.880 0.0000000000
52386  44.793  -22.585  15.524 0.0000000000
50428  44.978  -24.648  16.042 0.0000000000
49512  44.939  -25.734  16.982 0.0000000000
49471  45.819  -26.447  19.190 0.0000000000
49513  43.679  -26.534  17.579 0.0000000000
49492  44.798  -26.378  18.380 0.0000000000
49452  45.556  -26.184  20.374 0.0000000000
49429  45.404  -26.024  21.391 0.0000000000
49384  45.935  -26.092  23.251 0.0000000000
49348  46.004  -26.361  25.148 0.0000000000
41522  32.607  -33.946  25.063 0.0000000000
40507  31.084  -35.585  25.705 0.0000000000
40527  32.545  -34.592  25.792 0.0000000000
40504  33.954  -34.438  26.663 0.0000000000
40475  35.049  -34.854  28.362 0.0000000000
40465  35.930  -35.025  29.523 0.0000000000
40457  36.849  -34.920  30.461 0.0000000000
36533  31.155  -39.073  30.840 0.0000000000
37532  32.882  -38.330  30.631 0.0000000000
38526  33.301  -37.626  30.137 0.0000000000
37497  34.359  -37.935  32.609 0.0000000000
37512  34.291  -37.862  32.075 0.0000000000
38524  34.639  -37.048  30.987 0.0000000000
39486  35.721  -36.311  31.591 0.0000000000
39485  36.455  -35.801  31.959 0.0000000000
40437  37.592  -35.221  32.614 0.0000000000
31126  28.544  -43.151  38.206 0.0000000000
31128  26.794  -43.554  37.975 0.0000000000
31129  25.344  -44.051  38.246 0.0000000000
31177  24.844  -43.762  35.482 0.0000000000
31147  24.679  -44.185  37.337 0.0000000000
31130  24.083  -44.283  38.514 0.0000000000
31131  23.016  -43.991  38.452 0.0000000000
31150  21.528  -43.543  37.808 0.0000000000
31151  20.738  -43.560  38.055 0.0000000000
33373  20.536  -41.662  30.194 0.0000000000
33330  20.144  -42.132  32.088 0.0000000000
33308  20.718  -42.409  32.902 0.0000000000
33332  18.176  -42.168  32.006 0.0000000000
33310  18.822  -42.504  32.691 0.0000000000
32222  20.047  -42.715  34.613 0.0000000000
32203  19.507  -42.824  35.508 0.0000000000
32186  20.001  -43.005  36.586 0.0000000000
32170  19.278  -43.254  37.541 0.0000000000
32157  18.345  -43.329  37.921 0.0000000000
32158  17.491  -43.320  37.547 0.0000000000
31138  16.527  -43.420  37.953 0.0000000000
32208  15.658  -43.468  34.693 0.0000000000
31167  15.405  -43.740  35.629 0.0000000000
31155  14.867  -44.219  36.964 0.0000000000
30037  14.230  -45.043  37.029 0.0000000000
30038  13.688  -45.759  36.711 0.0000000000
29012  13.057  -45.926  36.048 0.0000000000
29013  12.170  -46.506  36.076 0.0000000000
27922  10.463  -46.792  36.214 0.0000000000
39569  27.349  -35.832  26.097 0.0000000000
39551  27.553  -36.288  27.048 0.0000000000
38547  27.662  -37.299  29.034 0.0000000000
39536  26.391  -36.950  27.423 0.0000000000
38548  26.935  -37.334  29.157 0.0000000000
38512  27.618  -37.879  30.577 0.0000000000
37518  27.556  -38.081  31.248 0.0000000000
36492  27.531  -38.742  33.102 0.0000000000
35515  27.597  -39.582  33.681 0.0000000000
34443  26.712  -40.037  33.019 0.0000000000
35501  27.331  -40.122  33.742 0.0000000000
34427  27.954  -40.799  34.890 0.0000000000
34406  28.668  -41.405  36.175 0.0000000000
33263  28.451  -42.216  37.181 0.0000000000
27862  13.457  -46.812  40.484 0.0000000000
27836  13.653  -47.129  41.844 0.0000000000
62928  55.542  -11.641  18.313 0.0000000000
61877  50.507  -11.971  17.608 0.0000000000
62930  51.388  -11.225  18.797 0.0000000000
62918  52.183  -11.424  20.724 0.0000000000
61850  50.075  -12.678  20.764 0.0000000000
61848  51.430  -12.540  21.721 0.0000000000
61835  51.963  -12.638  21.896 0.0000000000
59822  43.257  -14.640  15.268 0.0000000000
59820  45.024  -14.987  16.023 0.0000000000
58075  45.606  -16.889  15.290 0.0000000000
58062  45.951  -16.587  15.824 0.0000000000
58908  46.561  -15.903  16.673 0.0000000000
57176  47.812  -17.377  18.339 0.0000000000
56276  48.512  -18.472  19.363 0.0000000000
55332  50.284  -19.362  19.728 0.0000000000
51385  48.274  -23.231  16.802 0.0000000000
51384  49.131  -23.094  17.136 0.0000000000
52363  50.066  -22.263  18.097 0.0000000000
51347  51.043  -23.915  19.962 0.0000000000
51363  50.872  -23.275  19.433 0.0000000000
53366  50.224  -21.713  18.445 0.0000000000
53352  50.533  -21.121  18.921 0.0000000000
54399  51.173  -19.889  19.395 0.0000000000
48482  39.722  -27.599  18.482 0.0000000000
48456  41.084  -27.398  19.842 0.0000000000
47428  39.956  -27.996  21.619 0.0000000000
48414  41.268  -27.683  21.359 0.0000000000
48413  42.280  -27.435  21.678 0.0000000000
49387  43.816  -26.760  23.267 0.0000000000
48345  44.992  -26.567  24.808 0.0000000000
49330  46.326  -26.369  26.250 0.0000000000
42555  35.350  -32.664  25.241 0.0000000000
44705  37.404  -30.051  24.546 0.0000000000
46455  37.962  -29.001  25.300 0.0000000000
47359  38.009  -28.391  25.619 0.0000000000
41438  39.787  -33.159  31.923 0.0000000000
42479  39.536  -32.436  30.303 0.0000000000
43582  39.618  -31.469  29.802 0.0000000000
44571  40.164  -30.707  31.079 0.0000000000
44611  39.498  -30.277  29.108 0.0000000000
46417  38.926  -28.880  28.490 0.0000000000
47322  38.852  -28.060  27.747 0.0000000000
48301  38.810  -27.724  27.076 0.0000000000
49317  39.701  -27.254  26.891 0.0000000000
48314  40.876  -27.323  27.605 0.0000000000
47340  41.595  -27.699  27.488 0.0000000000
47278  43.044  -27.754  31.145 0.0000000000
47301  43.069  -28.058  29.243 0.0000000000
47318  43.261  -28.109  28.231 0.0000000000
47316  45.119  -27.583  27.497 0.0000000000
66836  50.822  -7.545  7.052 0.0000000000
65923  51.616  -8.429  6.314 0.0000000000
65007  52.885  -9.449  6.419 0.0000000000
64977  53.934  -10.322  7.830 0.0000000000
64963  55.047  -9.933  9.504 0.0000000000
64042  53.807  -11.409  10.014 0.0000000000
64041  54.636  -10.623  10.316 0.0000000000
64949  55.587  -9.731  11.324 0.0000000000
64941  56.310  -10.018  12.353 0.0000000000
32144  28.912  -42.940  38.276 0.0000000000
32152  29.313  -42.606  38.002 0.0000000000
28979  13.675  -46.415  38.131 0.0000000000
27892  13.258  -46.838  38.699 0.0000000000
49347  47.126  -25.752  25.652 0.0000000000
49346  47.609  -25.549  25.371 0.0000000000
38546  28.588  -37.515  29.133 0.0000000000
33371  22.751  -41.830  30.082 0.0000000000
33391  22.807  -41.388  29.445 0.0000000000
31112  20.679  -43.888  39.623 0.0000000000
31111  21.721  -43.904  39.644 0.0000000000
61924  50.665  -13.419  14.321 0.0000000000
56264  50.339  -18.169  20.637 0.0000000000
53397  45.084  -21.625  15.676 0.0000000000
53396  45.737  -21.579  16.217 0.0000000000
48351  37.809  -28.023  24.144 0.0000000000
49371  37.825  -27.851  23.619 0.0000000000
49353  38.216  -27.632  24.706 0.0000000000
50322  38.894  -27.056  25.530 0.0000000000
49334  38.524  -27.506  26.222 0.0000000000
41440  38.332  -34.392  31.351 0.0000000000
61925  50.075  -13.524  13.779 0.0000000000
66868  52.350  -6.953  5.550 0.0000000000
66855  52.028  -7.540  5.771 0.0000000000
66854  53.070  -7.894  5.730 0.0000000000
35514  28.231  -39.562  33.940 0.0000000000
35513  29.118  -39.494  33.969 0.0000000000
60872  45.411  -13.616  13.627 0.0000000000
60813  45.508  -13.970  16.746 0.0000000000
49470  46.713  -26.289  19.232 0.0000000000
52397  42.480  -22.700  14.567 0.0000000000
51409  42.159  -23.853  14.574 0.0000000000
50439  42.730  -24.873  14.971 0.0000000000
48480  41.940  -27.163  18.934 0.0000000000
48479  43.045  -26.948  19.213 0.0000000000
48454  42.883  -26.707  20.015 0.0000000000
49454  43.638  -26.472  20.728 0.0000000000
48434  42.783  -26.862  20.728 0.0000000000
38562  32.901  -36.964  29.042 0.0000000000
39547  32.597  -36.253  27.967 0.0000000000
36488  32.574  -39.276  33.464 0.0000000000
36487  33.345  -38.969  33.706 0.0000000000
32183  26.412  -42.902  35.465 0.0000000000
31161  26.884  -43.194  36.534 0.0000000000
32247  17.164  -42.483  33.411 0.0000000000
36545  25.953  -39.382  28.985 0.0000000000
37539  26.026  -38.653  29.930 0.0000000000
36522  26.541  -38.821  31.434 0.0000000000
36523  26.303  -39.003  31.053 0.0000000000
25565  13.268  -48.660  41.982 0.0000000000
64000  55.388  -11.110  15.913 0.0000000000
63999  56.120  -10.740  15.630 0.0000000000
63963  53.444  -10.935  20.690 0.0000000000
63955  54.048  -11.174  21.038 0.0000000000
62894  53.903  -11.515  21.418 0.0000000000
61833  53.786  -12.090  21.458 0.0000000000
62895  53.168  -11.711  21.640 0.0000000000
61869  48.517  -12.156  18.805 0.0000000000
62933  48.889  -11.550  18.827 0.0000000000
61861  48.881  -12.534  19.389 0.0000000000
54415  47.574  -20.318  17.560 0.0000000000
55347  47.209  -19.357  17.473 0.0000000000
54414  48.368  -20.287  18.283 0.0000000000
55345  48.263  -19.764  18.565 0.0000000000
54413  48.920  -20.683  18.341 0.0000000000
49447  50.409  -25.370  19.997 0.0000000000
49466  50.323  -24.930  19.332 0.0000000000
47375  41.378  -28.113  25.317 0.0000000000
47391  41.113  -28.032  24.303 0.0000000000
46454  42.133  -28.428  25.749 0.0000000000
46453  42.831  -28.461  25.626 0.0000000000
46441  42.520  -28.457  26.155 0.0000000000
41521  33.733  -33.490  25.261 0.0000000000
42557  33.920  -32.958  24.560 0.0000000000
41520  34.467  -33.390  25.656 0.0000000000
43614  38.463  -31.629  27.645 0.0000000000
43632  38.126  -31.598  27.023 0.0000000000
43631  38.634  -31.205  27.438 0.0000000000
44647  38.584  -30.873  26.988 0.0000000000
47272  41.419  -28.829  31.985 0.0000000000
47281  40.912  -28.445  31.085 0.0000000000
47280  41.506  -27.912  31.154 0.0000000000
63028  51.154  -11.783  9.254 0.0000000000
63044  50.684  -11.552  8.800 0.0000000000
63043  51.212  -11.527  8.560 0.0000000000
64068  51.317  -11.159  7.940 0.0000000000
63042  51.739  -11.430  8.340 0.0000000000
64050  52.778  -11.332  8.574 0.0000000000
62977  54.652  -10.989  14.172 0.0000000000
62985  54.619  -10.872  13.529 0.0000000000
64007  55.505  -10.691  14.673 0.0000000000
67767  57.959  -6.558  7.010 0.0000000000
66833  57.935  -7.455  7.245 0.0000000000
65883  56.589  -8.649  10.026 0.0000000000
34405  28.985  -41.180  36.732 0.0000000000
34417  29.717  -40.510  36.448 0.0000000000
31119  14.707  -44.834  38.488 0.0000000000
30016  14.638  -45.223  38.983 0.0000000000
28951  13.817  -46.040  40.100 0.0000000000
28950  14.350  -45.777  40.735 0.0000000000
28935  14.497  -45.758  41.448 0.0000000000
60845  43.594  -13.618  14.904 0.0000000000
60825  44.660  -13.953  15.761 0.0000000000
60826  43.916  -14.020  15.607 0.0000000000
49405  46.150  -25.808  22.278 0.0000000000
49404  47.085  -25.655  22.167 0.0000000000
26753  7.926  -48.238  38.796 0.0000000000
25577  8.109  -49.580  40.221 0.0000000000
24516  8.396  -50.004  40.533 0.0000000000
39568  28.430  -36.345  26.227 0.0000000000
39567  29.625  -36.386  26.157 0.0000000000
38592  29.031  -36.812  26.701 0.0000000000
38564  31.330  -37.493  28.571 0.0000000000
37570  31.910  -37.706  29.079 0.0000000000
32218  24.737  -43.227  33.669 0.0000000000
32267  22.752  -42.551  32.596 0.0000000000
32268  22.189  -42.557  33.006 0.0000000000
33389  24.099  -41.017  29.066 0.0000000000
34505  24.000  -40.323  27.792 0.0000000000
34487  24.635  -40.531  28.913 0.0000000000
34471  25.201  -40.691  29.960 0.0000000000
34463  25.732  -40.601  30.713 0.0000000000
33348  24.883  -41.486  30.887 0.0000000000
32283  24.149  -42.323  31.469 0.0000000000
32265  24.809  -42.193  31.815 0.0000000000
30027  23.327  -44.309  39.030 0.0000000000
30013  23.137  -44.532  39.718 0.0000000000
62968  53.807  -11.901  15.668 0.0000000000
61905  53.157  -12.371  15.635 0.0000000000
62958  51.898  -11.873  17.125 0.0000000000
62957  52.839  -11.681  17.031 0.0000000000
62943  52.534  -11.124  17.799 0.0000000000
63980  52.807  -10.807  18.863 0.0000000000
62929  52.034  -10.959  18.455 0.0000000000
58887  48.908  -15.323  19.774 0.0000000000
58872  49.268  -14.901  20.139 0.0000000000
57144  50.840  -16.969  21.720 0.0000000000
56319  44.255  -18.491  14.727 0.0000000000
55377  44.878  -19.286  15.053 0.0000000000
53385  46.402  -21.526  16.732 0.0000000000
54430  47.336  -20.919  17.169 0.0000000000
48398  37.092  -27.852  21.528 0.0000000000
49410  38.039  -27.919  22.683 0.0000000000
49409  38.520  -28.112  23.036 0.0000000000
49389  38.683  -27.790  23.762 0.0000000000
50320  39.184  -27.052  25.462 0.0000000000
49368  39.314  -26.968  24.946 0.0000000000
48350  39.630  -27.063  25.162 0.0000000000
48349  40.299  -27.442  25.529 0.0000000000
49349  40.038  -27.318  26.092 0.0000000000
41475  35.914  -34.142  27.813 0.0000000000
41460  38.233  -33.516  29.282 0.0000000000
41474  37.209  -33.519  28.214 0.0000000000
42494  38.370  -32.861  28.735 0.0000000000
41459  39.004  -32.956  29.713 0.0000000000
61969  48.342  -12.153  11.350 0.0000000000
61968  49.075  -12.428  11.380 0.0000000000
61974  51.004  -12.459  10.753 0.0000000000
61973  51.724  -12.709  10.958 0.0000000000
63004  52.267  -12.658  10.854 0.0000000000
61936  52.540  -12.793  13.874 0.0000000000
61935  53.482  -12.377  14.150 0.0000000000
67796  54.250  -6.475  5.900 0.0000000000
67783  55.307  -6.457  6.323 0.0000000000
66852  55.005  -7.601  6.275 0.0000000000
65920  54.534  -8.744  6.478 0.0000000000
65919  55.423  -8.298  6.881 0.0000000000
65906  55.132  -8.974  7.205 0.0000000000
36505  28.850  -38.629  32.109 0.0000000000
36521  29.044  -38.532  31.458 0.0000000000
35512  30.221  -39.580  34.213 0.0000000000
35524  31.827  -39.450  33.418 0.0000000000
31136  18.502  -43.573  38.671 0.0000000000
31114  18.810  -43.816  39.470 0.0000000000
31086  17.600  -44.271  41.043 0.0000000000
31085  18.473  -44.055  41.197 0.0000000000
31062  18.758  -44.725  42.530 0.0000000000
31063  17.993  -44.388  42.759 0.0000000000
31088  15.964  -44.637  40.366 0.0000000000
60857  48.212  -13.752  14.323 0.0000000000
60839  48.868  -13.612  15.097 0.0000000000
60841  46.670  -13.448  15.505 0.0000000000
60823  47.453  -13.152  16.152 0.0000000000
61893  46.931  -12.711  16.728 0.0000000000
60843  44.950  -13.625  14.885 0.0000000000
60842  45.717  -13.630  15.124 0.0000000000
60812  46.074  -13.669  17.479 0.0000000000
61871  47.117  -12.853  18.014 0.0000000000
59799  47.974  -14.142  18.569 0.0000000000
59800  47.462  -13.842  18.001 0.0000000000
58048  47.984  -16.283  18.450 0.0000000000
58047  48.276  -16.013  18.942 0.0000000000
58035  48.303  -16.636  19.045 0.0000000000
57161  49.099  -17.051  19.765 0.0000000000
57162  48.638  -17.407  19.385 0.0000000000
49510  46.995  -25.145  17.290 0.0000000000
49449  48.474  -26.099  20.114 0.0000000000
49448  49.450  -25.839  19.809 0.0000000000
48432  49.293  -26.247  20.504 0.0000000000
48373  48.178  -26.338  22.467 0.0000000000
49380  50.148  -26.402  23.638 0.0000000000
48370  50.718  -26.280  22.686 0.0000000000
49379  51.212  -26.196  23.483 0.0000000000
47404  36.970  -28.880  23.203 0.0000000000
47392  37.306  -28.322  23.743 0.0000000000
46469  37.364  -29.078  23.989 0.0000000000
63009  46.170  -11.219  11.563 0.0000000000
62996  46.798  -11.824  11.872 0.0000000000
60869  48.502  -13.407  13.491 0.0000000000
26765  12.081  -47.664  37.839 0.0000000000
26766  11.336  -47.991  38.209 0.0000000000
25589  10.791  -48.766  39.278 0.0000000000
25588  11.447  -48.513  39.153 0.0000000000
25573  11.656  -48.887  40.751 0.0000000000
25582  9.593  -49.053  40.073 0.0000000000
54458  43.770  -20.621  14.969 0.0000000000
52396  43.322  -22.543  14.773 0.0000000000
53411  42.647  -21.635  14.709 0.0000000000
52395  44.105  -22.537  14.947 0.0000000000
51397  45.162  -23.508  15.977 0.0000000000
51398  44.329  -23.657  15.400 0.0000000000
49522  44.583  -25.300  16.141 0.0000000000
49491  45.786  -26.175  18.064 0.0000000000
49534  43.088  -25.620  15.616 0.0000000000
49493  43.865  -26.833  18.946 0.0000000000
49472  44.750  -26.425  19.557 0.0000000000
49407  44.410  -26.393  22.505 0.0000000000
49406  45.259  -26.142  22.355 0.0000000000
49366  45.436  -26.264  24.119 0.0000000000
41523  31.836  -34.235  24.521 0.0000000000
39566  30.767  -36.165  26.459 0.0000000000
39565  31.560  -36.012  26.845 0.0000000000
40490  32.790  -35.508  27.340 0.0000000000
40506  31.957  -35.388  26.358 0.0000000000
40505  33.233  -34.669  26.494 0.0000000000
40489  34.159  -34.769  27.231 0.0000000000
39513  35.074  -35.745  29.589 0.0000000000
40466  35.228  -35.238  29.108 0.0000000000
40458  36.086  -35.415  30.489 0.0000000000
36534  30.438  -38.968  31.006 0.0000000000
37534  30.432  -38.488  30.394 0.0000000000
37514  32.942  -38.828  31.451 0.0000000000
36532  31.959  -38.974  30.711 0.0000000000
37531  33.679  -37.939  31.066 0.0000000000
38497  35.410  -37.219  32.662 0.0000000000
38510  34.715  -37.375  31.810 0.0000000000
39487  34.933  -36.781  31.220 0.0000000000
39473  36.757  -35.999  32.574 0.0000000000
40438  36.840  -35.594  32.161 0.0000000000
32154  28.073  -42.810  37.582 0.0000000000
31127  27.993  -43.395  38.068 0.0000000000
31146  25.751  -43.956  37.255 0.0000000000
30036  25.277  -44.165  37.092 0.0000000000
31196  23.879  -43.672  34.954 0.0000000000
31179  23.057  -43.589  35.839 0.0000000000
31164  23.754  -43.885  36.614 0.0000000000
31148  23.453  -43.885  37.577 0.0000000000
31166  21.982  -43.373  37.181 0.0000000000
32168  20.964  -43.438  37.527 0.0000000000
33352  20.420  -41.893  31.198 0.0000000000
33309  19.780  -42.416  32.828 0.0000000000
33355  17.493  -41.806  31.204 0.0000000000
33333  17.318  -41.992  31.873 0.0000000000
33311  18.256  -42.445  32.595 0.0000000000
32245  19.380  -42.525  33.598 0.0000000000
32156  18.890  -43.361  38.217 0.0000000000
32171  18.218  -43.358  36.996 0.0000000000
32159  16.841  -43.163  37.200 0.0000000000
31153  16.357  -43.194  37.149 0.0000000000
32227  15.458  -43.386  34.056 0.0000000000
32207  16.027  -43.250  34.793 0.0000000000
31181  14.549  -44.172  34.983 0.0000000000
31154  15.694  -43.519  36.802 0.0000000000
30047  14.420  -44.716  35.813 0.0000000000
30048  13.741  -45.367  35.932 0.0000000000
29014  11.001  -46.425  35.795 0.0000000000
27921  11.414  -46.946  36.357 0.0000000000
39552  26.781  -36.038  26.717 0.0000000000
39534  27.742  -36.682  28.056 0.0000000000
39516  27.152  -36.936  28.469 0.0000000000
39554  25.535  -36.609  26.407 0.0000000000
39553  25.911  -36.678  26.759 0.0000000000
39537  25.841  -36.985  27.001 0.0000000000
38530  26.605  -37.689  30.078 0.0000000000
39518  26.641  -37.280  28.167 0.0000000000
38529  27.281  -37.634  29.937 0.0000000000
36478  27.876  -39.034  33.514 0.0000000000
34453  26.140  -40.356  31.793 0.0000000000
35529  26.453  -39.878  32.127 0.0000000000
34444  26.325  -40.459  32.611 0.0000000000
33291  27.184  -41.657  34.690 0.0000000000
34428  27.363  -40.770  34.120 0.0000000000
35500  27.829  -40.129  34.200 0.0000000000
34419  28.380  -41.139  35.619 0.0000000000
33272  28.492  -41.940  36.672 0.0000000000
32166  28.026  -42.589  37.038 0.0000000000
31083  20.365  -44.040  41.351 0.0000000000
31072  20.575  -44.420  41.869 0.0000000000
27863  12.967  -47.296  40.076 0.0000000000
26716  13.436  -47.850  42.683 0.0000000000
27837  13.539  -47.489  42.460 0.0000000000
27828  13.534  -47.423  42.871 0.0000000000
27827  13.790  -47.034  42.768 0.0000000000
26710  13.839  -47.510  43.455 0.0000000000
62941  54.310  -11.223  17.255 0.0000000000
63984  55.455  -11.311  17.656 0.0000000000
63977  55.151  -11.163  18.615 0.0000000000
61844  54.849  -11.835  20.134 0.0000000000
62932  49.508  -11.190  18.929 0.0000000000
62931  50.394  -11.232  18.881 0.0000000000
62920  50.160  -11.423  19.501 0.0000000000
62919  51.297  -11.434  19.841 0.0000000000
59779  49.985  -14.424  20.976 0.0000000000
60780  49.735  -13.420  20.647 0.0000000000
60779  50.492  -13.581  21.631 0.0000000000
60768  51.247  -13.780  22.277 0.0000000000
61826  51.539  -13.479  22.274 0.0000000000
61825  51.825  -13.282  22.175 0.0000000000
60756  52.222  -13.327  21.944 0.0000000000
58911  43.909  -15.394  15.102 0.0000000000
59821  44.420  -14.765  15.568 0.0000000000
58910  45.138  -15.573  15.635 0.0000000000
57200  45.486  -17.605  15.087 0.0000000000
57193  46.130  -17.574  15.664 0.0000000000
57192  46.644  -17.511  16.297 0.0000000000
58061  46.605  -16.624  16.493 0.0000000000
57186  47.339  -17.100  17.653 0.0000000000
57177  47.484  -17.803  17.840 0.0000000000
55334  48.396  -19.397  18.914 0.0000000000
56277  48.214  -18.717  18.791 0.0000000000
55333  49.217  -19.342  19.675 0.0000000000
56275  48.949  -18.661  19.987 0.0000000000
50416  47.992  -24.321  17.076 0.0000000000
51386  47.412  -23.347  16.766 0.0000000000
50414  49.349  -23.782  17.692 0.0000000000
51375  49.753  -23.130  17.799 0.0000000000
52373  49.339  -22.057  17.497 0.0000000000
52348  52.098  -22.457  20.949 0.0000000000
51362  51.260  -22.754  19.886 0.0000000000
52362  50.554  -22.303  18.787 0.0000000000
52355  51.068  -22.142  19.493 0.0000000000
53351  51.531  -21.126  19.782 0.0000000000
48458  38.924  -27.779  19.328 0.0000000000
48457  39.984  -27.591  19.499 0.0000000000
48481  40.857  -27.473  18.707 0.0000000000
48395  39.509  -28.072  22.295 0.0000000000
48394  40.038  -28.065  22.521 0.0000000000
47414  41.464  -28.086  22.828 0.0000000000
47426  41.388  -27.895  22.061 0.0000000000
47425  42.021  -27.853  22.420 0.0000000000
48393  42.634  -27.553  22.662 0.0000000000
48392  43.143  -27.074  22.288 0.0000000000
47372  44.227  -27.627  25.575 0.0000000000
48346  44.380  -27.300  25.232 0.0000000000
48329  44.698  -27.233  25.795 0.0000000000
48328  45.229  -26.857  25.867 0.0000000000
42528  35.930  -33.106  26.527 0.0000000000
42541  35.721  -32.721  25.783 0.0000000000
42540  36.283  -32.532  26.137 0.0000000000
43666  36.464  -31.617  25.209 0.0000000000
44707  36.256  -31.250  24.332 0.0000000000
44706  36.945  -30.436  24.118 0.0000000000
45572  38.657  -29.718  26.440 0.0000000000
45583  37.785  -29.588  25.115 0.0000000000
46443  38.373  -28.920  26.211 0.0000000000
47377  37.823  -28.579  25.090 0.0000000000
41419  39.754  -34.134  33.215 0.0000000000
41428  39.736  -33.608  32.492 0.0000000000
43537  40.365  -31.761  32.161 0.0000000000
42462  39.863  -32.563  31.398 0.0000000000
42478  39.872  -32.021  30.909 0.0000000000
43581  39.919  -31.486  30.612 0.0000000000
46392  40.463  -29.114  31.048 0.0000000000
45523  40.421  -29.940  31.722 0.0000000000
45528  40.214  -29.836  30.537 0.0000000000
45534  40.064  -30.175  29.987 0.0000000000
45535  39.816  -29.682  29.669 0.0000000000
45547  39.254  -29.619  28.880 0.0000000000
46406  39.337  -28.965  29.350 0.0000000000
47304  39.478  -27.803  28.613 0.0000000000
47305  39.312  -28.344  28.982 0.0000000000
47321  39.259  -27.679  27.984 0.0000000000
47323  38.603  -27.901  27.036 0.0000000000
48300  39.171  -27.601  27.516 0.0000000000
49302  38.987  -27.593  27.083 0.0000000000
49286  41.151  -27.218  28.706 0.0000000000
49299  40.598  -27.291  28.123 0.0000000000
48298  41.363  -27.314  28.515 0.0000000000
47320  41.481  -27.413  28.043 0.0000000000
47319  42.119  -27.680  28.467 0.0000000000
47287  44.032  -27.856  29.849 0.0000000000
47300  44.134  -28.067  28.910 0.0000000000
47317  44.316  -28.134  27.909 0.0000000000
47299  45.084  -27.659  28.550 0.0000000000
67765  50.139  -6.602  8.461 0.0000000000
63031  48.673  -11.219  9.847 0.0000000000
64053  48.405  -10.465  9.515 0.0000000000
65009  51.067  -9.063  6.568 0.0000000000
65008  51.928  -9.299  6.424 0.0000000000
64992  52.309  -10.143  6.777 0.0000000000
64065  53.937  -10.684  8.471 0.0000000000
64976  54.660  -10.044  8.389 0.0000000000
63015  52.880  -11.789  9.631 0.0000000000
64033  54.119  -11.291  11.178 0.0000000000
64025  55.117  -10.458  12.474 0.0000000000
64032  54.986  -10.409  11.445 0.0000000000
64031  55.563  -10.049  11.920 0.0000000000
64948  55.831  -9.546  11.707 0.0000000000
64013  56.580  -10.567  13.516 0.0000000000
69579  54.803  -4.887  5.991 0.0000000000
30017  14.029  -45.702  38.565 0.0000000000
39533  28.499  -36.943  27.917 0.0000000000
38581  29.124  -37.018  27.409 0.0000000000
38566  29.176  -37.278  28.302 0.0000000000
38544  30.530  -37.679  29.069 0.0000000000
32266  23.692  -42.578  31.919 0.0000000000
33327  23.084  -42.351  31.327 0.0000000000
33390  23.582  -41.215  29.232 0.0000000000
31132  22.107  -43.788  38.610 0.0000000000
30014  22.392  -44.201  39.975 0.0000000000
31093  21.824  -44.201  40.558 0.0000000000
29986  21.577  -44.662  41.328 0.0000000000
61889  51.617  -12.235  16.803 0.0000000000
58033  49.245  -16.411  20.005 0.0000000000
58022  49.692  -16.439  20.630 0.0000000000
56257  50.894  -17.606  21.230 0.0000000000
55368  44.949  -20.013  15.308 0.0000000000
54444  45.303  -20.695  15.812 0.0000000000
50321  38.983  -26.971  25.329 0.0000000000
50306  39.184  -27.148  25.732 0.0000000000
40464  37.253  -34.377  29.460 0.0000000000
40473  37.108  -34.090  28.784 0.0000000000
40463  37.938  -34.097  29.894 0.0000000000
61955  49.451  -12.822  12.196 0.0000000000
61954  50.446  -13.067  12.321 0.0000000000
61953  51.440  -13.222  12.480 0.0000000000
61937  51.581  -13.176  13.565 0.0000000000
66866  53.652  -7.203  5.651 0.0000000000
65921  53.467  -8.711  6.134 0.0000000000
36490  29.125  -39.082  33.009 0.0000000000
35527  29.240  -39.323  33.449 0.0000000000
35497  30.505  -39.714  35.144 0.0000000000
31115  17.906  -43.756  39.360 0.0000000000
31098  17.272  -43.971  40.126 0.0000000000
29977  14.925  -45.115  41.645 0.0000000000
29976  15.559  -44.941  42.175 0.0000000000
61896  45.069  -13.755  15.777 0.0000000000
61895  45.475  -13.256  16.119 0.0000000000
59808  47.055  -14.295  17.506 0.0000000000
59807  47.892  -14.462  17.903 0.0000000000
49490  46.752  -25.912  18.276 0.0000000000
49426  47.998  -26.251  21.065 0.0000000000
26783  10.514  -47.785  37.332 0.0000000000
26767  10.274  -48.087  38.043 0.0000000000
51399  43.918  -24.259  15.298 0.0000000000
48519  42.359  -26.945  17.276 0.0000000000
49514  42.911  -26.797  17.313 0.0000000000
48478  43.431  -26.983  18.889 0.0000000000
49473  43.931  -26.482  19.870 0.0000000000
40555  31.265  -34.813  24.371 0.0000000000
39548  31.952  -36.381  27.298 0.0000000000
40477  32.973  -35.718  28.117 0.0000000000
39531  34.345  -35.681  28.860 0.0000000000
39498  35.519  -35.846  30.532 0.0000000000
35536  31.431  -39.477  32.628 0.0000000000
36517  32.900  -39.025  32.018 0.0000000000
38483  35.825  -37.557  33.526 0.0000000000
39474  36.100  -36.860  32.673 0.0000000000
32167  27.434  -42.951  36.767 0.0000000000
33354  18.356  -41.851  31.208 0.0000000000
32270  17.254  -42.266  32.583 0.0000000000
32269  17.835  -42.329  32.458 0.0000000000
32188  17.907  -42.945  36.090 0.0000000000
32189  17.026  -42.956  35.859 0.0000000000
32190  16.332  -43.200  35.570 0.0000000000
30058  14.053  -44.455  35.157 0.0000000000
40478  26.362  -36.381  26.827 0.0000000000
37571  26.078  -38.441  27.818 0.0000000000
38550  26.307  -38.021  28.392 0.0000000000
38531  26.257  -37.759  29.808 0.0000000000
37537  26.553  -38.040  30.603 0.0000000000
37519  26.849  -38.366  31.249 0.0000000000
37520  26.474  -38.612  31.025 0.0000000000
36507  26.722  -38.985  32.066 0.0000000000
33300  26.032  -41.415  33.496 0.0000000000
34436  26.228  -40.918  33.101 0.0000000000
33281  27.545  -42.042  35.412 0.0000000000
25572  12.516  -48.455  40.732 0.0000000000
63970  54.369  -10.860  19.533 0.0000000000
63969  54.960  -10.919  19.329 0.0000000000
62917  54.823  -10.956  19.962 0.0000000000
62905  54.563  -11.398  20.481 0.0000000000
61846  54.320  -12.192  20.770 0.0000000000
61847  53.491  -12.668  20.878 0.0000000000
60777  52.535  -13.085  21.062 0.0000000000
61878  49.977  -12.029  17.684 0.0000000000
62947  49.122  -11.389  18.494 0.0000000000
62921  49.435  -11.827  19.561 0.0000000000
58861  50.763  -15.177  22.310 0.0000000000
56303  46.486  -18.919  16.454 0.0000000000
56311  46.536  -18.266  16.153 0.0000000000
56290  47.360  -18.518  17.687 0.0000000000
56289  47.834  -18.443  18.336 0.0000000000
49488  48.913  -24.989  18.334 0.0000000000
50402  49.152  -24.405  17.958 0.0000000000
50387  50.270  -24.575  18.970 0.0000000000
48438  39.293  -27.819  20.264 0.0000000000
48361  40.239  -27.717  24.193 0.0000000000
47402  41.698  -28.134  23.614 0.0000000000
47401  42.613  -27.990  23.731 0.0000000000
47400  43.260  -27.863  24.147 0.0000000000
47389  42.799  -28.232  24.514 0.0000000000
47373  43.881  -27.947  25.504 0.0000000000
47355  44.388  -27.627  25.994 0.0000000000
43633  37.453  -32.051  26.568 0.0000000000
44666  37.422  -31.107  25.678 0.0000000000
44683  37.547  -30.296  25.145 0.0000000000
44665  38.181  -30.657  26.216 0.0000000000
44664  38.752  -30.300  26.836 0.0000000000
45564  38.840  -29.675  27.202 0.0000000000
43495  40.676  -32.505  33.994 0.0000000000
43516  40.706  -31.916  33.316 0.0000000000
46398  40.232  -28.774  30.366 0.0000000000
46399  39.920  -28.923  29.906 0.0000000000
47292  39.994  -28.113  29.912 0.0000000000
48287  39.878  -27.532  29.009 0.0000000000
48275  40.486  -27.466  29.672 0.0000000000
48274  41.022  -27.294  29.820 0.0000000000
47303  41.777  -27.529  29.904 0.0000000000
64052  49.471  -11.100  8.879 0.0000000000
64051  49.932  -11.329  8.747 0.0000000000
64083  50.718  -10.576  7.343 0.0000000000
64082  51.750  -10.742  7.272 0.0000000000
64081  52.595  -10.711  7.377 0.0000000000
64049  53.414  -11.226  8.982 0.0000000000
64016  54.661  -10.805  13.036 0.0000000000
68669  55.833  -5.622  6.468 0.0000000000
69577  56.060  -5.217  6.334 0.0000000000
68668  56.571  -5.572  6.383 0.0000000000
68667  57.168  -5.876  6.111 0.0000000000
66823  56.838  -8.160  9.122 0.0000000000
66817  57.008  -8.387  9.519 0.0000000000
65873  57.617  -8.829  10.172 0.0000000000
35486  29.030  -40.253  35.370 0.0000000000
33270  29.916  -41.492  37.381 0.0000000000
31139  15.384  -43.852  37.985 0.0000000000
30000  15.346  -44.985  40.274 0.0000000000
30001  14.663  -45.477  39.992 0.0000000000
28921  14.810  -45.670  42.170 0.0000000000
28902  14.765  -46.431  42.747 0.0000000000
60844  44.244  -13.520  14.841 0.0000000000
61912  44.749  -13.654  15.334 0.0000000000
61897  44.538  -13.816  15.585 0.0000000000
60814  44.998  -14.147  15.964 0.0000000000
49427  47.179  -25.942  21.133 0.0000000000
49363  48.701  -25.715  24.303 0.0000000000
25601  9.209  -48.658  38.505 0.0000000000
25592  7.997  -48.629  39.321 0.0000000000
24515  9.177  -50.102  40.831 0.0000000000
48520  41.601  -27.115  16.756 0.0000000000
38590  30.582  -36.737  27.089 0.0000000000
38580  30.014  -37.100  27.581 0.0000000000
38578  32.028  -36.968  27.999 0.0000000000
38563  32.259  -37.299  28.659 0.0000000000
37568  32.916  -37.293  29.424 0.0000000000
31194  25.427  -43.078  34.327 0.0000000000
31176  25.622  -43.268  35.123 0.0000000000
32248  16.302  -42.642  33.371 0.0000000000
32226  16.153  -42.961  34.142 0.0000000000
35570  25.209  -39.784  28.633 0.0000000000
35561  25.756  -40.029  29.406 0.0000000000
35560  26.225  -39.636  30.052 0.0000000000
35550  26.276  -39.783  30.752 0.0000000000
33325  25.714  -41.145  31.861 0.0000000000
33326  25.224  -41.672  31.676 0.0000000000
62969  53.005  -12.059  16.322 0.0000000000
62942  53.463  -11.224  17.507 0.0000000000
63979  53.802  -10.848  18.866 0.0000000000
63971  53.534  -10.847  19.741 0.0000000000
63964  52.808  -11.066  21.095 0.0000000000
60791  48.587  -13.392  19.387 0.0000000000
59792  49.067  -14.253  19.833 0.0000000000
59791  49.491  -14.004  20.331 0.0000000000
58021  50.146  -16.284  21.443 0.0000000000
58870  50.278  -15.346  21.628 0.0000000000
55367  45.515  -19.630  15.698 0.0000000000
55358  46.157  -19.603  16.481 0.0000000000
53369  48.246  -20.871  17.724 0.0000000000
49401  51.642  -25.634  22.242 0.0000000000
49424  51.533  -25.213  21.521 0.0000000000
48419  37.122  -27.943  21.193 0.0000000000
48418  37.874  -27.964  21.248 0.0000000000
48396  38.533  -28.032  22.414 0.0000000000
48378  39.278  -27.802  23.548 0.0000000000
49388  39.144  -27.250  24.340 0.0000000000
48348  41.026  -27.943  26.032 0.0000000000
41503  34.813  -33.559  26.127 0.0000000000
41488  36.950  -33.148  27.438 0.0000000000
42511  37.384  -32.846  27.516 0.0000000000
42510  38.167  -32.335  28.073 0.0000000000
42509  38.883  -31.845  28.524 0.0000000000
63020  48.242  -11.124  10.349 0.0000000000
63019  48.971  -11.711  10.137 0.0000000000
63005  49.490  -12.139  10.695 0.0000000000
63018  49.813  -11.844  10.009 0.0000000000
63017  50.733  -12.020  9.983 0.0000000000
61964  53.010  -12.622  12.079 0.0000000000
62978  54.118  -11.772  14.604 0.0000000000
69580  53.883  -4.735  5.868 0.0000000000
68671  54.130  -5.573  5.979 0.0000000000
68683  53.419  -5.864  5.825 0.0000000000
68670  55.054  -5.544  6.240 0.0000000000
67782  56.408  -6.314  6.685 0.0000000000
66835  56.625  -7.860  8.225 0.0000000000
64975  55.491  -9.272  8.719 0.0000000000
37536  28.737  -38.077  30.336 0.0000000000
37535  29.522  -38.048  30.165 0.0000000000
37516  29.061  -38.337  30.908 0.0000000000
36520  29.715  -38.751  31.308 0.0000000000
36503  30.363  -39.366  32.180 0.0000000000
36489  29.645  -39.299  32.847 0.0000000000
35537  30.473  -39.484  32.603 0.0000000000
35548  31.013  -39.466  32.105 0.0000000000
35510  32.102  -39.385  33.916 0.0000000000
35496  31.565  -39.533  35.393 0.0000000000
33372  21.638  -41.578  29.933 0.0000000000
31113  19.727  -43.864  39.551 0.0000000000
31084  19.400  -44.017  41.293 0.0000000000
31087  16.623  -44.496  40.877 0.0000000000
31076  17.034  -44.473  41.806 0.0000000000
29975  16.527  -44.684  42.458 0.0000000000
31064  17.295  -44.432  42.529 0.0000000000
60838  49.835  -13.510  14.886 0.0000000000
60840  47.805  -13.726  15.347 0.0000000000
61870  47.909  -12.711  18.382 0.0000000000
60860  45.209  -13.702  14.334 0.0000000000
61909  46.456  -12.871  16.129 0.0000000000
61894  45.999  -12.695  16.535 0.0000000000
60792  47.947  -13.374  18.930 0.0000000000
58896  48.164  -15.225  18.514 0.0000000000
58895  48.436  -15.560  19.168 0.0000000000
56265  49.380  -18.265  20.225 0.0000000000
51388  45.969  -23.459  16.148 0.0000000000
50417  47.163  -24.296  16.843 0.0000000000
49489  47.901  -25.232  17.991 0.0000000000
48409  50.328  -26.078  21.034 0.0000000000
48390  49.303  -26.573  21.898 0.0000000000
48410  49.698  -26.355  21.130 0.0000000000
48389  50.367  -26.247  21.824 0.0000000000
49402  51.004  -25.914  21.835 0.0000000000
48333  37.945  -27.993  24.939 0.0000000000
40436  38.270  -34.879  32.848 0.0000000000
61957  47.342  -12.560  12.219 0.0000000000
61940  48.859  -13.054  12.867 0.0000000000
60868  49.105  -13.286  13.396 0.0000000000
67786  51.327  -6.739  6.370 0.0000000000
67769  50.568  -6.642  7.382 0.0000000000
27907  12.508  -47.231  37.285 0.0000000000
27893  12.741  -47.362  38.252 0.0000000000
26737  12.382  -47.989  39.650 0.0000000000
25598  11.404  -48.342  38.720 0.0000000000
26738  11.864  -48.341  39.437 0.0000000000
25579  12.411  -48.246  40.258 0.0000000000
25590  9.832  -48.919  39.277 0.0000000000
50427  45.615  -24.246  16.204 0.0000000000
50419  45.655  -25.080  16.411 0.0000000000
48477  46.238  -26.304  18.643 0.0000000000
41546  32.366  -33.603  24.002 0.0000000000
41505  33.164  -34.015  25.857 0.0000000000
41491  34.324  -34.290  26.755 0.0000000000
40488  34.889  -34.508  27.527 0.0000000000
40446  37.494  -34.806  31.404 0.0000000000
37553  30.261  -37.898  29.697 0.0000000000
37533  31.648  -38.626  30.166 0.0000000000
37551  32.208  -38.056  29.646 0.0000000000
37550  32.866  -37.638  29.782 0.0000000000
38543  33.454  -37.177  29.641 0.0000000000
37498  33.906  -38.525  33.055 0.0000000000
38511  34.051  -37.750  31.301 0.0000000000
38525  34.028  -37.432  30.545 0.0000000000
38542  34.002  -37.069  29.865 0.0000000000
39499  34.791  -36.578  30.478 0.0000000000
40448  35.979  -35.749  31.008 0.0000000000
40447  36.624  -35.472  31.455 0.0000000000
31163  24.811  -44.103  36.412 0.0000000000
31178  23.943  -43.827  35.759 0.0000000000
30044  25.042  -44.239  36.908 0.0000000000
31149  22.471  -43.649  37.736 0.0000000000
33351  21.521  -41.919  31.044 0.0000000000
32244  20.481  -42.644  33.695 0.0000000000
32169  20.379  -43.301  37.448 0.0000000000
31152  20.025  -43.465  38.095 0.0000000000
32191  15.787  -43.465  35.232 0.0000000000
31180  15.264  -43.734  34.634 0.0000000000
32174  15.950  -43.408  35.964 0.0000000000
31140  14.721  -44.532  37.938 0.0000000000
28996  13.199  -46.519  37.004 0.0000000000
29032  12.311  -45.808  35.296 0.0000000000
28997  12.538  -46.851  36.731 0.0000000000
27920  12.101  -46.996  36.658 0.0000000000
27908  11.764  -47.391  36.882 0.0000000000
27909  10.884  -47.433  36.679 0.0000000000
27910  9.696  -47.115  36.691 0.0000000000
39592  28.088  -35.871  25.286 0.0000000000
40479  26.127  -36.557  26.798 0.0000000000
38568  26.560  -37.427  27.981 0.0000000000
39517  26.793  -37.122  28.297 0.0000000000
38528  28.092  -37.856  29.941 0.0000000000
37517  28.249  -38.062  30.939 0.0000000000
37500  28.143  -38.242  31.835 0.0000000000
37501  27.539  -38.357  31.981 0.0000000000
37486  27.966  -38.336  32.391 0.0000000000
36491  28.225  -38.584  32.929 0.0000000000
35540  26.396  -39.673  31.546 0.0000000000
35528  26.705  -39.609  32.600 0.0000000000
35516  27.049  -39.672  33.288 0.0000000000
34435  26.724  -40.557  33.446 0.0000000000
34426  28.560  -40.581  35.349 0.0000000000
33280  28.198  -41.969  35.879 0.0000000000
33271  28.728  -41.722  37.089 0.0000000000
33262  28.850  -42.055  37.451 0.0000000000
31082  21.244  -44.307  41.301 0.0000000000
27879  13.334  -46.742  39.619 0.0000000000
26729  13.316  -47.559  41.130 0.0000000000
27847  13.484  -47.104  41.160 0.0000000000
28910  14.460  -46.389  42.561 0.0000000000
63993  55.122  -11.217  16.966 0.0000000000
61890  50.940  -12.362  17.174 0.0000000000
62959  51.270  -11.803  17.557 0.0000000000
62945  50.684  -11.629  17.989 0.0000000000
63973  51.789  -11.125  19.426 0.0000000000
63972  52.479  -11.032  19.965 0.0000000000
62906  52.573  -11.567  21.370 0.0000000000
61860  49.479  -12.626  20.085 0.0000000000
62909  49.801  -12.208  20.214 0.0000000000
61849  50.835  -12.560  21.396 0.0000000000
62907  51.671  -12.054  21.131 0.0000000000
62896  52.467  -12.104  21.589 0.0000000000
60846  42.794  -13.726  14.851 0.0000000000
59811  44.917  -14.588  15.920 0.0000000000
58903  45.483  -15.279  16.246 0.0000000000
58924  44.261  -15.986  14.935 0.0000000000
58063  45.279  -16.268  15.326 0.0000000000
58909  45.949  -15.868  16.279 0.0000000000
58902  46.047  -15.281  16.680 0.0000000000
58056  47.033  -16.473  17.099 0.0000000000
58055  47.517  -16.324  17.690 0.0000000000
56288  48.176  -18.166  18.734 0.0000000000
57175  48.270  -17.718  18.937 0.0000000000
56266  48.890  -18.121  19.818 0.0000000000
56274  50.493  -18.860  20.170 0.0000000000
52376  46.821  -22.467  16.928 0.0000000000
52375  47.620  -22.366  17.020 0.0000000000
50415  48.796  -23.976  17.301 0.0000000000
52374  48.496  -22.215  17.050 0.0000000000
53382  48.637  -21.457  17.524 0.0000000000
53381  49.070  -21.412  17.795 0.0000000000
50357  51.443  -24.848  21.143 0.0000000000
50373  51.126  -24.553  20.445 0.0000000000
51346  51.443  -23.350  20.439 0.0000000000
53367  49.577  -21.172  18.182 0.0000000000
53353  49.823  -20.594  18.652 0.0000000000
55331  50.966  -19.083  19.836 0.0000000000
55320  51.690  -19.092  20.221 0.0000000000
47429  39.589  -27.965  21.279 0.0000000000
47443  40.068  -27.879  21.024 0.0000000000
47415  40.623  -28.084  22.533 0.0000000000
47427  40.643  -27.929  21.737 0.0000000000
48436  40.770  -27.634  20.833 0.0000000000
48435  41.728  -27.304  20.711 0.0000000000
48412  43.061  -26.945  21.496 0.0000000000
49408  43.770  -26.719  22.770 0.0000000000
49386  44.231  -26.487  23.339 0.0000000000
48375  43.385  -27.244  23.416 0.0000000000
48359  44.200  -26.700  24.149 0.0000000000
49367  44.711  -26.335  23.829 0.0000000000
42542  35.053  -33.078  25.669 0.0000000000
43650  36.117  -32.223  25.751 0.0000000000
43667  35.847  -31.945  25.065 0.0000000000
45602  36.977  -29.688  23.596 0.0000000000
45594  37.387  -29.711  24.252 0.0000000000
46456  37.728  -28.811  24.743 0.0000000000
48332  38.067  -28.097  25.939 0.0000000000
41439  39.316  -33.679  31.355 0.0000000000
42463  39.477  -33.026  30.818 0.0000000000
43598  39.306  -31.194  28.941 0.0000000000
44537  40.658  -30.951  32.626 0.0000000000
45514  41.004  -30.064  32.631 0.0000000000
45515  40.553  -30.407  32.253 0.0000000000
44552  40.340  -30.858  31.889 0.0000000000
44589  40.024  -30.702  30.264 0.0000000000
44590  39.737  -30.569  29.632 0.0000000000
44627  39.233  -30.417  28.410 0.0000000000
45557  39.008  -29.635  28.021 0.0000000000
46427  38.699  -28.886  27.534 0.0000000000
46428  38.520  -28.650  26.930 0.0000000000
47342  38.373  -28.189  26.693 0.0000000000
48316  38.474  -27.936  26.616 0.0000000000
49319  38.790  -27.516  26.500 0.0000000000
49318  38.988  -27.464  26.620 0.0000000000
49300  40.027  -27.243  27.909 0.0000000000
49316  40.328  -27.251  27.483 0.0000000000
49331  40.124  -27.223  26.743 0.0000000000
48331  40.372  -27.289  26.686 0.0000000000
47339  42.512  -28.032  27.448 0.0000000000
47279  42.178  -27.747  31.214 0.0000000000
47289  42.246  -27.692  30.404 0.0000000000
47302  42.091  -27.635  29.517 0.0000000000
47277  44.004  -27.574  30.777 0.0000000000
47288  43.056  -27.875  30.205 0.0000000000
47357  42.836  -28.334  26.658 0.0000000000
47338  43.503  -28.259  27.261 0.0000000000
47337  44.415  -28.022  26.900 0.0000000000
48296  45.802  -27.053  28.094 0.0000000000
48313  45.803  -26.910  26.994 0.0000000000
65924  50.939  -8.318  6.704 0.0000000000
64991  53.331  -10.155  7.120 0.0000000000
64990  54.415  -9.657  7.285 0.0000000000
64957  55.325  -9.787  10.557 0.0000000000
64956  55.877  -9.089  10.855 0.0000000000
65866  56.542  -9.500  11.665 0.0000000000
64933  56.346  -10.302  13.022 0.0000000000
64932  56.440  -10.279  12.717 0.0000000000
26721  13.433  -47.440  41.475 0.0000000000
26752  11.803  -48.186  38.977 0.0000000000
27848  13.246  -47.331  40.707 0.0000000000
30043  25.416  -44.083  36.823 0.0000000000
32264  25.494  -41.747  32.135 0.0000000000
35538  29.914  -39.417  32.752 0.0000000000
35539  26.530  -39.430  32.026 0.0000000000
35549  30.607  -39.409  32.140 0.0000000000
36476  28.979  -39.268  33.486 0.0000000000
36479  27.381  -39.154  33.351 0.0000000000
36536  26.126  -39.151  29.671 0.0000000000
37487  27.605  -38.520  32.639 0.0000000000
37488  27.339  -38.713  32.782 0.0000000000
37554  26.084  -37.908  29.610 0.0000000000
38514  26.741  -37.955  30.677 0.0000000000
39500  34.256  -36.922  30.054 0.0000000000
41476  35.243  -34.388  27.641 0.0000000000
44685  36.349  -31.475  24.920 0.0000000000
45593  37.577  -29.773  24.739 0.0000000000
46393  40.232  -29.179  30.390 0.0000000000
46439  43.370  -28.346  26.093 0.0000000000
46440  43.104  -28.442  26.125 0.0000000000
46452  43.376  -28.332  25.835 0.0000000000
46466  43.337  -28.294  25.361 0.0000000000
46467  42.986  -28.398  25.057 0.0000000000
46468  37.656  -29.295  24.684 0.0000000000
47336  44.954  -27.352  26.563 0.0000000000
47341  38.571  -28.389  27.249 0.0000000000
47360  37.924  -28.161  25.289 0.0000000000
47374  42.343  -28.349  25.107 0.0000000000
47388  43.482  -28.073  24.823 0.0000000000
47416  40.126  -28.046  22.136 0.0000000000
47442  40.428  -27.831  21.293 0.0000000000
47444  39.590  -27.906  20.836 0.0000000000
48273  41.288  -27.368  29.817 0.0000000000
48284  41.695  -27.424  29.325 0.0000000000
48285  41.370  -27.315  29.359 0.0000000000
48286  40.717  -27.260  29.174 0.0000000000
48315  40.371  -27.223  27.168 0.0000000000
48358  44.820  -26.399  24.236 0.0000000000
48360  43.773  -27.479  24.455 0.0000000000
48374  43.892  -26.745  23.542 0.0000000000
48376  42.724  -27.705  23.200 0.0000000000
48391  48.422  -26.510  21.877 0.0000000000
48415  40.769  -27.760  21.294 0.0000000000
48416  39.478  -28.019  21.624 0.0000000000
48430  50.437  -25.801  20.659 0.0000000000
48433  43.289  -26.690  21.162 0.0000000000
48452  46.571  -26.337  19.047 0.0000000000
48453  46.340  -26.381  18.974 0.0000000000
49287  40.895  -27.208  28.691 0.0000000000
49298  41.184  -27.316  28.109 0.0000000000
49301  39.453  -27.407  27.305 0.0000000000
49315  40.705  -27.300  27.871 0.0000000000
49333  38.825  -27.341  26.084 0.0000000000
49350  39.487  -27.114  25.533 0.0000000000
49351  39.181  -26.972  25.219 0.0000000000
49352  38.584  -27.255  25.380 0.0000000000
49455  43.155  -26.638  20.334 0.0000000000
49487  49.428  -24.717  18.377 0.0000000000
49494  43.544  -26.735  19.521 0.0000000000
50293  39.236  -27.292  26.178 0.0000000000
50294  39.045  -27.249  26.071 0.0000000000
50308  38.903  -27.092  25.772 0.0000000000
50329  49.097  -25.595  24.792 0.0000000000
50332  38.842  -27.029  24.861 0.0000000000
50333  38.993  -26.834  25.029 0.0000000000
50400  50.499  -23.975  18.893 0.0000000000
54402  48.448  -19.965  18.728 0.0000000000
55321  49.813  -18.870  20.190 0.0000000000
55322  49.297  -18.838  20.125 0.0000000000
55357  46.757  -19.468  16.941 0.0000000000
58004  51.090  -15.511  22.621 0.0000000000
58076  44.812  -16.583  14.950 0.0000000000
59780  49.495  -14.600  20.361 0.0000000000
61824  52.187  -13.085  21.950 0.0000000000
61836  51.295  -13.054  22.092 0.0000000000
61845  54.699  -11.787  20.374 0.0000000000
61904  53.508  -12.210  15.471 0.0000000000
62893  54.222  -11.460  21.054 0.0000000000
62904  54.861  -11.625  20.116 0.0000000000
62970  52.425  -11.986  16.625 0.0000000000
63956  53.436  -11.176  21.411 0.0000000000
63978  54.583  -10.883  18.743 0.0000000000
63985  54.837  -11.010  17.895 0.0000000000
66865  54.359  -7.245  5.883 0.0000000000
68682  53.764  -6.079  5.833 0.0000000000
