#!ascii label  , from subject demencia vox2ras=TkReg
766
76380  15.588  2.846  -30.546 0.2500000000
76379  16.181  2.903  -31.244 0.2500000000
75424  15.924  2.306  -30.809 0.7500000000
79146  15.687  5.649  -30.457 0.2500000000
78211  15.581  4.578  -30.757 0.1250000000
79153  15.801  5.478  -31.455 0.3750000000
77280  15.365  3.693  -30.238 0.2500000000
77294  15.756  3.660  -30.970 0.3750000000
75435  16.877  2.070  -32.041 0.8750000000
76395  16.668  2.651  -31.928 0.8750000000
78218  15.969  4.397  -31.541 0.3750000000
78237  16.482  4.457  -32.136 0.8750000000
77293  16.144  3.689  -31.472 0.7500000000
77327  18.200  3.770  -32.832 1.0000000000
77328  17.389  3.937  -32.688 1.0000000000
77311  16.541  3.554  -31.893 0.8750000000
76393  18.305  2.625  -32.580 1.0000000000
77310  17.041  3.292  -32.359 0.8750000000
76406  19.297  2.964  -32.884 1.0000000000
78238  16.106  5.104  -32.029 0.7500000000
79167  16.500  5.525  -32.572 0.8750000000
78261  16.967  4.692  -32.759 0.8750000000
78258  19.600  4.299  -33.043 1.0000000000
78260  17.753  4.784  -32.724 1.0000000000
77307  20.541  3.877  -33.214 1.0000000000
77326  19.063  3.781  -33.020 1.0000000000
77325  20.009  3.577  -33.247 1.0000000000
76407  18.708  3.282  -32.858 1.0000000000
79168  16.013  5.805  -32.200 0.6250000000
79186  17.271  5.694  -32.758 1.0000000000
78234  20.343  4.396  -32.887 1.0000000000
78235  19.560  5.037  -32.633 1.0000000000
78259  18.710  4.832  -32.740 1.0000000000
79184  18.553  5.718  -32.622 1.0000000000
78233  21.035  4.047  -32.983 1.0000000000
78255  22.417  4.035  -33.585 1.0000000000
77324  21.095  3.310  -33.233 1.0000000000
81614  15.187  9.032  -31.070 0.2500000000
79992  15.685  6.407  -31.122 0.2500000000
80011  15.712  6.545  -32.004 0.5000000000
80829  16.350  7.088  -33.043 1.0000000000
80028  16.779  6.556  -32.873 1.0000000000
80008  18.329  6.648  -32.718 1.0000000000
80027  17.648  6.765  -32.812 1.0000000000
79162  21.522  4.903  -32.756 1.0000000000
79163  20.374  5.446  -32.401 1.0000000000
80006  20.099  6.578  -32.333 1.0000000000
80004  21.837  5.760  -32.757 1.0000000000
79183  22.032  4.483  -33.259 1.0000000000
80023  22.295  6.016  -33.183 1.0000000000
79182  22.452  5.027  -33.541 1.0000000000
81630  15.695  8.966  -32.057 0.3750000000
80809  15.460  7.607  -31.398 0.5000000000
81651  16.143  8.890  -32.849 0.5000000000
80847  16.861  7.706  -33.173 0.8750000000
81667  17.436  8.663  -33.103 1.0000000000
80007  19.008  6.909  -32.757 1.0000000000
80846  17.730  7.787  -32.976 1.0000000000
80842  22.885  6.738  -33.206 1.0000000000
80024  22.036  6.319  -32.637 1.0000000000
80022  22.971  6.079  -33.956 0.8750000000
82547  15.096  10.594  -31.674 0.5000000000
82568  16.201  10.033  -32.496 0.6250000000
82580  16.656  9.412  -33.017 0.6250000000
82579  17.116  9.360  -33.099 1.0000000000
81668  16.792  8.769  -33.353 0.7500000000
81666  17.947  8.371  -32.855 1.0000000000
81646  21.646  8.698  -32.131 1.0000000000
81647  20.393  8.479  -32.056 1.0000000000
80827  19.675  7.681  -32.487 1.0000000000
80828  18.997  8.119  -32.749 1.0000000000
81645  22.964  8.399  -32.540 1.0000000000
80825  22.270  7.180  -32.397 1.0000000000
80826  20.897  7.431  -32.073 1.0000000000
81644  23.750  8.279  -33.466 0.8750000000
80841  23.914  7.226  -34.087 0.8750000000
82567  17.029  10.108  -32.591 0.8750000000
82546  18.853  9.757  -31.874 1.0000000000
82565  18.382  9.584  -32.238 1.0000000000
81629  20.044  9.182  -31.845 1.0000000000
81648  19.420  8.730  -32.299 1.0000000000
82563  21.843  9.845  -32.048 1.0000000000
82578  23.547  9.259  -34.180 1.0000000000
82561  23.379  9.317  -33.084 1.0000000000
83494  16.788  11.261  -32.051 0.8750000000
83493  17.797  10.860  -31.716 1.0000000000
83458  19.554  11.868  -30.391 1.0000000000
83475  18.827  10.624  -31.319 1.0000000000
84346  22.510  11.705  -31.302 1.0000000000
83472  21.474  11.012  -31.218 1.0000000000
84357  22.873  11.658  -32.683 1.0000000000
83471  22.104  11.035  -31.430 1.0000000000
83491  21.856  10.495  -31.653 1.0000000000
83489  23.059  10.108  -32.832 1.0000000000
83490  22.529  10.641  -32.136 1.0000000000
83505  23.352  10.255  -33.793 0.8750000000
110926  16.806  15.630  -29.643 1.0000000000
110914  15.168  15.224  -30.203 0.3750000000
110909  15.825  14.439  -30.542 0.8750000000
110902  18.899  13.019  -29.868 1.0000000000
84335  21.932  11.935  -30.671 1.0000000000
84337  20.835  11.598  -30.253 1.0000000000
110923  16.576  17.198  -28.893 0.8750000000
85188  17.605  13.632  -30.097 1.0000000000
110935  20.654  16.394  -28.102 1.0000000000
85175  21.701  12.776  -30.596 1.0000000000
85962  21.862  13.280  -30.589 1.0000000000
85182  22.487  12.698  -31.031 1.0000000000
110933  18.526  16.639  -28.306 1.0000000000
110936  21.255  16.063  -28.981 1.0000000000
87596  21.968  15.112  -30.823 1.0000000000
110911  20.515  13.906  -30.072 1.0000000000
92986  17.239  23.155  -27.150 0.1250000000
92997  17.093  23.212  -28.208 0.2500000000
93670  17.349  24.009  -28.034 0.1250000000
93669  18.047  23.811  -27.880 0.3750000000
93668  19.297  23.698  -27.829 0.5000000000
94347  19.190  24.368  -28.051 0.3750000000
94349  17.941  24.396  -27.773 0.2500000000
94348  18.576  24.625  -28.084 0.2500000000
95007  18.118  25.451  -27.991 0.2500000000
94359  19.126  24.705  -28.184 0.2500000000
95017  19.032  25.388  -28.522 0.2500000000
95006  18.507  25.119  -28.240 0.2500000000
95016  20.355  25.405  -28.588 0.3750000000
95681  19.820  26.227  -28.997 0.2500000000
76364  14.973  2.809  -29.903 0.1250000000
78199  15.520  4.705  -29.855 0.1250000000
83473  20.689  10.725  -31.298 1.0000000000
76357  14.652  2.190  -28.973 0.1250000000
75423  16.415  1.698  -31.344 0.6250000000
75422  17.057  1.153  -31.625 0.7500000000
75433  18.619  1.600  -32.048 1.0000000000
77268  15.395  3.669  -29.466 0.1250000000
76392  19.394  2.195  -32.362 1.0000000000
76405  20.427  2.355  -32.906 1.0000000000
77323  22.132  3.175  -33.706 1.0000000000
79983  15.458  6.813  -30.314 0.3750000000
80800  15.045  7.985  -30.225 0.2500000000
79181  23.270  5.115  -34.472 0.8750000000
81664  24.122  7.766  -34.775 0.8750000000
80857  24.044  6.772  -34.851 0.8750000000
110918  14.769  14.751  -30.275 0.1250000000
83495  15.801  11.777  -32.311 0.3750000000
83506  23.092  10.828  -33.075 1.0000000000
85189  16.375  13.472  -31.010 0.8750000000
85187  22.655  12.688  -32.152 1.0000000000
85969  22.299  13.855  -31.776 1.0000000000
86776  22.160  13.953  -30.909 1.0000000000
110924  17.429  18.476  -28.512 0.8750000000
110940  19.824  17.567  -27.536 1.0000000000
92981  16.783  22.357  -26.260 0.1250000000
92988  16.006  21.923  -27.438 0.1250000000
92293  17.973  22.008  -28.397 0.6250000000
92996  18.537  22.746  -27.814 0.6250000000
93009  20.254  23.202  -27.974 0.5000000000
93679  20.085  23.772  -27.982 0.5000000000
94337  18.038  24.685  -27.209 0.2500000000
94358  19.884  24.475  -28.146 0.5000000000
94357  21.127  24.612  -28.541 0.5000000000
95018  18.412  26.132  -28.848 0.2500000000
95682  18.890  26.300  -29.667 0.2500000000
95680  20.938  26.223  -28.830 0.3750000000
96344  19.673  26.974  -29.602 0.2500000000
75408  14.748  2.216  -29.891 0.1250000000
75407  15.376  1.824  -30.350 0.5000000000
75434  17.499  1.605  -32.045 0.7500000000
76394  17.305  2.551  -32.330 0.8750000000
77329  16.882  3.973  -32.389 1.0000000000
77309  17.616  3.209  -32.650 1.0000000000
80010  16.127  6.497  -32.695 0.8750000000
79166  18.334  6.179  -32.631 1.0000000000
78236  18.995  5.545  -32.672 1.0000000000
79165  18.761  6.174  -32.658 1.0000000000
78256  21.701  3.991  -33.255 1.0000000000
80830  15.946  7.699  -32.695 0.5000000000
80026  18.255  7.260  -32.816 1.0000000000
79161  22.012  5.427  -33.056 1.0000000000
79164  19.444  5.940  -32.531 1.0000000000
80005  21.328  6.181  -32.293 1.0000000000
82581  16.395  9.296  -32.929 0.6250000000
81650  17.930  8.955  -32.686 1.0000000000
80025  18.603  7.420  -32.801 1.0000000000
80845  18.396  7.885  -32.857 1.0000000000
80824  23.393  7.516  -33.029 0.8750000000
80036  23.637  6.129  -34.850 0.8750000000
82566  17.657  9.656  -32.556 1.0000000000
81649  18.539  8.687  -32.606 1.0000000000
82562  22.658  9.491  -32.307 1.0000000000
81628  20.808  9.309  -31.869 1.0000000000
83474  19.896  10.535  -31.221 1.0000000000
83492  18.123  10.155  -31.988 1.0000000000
82544  20.325  9.898  -31.562 1.0000000000
82564  18.923  9.304  -32.236 1.0000000000
81627  21.347  9.507  -31.979 1.0000000000
82543  21.164  10.146  -31.742 1.0000000000
83476  18.357  11.149  -31.216 1.0000000000
83457  19.792  11.220  -30.782 1.0000000000
84358  18.593  12.100  -30.693 1.0000000000
83455  21.006  11.232  -30.755 1.0000000000
83456  20.412  11.222  -30.786 1.0000000000
110907  20.823  12.326  -30.092 1.0000000000
92987  16.535  22.527  -27.045 0.1250000000
93660  17.685  23.835  -27.317 0.2500000000
76341  14.869  1.855  -28.739 0.1250000000
75394  15.065  1.345  -29.570 0.1250000000
75406  16.082  1.362  -30.636 0.6250000000
84349  15.059  13.341  -30.770 0.5000000000
84359  17.494  12.148  -31.372 0.8750000000
84360  16.639  12.682  -31.643 0.7500000000
84348  15.735  13.086  -31.515 0.8750000000
110931  19.255  18.226  -27.773 1.0000000000
92998  16.363  21.852  -28.011 0.3750000000
92292  19.022  21.371  -27.944 0.7500000000
92995  19.921  22.338  -27.569 0.7500000000
96343  20.377  26.944  -28.932 0.2500000000
95679  21.542  25.975  -28.864 0.3750000000
71876  20.146  -2.423  -32.143 0.7500000000
72740  21.455  -2.101  -33.379 0.7500000000
71877  19.177  -2.316  -31.364 0.7500000000
72716  18.446  -1.379  -30.996 0.7500000000
72727  21.200  -1.556  -33.003 0.7500000000
71890  20.589  -2.023  -32.700 0.7500000000
72715  19.362  -1.278  -31.676 0.7500000000
72726  21.592  -1.142  -33.487 0.7500000000
73615  21.360  -0.670  -33.196 0.7500000000
73616  20.725  -0.566  -32.494 0.7500000000
74476  17.700  0.515  -31.470 0.7500000000
74477  16.894  0.970  -31.304 0.6250000000
73617  19.630  -0.431  -31.983 0.7500000000
74490  18.882  0.558  -31.899 0.8750000000
73626  21.637  -0.698  -33.797 0.7500000000
74488  21.128  0.298  -33.049 0.7500000000
74489  20.060  0.407  -32.360 0.8750000000
75432  19.559  1.309  -32.265 0.8750000000
74505  22.055  0.439  -34.821 0.7500000000
74498  21.425  0.713  -33.590 0.7500000000
75442  21.211  1.326  -33.273 0.8750000000
76391  19.956  1.790  -32.528 0.8750000000
75449  22.020  1.318  -34.798 0.7500000000
76404  21.728  2.190  -33.744 0.8750000000
77346  22.796  2.781  -35.123 0.8750000000
76403  22.192  2.592  -34.187 0.8750000000
77339  22.579  2.892  -34.445 0.8750000000
77322  22.775  3.470  -34.049 0.8750000000
78289  24.295  4.411  -36.533 0.3750000000
78280  23.740  4.329  -35.983 0.6250000000
78271  23.375  4.221  -35.105 0.7500000000
78254  23.087  4.173  -34.147 0.7500000000
78288  24.803  4.517  -36.881 0.5000000000
79214  24.567  4.917  -36.730 0.5000000000
79204  24.236  5.313  -36.303 0.7500000000
79195  23.687  5.158  -35.420 0.7500000000
79219  25.520  6.057  -37.190 0.1250000000
79220  25.244  6.176  -37.286 0.3750000000
79203  24.463  5.944  -36.669 0.6250000000
80046  23.994  5.891  -35.605 0.6250000000
80035  24.066  6.497  -35.333 0.6250000000
80053  26.385  6.509  -37.149 0.1250000000
80059  25.943  6.800  -37.413 0.1250000000
80871  24.932  7.408  -37.382 0.1250000000
81696  24.199  8.233  -36.088 0.6250000000
81697  23.827  8.792  -35.840 0.6250000000
81665  23.879  8.408  -34.621 0.7500000000
80870  25.788  7.606  -37.191 0.1250000000
81695  25.649  9.157  -36.454 0.1250000000
82614  23.867  9.517  -37.084 0.1250000000
81710  23.923  8.895  -36.505 0.5000000000
82592  23.629  9.264  -35.291 0.6250000000
80869  26.612  7.409  -36.745 0.1250000000
83532  23.510  10.376  -36.668 0.5000000000
83524  23.363  10.177  -35.806 0.6250000000
83516  23.461  10.095  -34.824 0.7500000000
91580  16.352  19.205  -28.554 0.5000000000
84385  23.025  11.109  -36.180 0.6250000000
84369  22.940  11.399  -34.205 0.6250000000
84386  22.443  11.910  -36.629 0.5000000000
84378  22.544  11.686  -35.678 0.6250000000
85199  22.383  12.588  -35.029 0.6250000000
91565  18.432  19.166  -28.260 0.7500000000
85193  22.533  12.605  -33.552 0.8750000000
86785  22.311  14.604  -31.605 0.8750000000
85974  22.255  13.643  -32.955 0.8750000000
86791  22.147  14.585  -32.481 0.8750000000
87604  22.390  15.257  -31.091 0.8750000000
85210  21.994  12.562  -37.241 0.3750000000
85204  21.899  12.615  -36.383 0.5000000000
85988  21.894  13.379  -35.664 0.5000000000
85980  21.890  13.635  -34.389 0.6250000000
86003  22.238  13.282  -37.502 0.2500000000
85211  21.574  12.978  -37.031 0.3750000000
85981  21.518  14.048  -35.311 0.5000000000
91579  17.426  19.942  -28.527 0.6250000000
91577  18.719  20.414  -28.260 0.7500000000
89164  21.871  16.560  -29.503 0.7500000000
88385  22.305  16.098  -30.473 0.8750000000
85989  21.617  13.916  -36.115 0.3750000000
86806  21.266  14.692  -35.632 0.5000000000
87618  21.747  15.501  -33.036 0.7500000000
86821  21.644  14.044  -37.095 0.2500000000
92307  17.584  21.121  -28.498 0.6250000000
91564  19.461  19.801  -27.737 0.8750000000
90777  21.239  18.350  -27.458 0.8750000000
91562  21.262  19.595  -27.531 0.7500000000
89981  22.509  17.580  -28.653 0.8750000000
89178  22.492  17.140  -30.752 0.7500000000
87636  21.182  15.546  -35.901 0.2500000000
87627  20.830  15.512  -35.042 0.5000000000
86799  21.247  14.672  -34.669 0.5000000000
87644  21.666  14.700  -36.845 0.2500000000
92306  18.294  21.122  -28.385 0.5000000000
92291  20.164  20.890  -27.456 0.7500000000
92290  21.117  20.484  -27.603 0.7500000000
91576  21.865  19.863  -28.083 0.7500000000
91575  22.690  19.977  -28.932 0.7500000000
92305  21.639  21.254  -28.138 0.7500000000
90785  22.717  18.990  -29.436 0.7500000000
89998  22.488  18.197  -30.271 0.7500000000
88403  21.299  17.167  -32.914 0.5000000000
89193  21.423  17.809  -32.050 0.3750000000
89192  22.033  17.412  -31.364 0.6250000000
87628  20.226  16.195  -34.652 0.2500000000
88414  20.524  16.826  -33.638 0.3750000000
89220  20.663  17.532  -33.320 0.3750000000
92304  22.508  20.941  -28.621 0.7500000000
91574  23.041  20.358  -29.050 0.7500000000
90794  22.271  19.303  -30.220 0.6250000000
90027  21.110  18.805  -32.146 0.3750000000
90795  21.903  19.183  -30.808 0.3750000000
88428  19.820  17.254  -35.280 0.1250000000
90036  19.739  18.817  -34.387 0.1250000000
89208  20.347  18.575  -33.330 0.2500000000
92994  20.882  21.552  -27.578 0.6250000000
93008  21.144  22.545  -28.162 0.7500000000
92303  23.152  20.724  -28.970 0.7500000000
90809  22.083  19.762  -30.832 0.3750000000
91591  22.627  19.974  -29.681 0.3750000000
90823  20.838  19.758  -32.475 0.2500000000
90810  21.536  19.593  -31.477 0.3750000000
89999  22.078  18.776  -30.561 0.6250000000
90845  20.146  19.309  -35.334 0.1250000000
90836  19.725  19.249  -34.959 0.1250000000
90054  19.880  18.189  -35.399 0.1250000000
93007  22.349  22.160  -28.608 0.3750000000
92318  23.480  21.115  -29.545 0.3750000000
92337  22.049  21.216  -31.997 0.2500000000
91598  22.559  20.157  -30.454 0.3750000000
91597  23.178  20.551  -30.052 0.3750000000
91624  20.390  20.280  -33.852 0.1250000000
90043  21.100  18.952  -35.203 0.1250000000
90824  20.398  19.803  -33.404 0.1250000000
94356  22.121  25.000  -28.783 0.3750000000
93678  20.777  23.691  -28.308 0.3750000000
93676  23.254  22.883  -28.998 0.3750000000
93027  23.606  22.452  -30.914 0.3750000000
93018  23.484  22.190  -29.810 0.3750000000
92349  22.576  21.869  -32.173 0.3750000000
92336  23.030  21.459  -31.458 0.3750000000
92326  23.442  21.383  -30.444 0.3750000000
92351  21.000  21.202  -33.242 0.1250000000
91611  21.372  20.504  -32.084 0.1250000000
92338  21.334  21.074  -32.557 0.2500000000
91642  21.023  19.963  -34.323 0.1250000000
94367  22.972  24.597  -29.534 0.2500000000
93687  23.469  23.623  -30.113 0.2500000000
94366  23.350  24.495  -30.179 0.3750000000
93688  23.167  23.767  -29.178 0.3750000000
93704  23.013  23.509  -32.560 0.1250000000
93696  23.575  23.620  -31.494 0.3750000000
93040  22.354  22.560  -32.515 0.1250000000
93035  23.230  22.539  -31.973 0.2500000000
93042  20.737  21.853  -33.482 0.1250000000
92350  21.798  21.712  -32.565 0.1250000000
95014  21.934  25.737  -28.882 0.3750000000
94376  23.254  24.860  -30.201 0.2500000000
94384  23.332  24.661  -32.211 0.1250000000
92362  20.479  20.530  -34.049 0.1250000000
93718  20.026  23.385  -33.640 0.1250000000
95714  22.916  26.584  -32.410 0.1250000000
94396  21.503  24.386  -33.753 0.1250000000
95048  22.834  25.538  -32.689 0.1250000000
92375  18.552  21.993  -35.687 0.1250000000
92373  19.778  21.298  -35.061 0.1250000000
77345  23.521  3.216  -35.523 0.6250000000
86798  21.662  14.605  -33.586 0.5000000000
86814  21.540  14.420  -36.473 0.3750000000
91578  18.112  20.403  -28.501 0.6250000000
90772  20.083  18.720  -27.487 0.8750000000
91563  20.578  19.651  -27.450 0.7500000000
90776  22.525  18.502  -28.368 0.7500000000
89987  22.834  17.964  -29.280 0.7500000000
89167  22.714  17.107  -29.919 0.7500000000
88413  21.264  16.293  -33.251 0.5000000000
88402  21.745  16.272  -32.444 0.7500000000
87620  20.215  16.355  -34.130 0.5000000000
94391  22.391  24.440  -33.163 0.1250000000
93719  18.887  22.729  -34.377 0.1250000000
80864  24.356  7.399  -36.536 0.5000000000
80856  24.193  7.339  -35.310 0.6250000000
80840  24.159  7.452  -34.686 0.7500000000
84392  23.149  11.626  -36.648 0.3750000000
85209  22.654  12.510  -37.217 0.2500000000
87611  22.058  15.403  -31.986 0.7500000000
93041  21.459  22.261  -32.984 0.1250000000
86002  22.968  13.333  -37.234 0.1250000000
71006  20.353  -3.342  -32.092 0.7500000000
71007  19.754  -3.289  -31.467 0.7500000000
71864  18.456  -2.404  -30.743 0.7500000000
72703  17.885  -1.752  -30.521 0.7500000000
71032  21.384  -3.170  -33.089 0.7500000000
71901  22.175  -2.400  -33.732 0.7500000000
74462  17.372  0.108  -30.824 0.6250000000
73603  18.576  -0.432  -31.423 0.7500000000
72739  21.939  -1.509  -33.890 0.6250000000
73634  21.948  -0.535  -34.435 0.7500000000
74504  22.590  0.374  -35.335 0.6250000000
75448  22.489  1.201  -35.402 0.6250000000
76423  22.876  2.172  -35.571 0.5000000000
77344  24.250  3.156  -35.851 0.3750000000
77354  25.063  4.030  -36.844 0.1250000000
79212  26.000  5.764  -36.899 0.1250000000
80052  27.463  6.474  -36.492 0.1250000000
80863  26.964  7.666  -36.038 0.1250000000
81694  26.336  8.558  -35.986 0.1250000000
82602  25.802  9.795  -35.938 0.1250000000
82612  25.234  9.768  -36.903 0.1250000000
83531  23.806  10.720  -37.007 0.1250000000
84393  22.480  12.086  -37.063 0.2500000000
92308  16.747  20.906  -28.267 0.5000000000
86813  22.082  14.742  -37.150 0.1250000000
86820  21.964  14.204  -37.447 0.2500000000
88437  22.118  16.582  -35.891 0.1250000000
89237  20.745  17.595  -35.615 0.1250000000
90051  21.595  18.055  -35.536 0.1250000000
92294  17.057  21.941  -28.582 0.3750000000
90042  21.820  18.592  -35.063 0.1250000000
90843  22.170  19.548  -34.415 0.1250000000
92361  21.785  20.939  -34.210 0.1250000000
92370  22.568  21.526  -34.413 0.1250000000
93651  17.725  23.284  -26.824 0.1250000000
95703  22.560  26.611  -30.279 0.2500000000
95702  22.877  26.420  -30.843 0.1250000000
95710  22.428  27.309  -31.122 0.1250000000
94392  22.038  24.983  -33.566 0.1250000000
94397  20.868  24.329  -34.377 0.1250000000
92380  21.538  21.694  -35.311 0.1250000000
94405  20.252  23.915  -35.621 0.1250000000
84368  23.240  10.650  -34.524 0.7500000000
74491  18.134  1.045  -31.943 0.7500000000
81682  23.997  8.216  -35.334 0.6250000000
90771  21.839  17.101  -28.353 0.8750000000
95015  21.350  25.484  -28.755 0.3750000000
95693  21.202  27.050  -28.908 0.1250000000
95692  21.882  26.430  -29.090 0.2500000000
71889  20.936  -2.602  -32.966 0.7500000000
71902  21.665  -2.508  -33.440 0.7500000000
72717  17.699  -1.085  -30.586 0.7500000000
73604  17.836  -0.438  -30.945 0.7500000000
72728  20.300  -1.401  -32.310 0.7500000000
73602  19.103  -0.581  -31.728 0.7500000000
74475  18.505  0.123  -31.647 0.7500000000
74463  16.598  0.638  -30.606 0.6250000000
73618  18.900  -0.169  -31.790 0.7500000000
74497  21.517  0.129  -33.986 0.7500000000
75431  20.391  1.250  -32.723 0.8750000000
75441  21.704  1.114  -34.107 0.7500000000
76415  22.262  2.125  -34.801 0.7500000000
77338  23.059  3.425  -34.761 0.7500000000
77355  24.541  3.829  -36.609 0.2500000000
77356  24.038  3.754  -36.196 0.5000000000
79213  24.928  5.575  -37.105 0.2500000000
78287  25.633  4.657  -36.596 0.1250000000
80877  25.267  6.865  -37.540 0.2500000000
80055  24.526  6.525  -36.999 0.3750000000
80045  24.246  6.413  -36.135 0.6250000000
80875  26.125  7.102  -37.333 0.1250000000
80876  25.614  7.064  -37.516 0.1250000000
81709  24.416  8.481  -36.883 0.5000000000
81708  25.359  8.545  -36.896 0.1250000000
81707  26.044  8.043  -36.782 0.1250000000
82613  24.595  9.368  -37.134 0.1250000000
82626  24.219  9.874  -37.273 0.1250000000
82603  23.596  9.475  -36.276 0.6250000000
83542  23.788  10.146  -37.174 0.1250000000
84377  23.096  10.845  -35.245 0.6250000000
88392  22.214  16.356  -31.450 0.7500000000
88393  21.773  16.994  -32.036 0.6250000000
87619  20.841  15.684  -33.977 0.5000000000
88439  20.425  16.868  -35.450 0.1250000000
87635  21.904  15.366  -36.553 0.1250000000
90015  21.799  18.434  -31.138 0.6250000000
89207  20.771  18.139  -32.924 0.3750000000
88415  19.797  16.967  -34.330 0.1250000000
89221  20.041  17.968  -33.696 0.3750000000
93006  23.249  21.670  -28.919 0.3750000000
90028  20.540  19.050  -32.975 0.3750000000
89222  19.715  17.912  -34.606 0.1250000000
90035  20.066  19.059  -33.654 0.1250000000
90846  19.742  19.054  -35.293 0.1250000000
91610  22.227  20.511  -31.279 0.3750000000
91609  23.017  20.730  -30.794 0.3750000000
90835  20.194  19.803  -34.358 0.1250000000
90844  20.957  19.552  -34.668 0.1250000000
90853  20.476  18.871  -35.516 0.1250000000
93677  22.194  23.678  -28.640 0.3750000000
91636  20.410  20.236  -34.152 0.1250000000
91623  20.743  20.523  -33.086 0.1250000000
91635  20.839  20.403  -34.171 0.1250000000
91641  21.402  19.980  -34.302 0.1250000000
95033  23.034  25.449  -30.194 0.2500000000
95026  22.456  25.654  -29.434 0.2500000000
94375  23.472  24.845  -30.890 0.2500000000
93711  21.917  23.335  -32.973 0.1250000000
93713  20.385  22.467  -33.422 0.1250000000
93048  19.222  21.907  -34.025 0.1250000000
95032  23.167  26.012  -30.880 0.1250000000
95041  23.156  25.727  -31.763 0.1250000000
93716  21.868  23.900  -33.199 0.1250000000
92372  20.664  21.394  -34.703 0.1250000000
93712  20.999  22.823  -33.348 0.1250000000
96370  22.689  27.296  -31.826 0.1250000000
95709  22.845  26.584  -31.325 0.1250000000
71875  20.561  -3.031  -32.496 0.7500000000
71022  20.863  -3.648  -32.563 0.7500000000
71008  18.962  -3.063  -31.062 0.7500000000
73591  17.227  -0.420  -30.460 0.5000000000
74511  22.995  0.621  -35.793 0.6250000000
76422  23.585  2.181  -35.644 0.5000000000
83523  25.300  10.683  -36.303 0.1250000000
83530  24.530  10.561  -37.000 0.1250000000
88438  21.302  16.558  -35.806 0.1250000000
70071  20.895  -4.255  -32.177 0.6250000000
70070  21.185  -4.119  -32.335 0.6250000000
71020  22.546  -3.097  -32.935 0.3750000000
71031  21.951  -3.073  -33.379 0.6250000000
71899  23.099  -2.225  -33.243 0.2500000000
71900  22.664  -2.391  -33.516 0.3750000000
110942  16.309  21.220  -28.124 0.2500000000
72750  22.553  -1.066  -34.587 0.5000000000
73633  22.468  -0.345  -34.989 0.5000000000
73641  23.104  0.161  -35.483 0.3750000000
71003  23.170  -3.082  -32.260 0.5000000000
71021  21.685  -3.715  -32.514 0.6250000000
75455  23.079  1.467  -35.815 0.5000000000
69123  20.702  -4.867  -31.410 0.6250000000
71851  17.198  -2.272  -29.363 0.3750000000
70995  17.814  -3.086  -29.713 0.3750000000
70058  20.392  -4.203  -31.671 0.6250000000
70993  19.243  -3.669  -30.975 0.6250000000
70992  22.742  -3.892  -31.064 0.3750000000
71005  21.843  -4.108  -31.941 0.5000000000
70057  21.274  -4.510  -31.672 0.6250000000
72689  16.811  -1.573  -29.467 0.2500000000
72737  23.172  -1.648  -33.704 0.2500000000
71887  23.324  -2.438  -32.679 0.2500000000
72749  23.025  -1.238  -34.484 0.2500000000
73632  23.106  -0.392  -35.039 0.3750000000
74510  23.438  0.450  -35.392 0.2500000000
75454  23.584  1.228  -35.732 0.2500000000
76421  24.020  2.440  -35.516 0.2500000000
83477  15.259  12.170  -31.509 0.2500000000
110922  15.646  15.900  -29.699 0.2500000000
74451  15.755  1.034  -29.979 0.2500000000
72751  22.259  -0.897  -34.531 0.5000000000
71865  17.814  -2.409  -30.140 0.5000000000
71030  22.326  -2.784  -33.480 0.5000000000
72738  22.561  -1.699  -33.990 0.5000000000
72704  17.180  -1.402  -30.045 0.3750000000
70059  19.731  -4.028  -31.197 0.6250000000
73592  16.644  -0.416  -29.979 0.3750000000
71888  22.938  -2.630  -33.082 0.2500000000
71019  23.023  -2.849  -32.793 0.2500000000
72725  23.401  -1.827  -32.995 0.2500000000
71004  22.452  -3.801  -31.829 0.5000000000
70044  19.888  -4.471  -31.153 0.6250000000
70042  22.057  -4.519  -30.873 0.3750000000
73625  23.495  -0.711  -34.158 0.2500000000
75447  24.086  1.117  -35.099 0.2500000000
79965  15.246  7.328  -29.385 0.1250000000
69112  19.115  -5.399  -30.629 0.5000000000
69100  20.923  -5.825  -30.565 0.3750000000
69110  20.887  -5.325  -31.031 0.5000000000
69111  19.987  -5.159  -31.074 0.5000000000
68233  18.885  -6.103  -30.590 0.3750000000
70046  18.493  -4.733  -30.064 0.5000000000
70045  19.274  -4.440  -30.793 0.5000000000
70994  18.455  -3.485  -30.437 0.3750000000
68201  18.475  -6.483  -28.958 0.1250000000
68219  18.609  -6.484  -30.050 0.3750000000
70979  17.903  -3.888  -29.748 0.2500000000
66303  18.768  -8.249  -29.975 0.1250000000
67287  18.741  -7.187  -30.412 0.2500000000
67296  19.446  -6.916  -31.039 0.3750000000
69099  21.509  -5.463  -30.339 0.2500000000
68218  20.400  -6.711  -30.828 0.3750000000
68231  20.106  -6.261  -31.076 0.5000000000
67254  18.718  -7.561  -28.439 0.1250000000
67297  18.932  -6.715  -30.757 0.3750000000
69082  17.950  -5.335  -28.283 0.1250000000
70031  17.747  -4.568  -29.157 0.1250000000
85208  23.381  12.404  -36.810 0.1250000000
70043  21.400  -4.838  -31.083 0.3750000000
68232  19.405  -6.128  -30.916 0.5000000000
69109  21.445  -5.023  -30.804 0.3750000000
69113  18.678  -5.678  -30.179 0.2500000000
69101  18.304  -5.564  -29.467 0.1250000000
67269  18.634  -7.467  -29.686 0.1250000000
68188  18.482  -6.461  -27.779 0.1250000000
66283  18.782  -8.245  -29.256 0.1250000000
66333  18.997  -7.301  -30.834 0.3750000000
68217  20.879  -6.440  -30.332 0.2500000000
70011  17.653  -4.581  -28.487 0.1250000000
66332  19.375  -7.648  -30.906 0.2500000000
67286  20.458  -7.367  -30.641 0.2500000000
66321  19.342  -8.346  -30.389 0.1250000000
66322  18.851  -7.780  -30.474 0.1250000000
67295  19.992  -7.209  -31.134 0.2500000000
66331  19.896  -7.890  -30.820 0.1250000000
74441  16.022  0.231  -29.039 0.1250000000
91581  15.153  17.258  -28.799 0.1250000000
91567  15.572  19.535  -28.003 0.1250000000
91566  16.023  20.592  -28.169 0.1250000000
91553  15.280  19.621  -27.103 0.1250000000
92285  15.715  20.974  -27.633 0.1250000000
92295  15.725  20.446  -27.982 0.1250000000
91541  15.385  19.827  -25.739 0.1250000000
82548  14.647  10.911  -30.749 0.1250000000
72690  16.474  -1.270  -29.102 0.1250000000
110925  14.947  15.514  -29.713 0.1250000000
110937  14.537  17.504  -28.206 0.1250000000
90767  14.784  17.987  -26.728 0.1250000000
90759  14.904  18.539  -25.215 0.1250000000
91529  15.262  19.750  -24.142 0.1250000000
92277  15.536  20.803  -26.593 0.1250000000
74442  15.586  0.836  -29.317 0.1250000000
110941  16.084  21.243  -28.027 0.1250000000
72705  16.638  -1.052  -29.609 0.1250000000
83478  14.828  11.957  -30.914 0.1250000000
74450  16.155  0.319  -29.706 0.1250000000
73578  16.339  -0.466  -29.370 0.1250000000
74421  16.213  0.436  -28.344 0.1250000000
73568  16.352  -0.493  -28.713 0.1250000000
90773  14.789  18.342  -27.836 0.1250000000
89966  14.754  17.763  -25.779 0.1250000000
89967  14.785  17.214  -26.126 0.1250000000
91540  15.859  20.617  -24.818 0.1250000000
70991  23.424  -3.350  -31.134 0.1250000000
71874  23.753  -2.455  -31.758 0.1250000000
74503  23.671  0.207  -34.643 0.1250000000
75429  24.422  1.299  -32.597 0.1250000000
75440  24.125  0.818  -34.157 0.1250000000
76402  24.429  2.121  -33.908 0.1250000000
76414  23.902  1.819  -35.459 0.1250000000
76412  24.821  2.697  -34.196 0.1250000000
77337  24.275  2.868  -35.343 0.1250000000
68216  21.686  -6.329  -29.703 0.1250000000
69098  22.370  -5.523  -29.810 0.1250000000
70029  22.808  -4.736  -30.035 0.1250000000
70990  24.434  -3.358  -30.369 0.1250000000
70040  23.720  -3.712  -30.427 0.1250000000
72713  24.144  -1.639  -31.640 0.1250000000
73613  23.964  -0.150  -32.189 0.1250000000
74486  23.847  0.325  -32.728 0.1250000000
74485  24.368  0.436  -32.000 0.1250000000
76401  25.028  2.494  -33.397 0.1250000000
77336  25.084  3.384  -35.045 0.1250000000
77335  25.775  3.880  -34.840 0.1250000000
77321  25.436  3.172  -33.724 0.1250000000
77343  25.122  3.688  -36.268 0.1250000000
70041  23.072  -3.995  -30.478 0.1250000000
76413  24.205  2.294  -34.861 0.1250000000
72714  23.681  -1.758  -32.325 0.1250000000
75446  24.209  1.552  -34.346 0.1250000000
70030  22.134  -4.984  -30.149 0.1250000000
71873  24.310  -2.155  -31.191 0.1250000000
73614  23.637  -0.835  -32.800 0.1250000000
73601  23.820  -1.201  -31.972 0.1250000000
74496  23.802  0.086  -33.679 0.1250000000
75439  24.238  1.453  -33.588 0.1250000000
76390  24.604  1.963  -33.165 0.1250000000
77306  25.439  2.968  -32.884 0.1250000000
67284  22.010  -7.227  -29.427 0.1250000000
68215  22.770  -6.384  -29.631 0.1250000000
77320  25.805  3.940  -34.133 0.1250000000
68230  20.555  -6.105  -30.703 0.3750000000
69122  20.960  -4.934  -31.398 0.6250000000
70056  21.914  -4.261  -31.595 0.5000000000
73642  22.859  0.054  -35.409 0.3750000000
74464  15.938  1.225  -30.367 0.2500000000
74487  21.405  -0.259  -33.530 0.7500000000
75379  14.735  1.673  -29.119 0.1250000000
75395  14.696  1.892  -29.595 0.1250000000
75430  23.986  0.831  -33.357 0.1250000000
76365  14.679  2.400  -29.477 0.1250000000
76416  21.915  1.692  -34.409 0.7500000000
77308  20.242  4.006  -33.305 1.0000000000
78217  16.300  4.014  -31.748 0.8750000000
78257  20.019  4.108  -33.277 1.0000000000
78270  25.770  3.899  -35.174 0.1250000000
79185  18.029  5.786  -32.639 1.0000000000
80009  18.070  6.389  -32.668 1.0000000000
80054  25.882  6.219  -37.181 0.1250000000
80060  25.604  6.523  -37.384 0.1250000000
80061  25.032  6.495  -37.401 0.2500000000
80823  23.801  7.654  -33.438 0.8750000000
80843  22.387  6.546  -32.812 1.0000000000
80844  18.914  7.594  -32.797 1.0000000000
80848  16.401  8.401  -33.152 0.7500000000
81669  16.436  8.964  -33.189 0.6250000000
81683  23.796  8.665  -35.291 0.7500000000
82545  19.434  9.680  -31.733 1.0000000000
82625  24.594  9.962  -37.244 0.1250000000
82627  23.955  9.943  -37.291 0.1250000000
83540  24.347  10.163  -37.267 0.1250000000
83541  24.087  10.237  -37.271 0.1250000000
84336  21.521  11.946  -30.500 1.0000000000
84347  21.992  11.351  -30.979 1.0000000000
85205  21.610  13.070  -36.757 0.3750000000
85996  21.702  13.288  -36.437 0.5000000000
85997  21.567  13.561  -36.843 0.2500000000
86004  21.717  13.414  -37.351 0.2500000000
86812  22.709  14.461  -36.758 0.1250000000
86819  22.436  13.823  -37.345 0.2500000000
87637  20.486  16.198  -35.207 0.2500000000
87643  21.828  14.731  -37.089 0.2500000000
88416  19.612  17.302  -34.907 0.1250000000
88427  19.812  16.682  -35.069 0.1250000000
88440  20.026  17.352  -35.438 0.1250000000
89166  22.665  17.432  -29.376 0.7500000000
89230  19.717  17.812  -35.126 0.1250000000
89238  20.176  17.695  -35.498 0.1250000000
89239  19.893  17.654  -35.363 0.1250000000
89986  22.694  17.661  -28.983 0.8750000000
90014  22.250  17.792  -30.860 0.7500000000
90044  19.822  18.786  -35.473 0.1250000000
90045  19.658  18.581  -35.082 0.1250000000
90052  20.995  18.418  -35.514 0.1250000000
90053  20.272  18.458  -35.562 0.1250000000
90834  20.628  19.931  -34.341 0.1250000000
90852  20.688  19.061  -35.305 0.1250000000
91590  23.092  20.432  -29.340 0.7500000000
92363  19.740  21.052  -34.275 0.1250000000
92364  18.993  21.141  -34.588 0.1250000000
92374  18.873  21.447  -35.391 0.1250000000
92382  19.919  21.955  -35.693 0.1250000000
92383  19.138  21.981  -36.187 0.1250000000
92384  18.498  22.377  -36.090 0.1250000000
93047  20.035  21.819  -33.731 0.1250000000
93049  18.651  21.853  -34.630 0.1250000000
93055  18.476  22.115  -35.147 0.1250000000
93056  18.378  22.507  -35.537 0.1250000000
93065  19.125  22.857  -36.277 0.1250000000
93066  18.359  22.958  -35.896 0.1250000000
93717  21.373  23.651  -33.406 0.1250000000
93720  18.559  22.364  -34.766 0.1250000000
93723  20.215  24.014  -34.570 0.1250000000
93724  19.556  23.673  -35.010 0.1250000000
93725  18.550  22.896  -35.104 0.1250000000
93726  18.395  22.865  -35.471 0.1250000000
93734  20.149  23.368  -36.030 0.1250000000
93735  18.877  23.401  -35.720 0.1250000000
93736  18.451  23.100  -35.514 0.1250000000
94395  21.785  24.110  -33.360 0.1250000000
95049  22.458  25.465  -33.407 0.1250000000
110903  20.293  11.946  -30.209 1.0000000000
110932  19.175  17.453  -27.706 1.0000000000
