#!ascii label  , from subject demencia vox2ras=TkReg
260
15046  40.493  -58.643  -22.361 0.0000000000
16247  37.828  -56.672  -32.350 0.0000000000
10038  40.036  -63.519  -25.694 0.0000000000
14080  35.886  -59.996  -27.561 0.0000000000
12105  39.393  -61.588  -31.654 0.0000000000
11052  39.753  -62.947  -28.705 0.0000000000
10125  37.809  -63.909  -30.796 0.0000000000
14114  35.910  -59.004  -30.495 0.0000000000
16181  33.582  -57.556  -27.528 0.0000000000
12993  41.174  -60.771  -23.331 0.0000000000
13041  39.648  -61.365  -26.633 0.0000000000
12066  38.314  -61.600  -29.493 0.0000000000
14139  39.577  -59.149  -31.598 0.0000000000
110541  40.852  -59.563  -33.389 0.0000000000
17281  40.072  -56.377  -21.097 0.0000000000
13985  40.912  -59.822  -20.419 0.0000000000
9977  40.232  -63.279  -21.620 0.0000000000
15067  35.102  -58.100  -24.707 0.0000000000
9158  37.528  -64.739  -28.830 0.0000000000
15149  36.852  -57.686  -31.461 0.0000000000
16222  35.183  -57.336  -30.819 0.0000000000
11957  41.217  -61.775  -24.215 0.0000000000
11999  40.505  -62.056  -26.253 0.0000000000
11080  39.273  -62.368  -30.567 0.0000000000
12065  38.873  -61.854  -29.756 0.0000000000
12085  39.035  -61.494  -30.662 0.0000000000
14111  39.256  -60.100  -31.194 0.0000000000
14110  39.759  -60.469  -31.368 0.0000000000
110547  41.831  -57.916  -33.496 0.0000000000
12950  39.321  -60.624  -20.188 0.0000000000
11876  40.757  -61.673  -20.258 0.0000000000
10913  39.594  -62.096  -20.421 0.0000000000
14067  37.148  -60.250  -26.298 0.0000000000
15078  35.460  -58.945  -25.643 0.0000000000
18570  32.684  -55.455  -27.500 0.0000000000
16152  33.385  -56.623  -26.013 0.0000000000
10050  39.421  -64.076  -26.042 0.0000000000
10064  40.084  -63.251  -27.204 0.0000000000
10087  39.428  -63.600  -28.282 0.0000000000
10107  38.778  -63.721  -29.634 0.0000000000
10139  39.058  -62.687  -31.247 0.0000000000
14086  35.717  -60.167  -28.671 0.0000000000
15096  34.575  -58.904  -27.632 0.0000000000
15120  34.553  -58.338  -29.342 0.0000000000
16212  33.415  -57.017  -29.402 0.0000000000
18638  38.075  -55.430  -33.100 0.0000000000
14015  41.130  -59.708  -22.621 0.0000000000
13030  38.620  -60.670  -25.647 0.0000000000
13043  37.893  -60.712  -26.476 0.0000000000
12024  39.623  -62.093  -27.793 0.0000000000
12026  38.345  -61.392  -27.717 0.0000000000
13074  36.944  -60.867  -28.249 0.0000000000
13097  37.311  -60.176  -30.348 0.0000000000
15133  37.649  -58.890  -31.183 0.0000000000
16231  38.376  -57.470  -32.206 0.0000000000
13120  40.496  -60.326  -32.476 0.0000000000
15145  41.494  -58.960  -32.650 0.0000000000
110548  41.069  -57.513  -32.493 0.0000000000
18636  39.635  -56.278  -33.052 0.0000000000
18488  40.033  -55.952  -21.992 0.0000000000
16107  40.525  -57.261  -21.446 0.0000000000
16093  40.401  -57.700  -20.663 0.0000000000
15038  41.667  -58.739  -21.267 0.0000000000
12966  41.987  -60.441  -21.544 0.0000000000
10940  41.531  -62.127  -22.160 0.0000000000
10004  40.499  -63.502  -23.465 0.0000000000
9068  39.615  -64.291  -22.918 0.0000000000
9096  39.715  -64.859  -24.248 0.0000000000
16165  33.939  -57.853  -26.502 0.0000000000
16114  39.819  -57.542  -22.406 0.0000000000
15047  39.460  -58.571  -22.403 0.0000000000
16232  37.450  -57.087  -32.004 0.0000000000
16233  36.249  -57.087  -31.522 0.0000000000
10974  40.762  -62.582  -24.203 0.0000000000
11958  40.928  -61.942  -24.852 0.0000000000
10994  40.538  -62.601  -25.392 0.0000000000
12084  39.324  -61.637  -31.101 0.0000000000
12064  39.194  -62.109  -30.165 0.0000000000
13094  39.441  -60.791  -31.202 0.0000000000
110550  40.860  -57.492  -34.099 0.0000000000
14068  36.238  -59.861  -26.594 0.0000000000
14059  36.490  -59.676  -25.527 0.0000000000
10065  39.485  -63.739  -27.136 0.0000000000
9156  38.871  -64.228  -27.532 0.0000000000
9175  37.890  -64.250  -29.762 0.0000000000
10124  38.325  -63.681  -30.612 0.0000000000
10123  39.221  -63.064  -30.562 0.0000000000
10140  38.569  -62.995  -31.574 0.0000000000
14096  35.818  -59.751  -29.804 0.0000000000
15105  35.224  -59.503  -29.008 0.0000000000
15119  35.233  -58.817  -29.695 0.0000000000
16211  33.988  -57.596  -29.865 0.0000000000
17410  33.452  -56.597  -30.034 0.0000000000
18599  33.076  -55.763  -29.668 0.0000000000
14029  40.911  -60.152  -23.185 0.0000000000
14030  40.626  -59.977  -23.001 0.0000000000
12994  40.318  -60.382  -23.556 0.0000000000
13031  37.997  -60.469  -25.906 0.0000000000
13042  38.925  -61.212  -26.742 0.0000000000
11027  40.084  -62.788  -27.746 0.0000000000
12023  40.195  -62.253  -27.044 0.0000000000
11028  39.712  -62.584  -28.316 0.0000000000
12049  38.868  -61.916  -28.690 0.0000000000
12050  38.275  -61.589  -28.417 0.0000000000
13073  37.732  -61.293  -27.955 0.0000000000
13084  37.574  -61.340  -29.044 0.0000000000
13085  36.949  -60.678  -29.499 0.0000000000
13096  38.013  -60.860  -30.449 0.0000000000
14112  38.233  -59.612  -30.948 0.0000000000
14140  38.583  -58.782  -31.540 0.0000000000
15147  39.430  -58.070  -32.313 0.0000000000
15175  37.159  -59.059  -33.377 0.0000000000
110543  40.296  -59.264  -33.561 0.0000000000
14166  39.049  -59.955  -33.503 0.0000000000
14165  40.095  -59.908  -33.475 0.0000000000
14158  40.587  -60.053  -33.163 0.0000000000
14137  40.883  -59.844  -32.693 0.0000000000
15144  41.391  -59.321  -33.001 0.0000000000
110549  42.065  -57.191  -32.925 0.0000000000
110546  41.684  -58.042  -32.642 0.0000000000
17460  41.453  -56.491  -32.931 0.0000000000
110551  40.036  -56.880  -32.877 0.0000000000
18489  39.646  -55.418  -21.837 0.0000000000
18473  40.081  -56.118  -21.386 0.0000000000
17280  40.230  -56.544  -21.517 0.0000000000
15023  39.595  -58.582  -20.263 0.0000000000
16094  39.311  -57.564  -20.388 0.0000000000
15022  40.677  -58.827  -20.270 0.0000000000
16092  41.236  -58.350  -20.683 0.0000000000
15021  41.392  -59.088  -20.595 0.0000000000
14005  41.913  -59.579  -21.859 0.0000000000
13984  41.717  -59.871  -20.949 0.0000000000
10911  40.977  -62.413  -20.780 0.0000000000
10910  41.420  -62.138  -21.154 0.0000000000
9975  41.176  -62.756  -21.545 0.0000000000
10003  40.956  -63.066  -22.827 0.0000000000
9991  40.491  -63.599  -22.445 0.0000000000
10022  38.489  -64.423  -24.169 0.0000000000
9097  38.720  -64.836  -24.265 0.0000000000
8194  39.503  -65.005  -23.911 0.0000000000
16180  34.091  -58.272  -27.312 0.0000000000
15088  34.571  -58.665  -26.558 0.0000000000
17353  33.568  -56.142  -25.553 0.0000000000
15134  36.649  -58.471  -31.096 0.0000000000
15135  35.663  -58.217  -30.511 0.0000000000
13011  41.147  -61.326  -23.944 0.0000000000
13012  40.629  -61.206  -24.626 0.0000000000
12000  40.058  -61.651  -26.713 0.0000000000
11065  39.465  -62.708  -29.747 0.0000000000
12048  39.275  -62.421  -29.012 0.0000000000
12086  38.597  -61.402  -30.351 0.0000000000
13095  38.991  -60.885  -30.985 0.0000000000
14138  40.534  -59.717  -31.729 0.0000000000
110542  41.265  -58.930  -33.457 0.0000000000
110545  41.102  -58.226  -33.737 0.0000000000
16273  41.626  -57.079  -34.130 0.0000000000
13986  39.928  -59.679  -20.169 0.0000000000
12948  41.198  -60.762  -20.543 0.0000000000
12949  40.346  -60.720  -20.206 0.0000000000
11877  39.867  -61.590  -20.150 0.0000000000
10926  40.005  -62.866  -21.160 0.0000000000
15077  36.057  -59.176  -25.117 0.0000000000
17387  33.028  -56.491  -27.764 0.0000000000
16166  33.364  -57.014  -26.607 0.0000000000
17372  32.985  -56.024  -26.505 0.0000000000
11007  40.363  -62.842  -26.605 0.0000000000
10049  39.923  -63.467  -26.560 0.0000000000
10086  39.907  -63.320  -27.744 0.0000000000
10088  39.042  -63.690  -28.946 0.0000000000
10106  39.373  -63.310  -29.335 0.0000000000
15095  35.178  -59.537  -28.053 0.0000000000
15106  34.697  -58.952  -28.707 0.0000000000
16196  34.014  -58.215  -28.438 0.0000000000
16210  34.911  -58.074  -30.050 0.0000000000
16197  33.426  -57.273  -28.664 0.0000000000
17398  33.099  -56.446  -29.025 0.0000000000
18585  32.798  -55.378  -28.621 0.0000000000
17445  38.164  -56.261  -32.657 0.0000000000
14016  40.129  -59.548  -22.682 0.0000000000
14079  36.755  -60.362  -27.265 0.0000000000
12001  39.498  -61.547  -27.122 0.0000000000
12025  38.924  -61.554  -27.695 0.0000000000
13059  38.607  -61.317  -27.346 0.0000000000
13060  38.147  -61.156  -27.235 0.0000000000
13061  37.430  -60.846  -27.302 0.0000000000
14085  36.312  -60.406  -28.086 0.0000000000
13075  36.383  -60.549  -28.777 0.0000000000
13086  36.223  -60.338  -29.381 0.0000000000
14113  36.855  -59.473  -30.623 0.0000000000
15148  37.876  -58.045  -31.619 0.0000000000
11101  38.817  -62.256  -32.208 0.0000000000
14167  37.858  -59.946  -33.384 0.0000000000
13140  39.790  -60.939  -32.616 0.0000000000
13121  40.060  -60.771  -31.959 0.0000000000
15146  40.810  -58.567  -32.127 0.0000000000
15162  39.001  -57.184  -32.582 0.0000000000
17444  39.021  -56.544  -32.773 0.0000000000
18637  39.082  -55.902  -33.111 0.0000000000
18504  39.855  -55.706  -22.964 0.0000000000
17308  39.926  -56.241  -22.678 0.0000000000
17291  40.239  -56.787  -22.121 0.0000000000
17292  40.145  -57.189  -22.324 0.0000000000
16113  40.741  -57.753  -22.001 0.0000000000
17271  39.736  -56.757  -20.734 0.0000000000
16112  41.317  -58.251  -21.651 0.0000000000
15045  41.316  -58.741  -21.993 0.0000000000
12977  41.760  -60.536  -22.335 0.0000000000
12947  41.739  -60.831  -21.027 0.0000000000
11892  41.717  -61.457  -21.640 0.0000000000
11912  41.533  -61.461  -22.649 0.0000000000
10973  41.213  -62.197  -23.660 0.0000000000
10956  40.931  -62.705  -23.382 0.0000000000
10020  40.166  -63.752  -24.522 0.0000000000
9066  40.186  -64.241  -23.254 0.0000000000
9081  40.102  -64.379  -23.878 0.0000000000
10021  39.883  -64.451  -24.476 0.0000000000
15087  35.344  -59.399  -26.853 0.0000000000
15079  34.490  -58.159  -25.628 0.0000000000
16151  33.891  -57.203  -25.538 0.0000000000
8193  39.516  -65.088  -24.097 0.0000000000
8205  39.432  -65.190  -24.273 0.0000000000
8217  39.390  -65.238  -24.460 0.0000000000
9067  39.906  -64.389  -22.961 0.0000000000
9082  39.734  -64.745  -23.701 0.0000000000
9083  39.375  -64.690  -23.546 0.0000000000
9095  40.001  -64.456  -24.254 0.0000000000
9110  39.328  -65.119  -24.619 0.0000000000
9188  37.840  -64.029  -30.475 0.0000000000
9960  40.568  -62.657  -20.981 0.0000000000
9961  40.358  -62.830  -21.156 0.0000000000
9976  40.793  -62.947  -21.431 0.0000000000
9990  41.241  -62.878  -22.081 0.0000000000
10023  38.191  -63.835  -24.325 0.0000000000
10912  40.196  -62.444  -20.595 0.0000000000
10924  41.410  -62.364  -21.604 0.0000000000
10925  41.167  -62.574  -21.263 0.0000000000
10955  41.307  -62.309  -22.888 0.0000000000
11051  39.907  -63.177  -28.155 0.0000000000
11093  39.005  -62.437  -31.608 0.0000000000
11100  39.100  -62.189  -31.872 0.0000000000
11875  41.420  -61.591  -20.793 0.0000000000
11878  38.968  -61.565  -20.397 0.0000000000
11933  41.330  -61.620  -23.473 0.0000000000
11979  40.614  -61.768  -25.463 0.0000000000
12978  40.272  -60.036  -23.021 0.0000000000
13044  37.299  -60.529  -26.822 0.0000000000
13139  40.305  -60.418  -32.770 0.0000000000
14060  35.863  -59.488  -26.139 0.0000000000
14066  37.697  -60.387  -26.033 0.0000000000
14095  36.567  -60.174  -30.014 0.0000000000
14136  41.249  -59.464  -33.179 0.0000000000
15068  34.487  -57.711  -25.133 0.0000000000
15173  39.627  -59.312  -33.570 0.0000000000
16106  41.138  -57.908  -21.275 0.0000000000
16246  38.275  -56.858  -32.425 0.0000000000
17270  40.231  -56.902  -21.079 0.0000000000
17409  33.898  -56.951  -30.567 0.0000000000
17430  37.522  -56.486  -32.356 0.0000000000
18474  39.658  -55.834  -21.055 0.0000000000
110544  40.677  -59.075  -33.600 0.0000000000
