#!ascii label  , from subject demencia vox2ras=TkReg
1665
14256  37.704  -59.424  -41.178 0.2000000030
14241  38.193  -59.214  -40.273 0.2000000030
15282  38.240  -58.653  -40.912 0.2000000030
14242  37.114  -60.155  -40.460 0.2000000030
16455  37.512  -58.380  -43.249 0.1000000015
14226  38.514  -58.961  -39.656 0.3000000119
15281  38.705  -58.542  -40.198 0.2000000030
15297  37.749  -58.725  -41.731 0.1000000015
14273  37.330  -59.346  -41.882 0.2000000030
16412  37.934  -57.961  -41.208 0.1000000015
16434  37.631  -58.185  -42.373 0.1000000015
16435  37.178  -57.776  -42.003 0.1000000015
16457  36.811  -57.500  -42.404 0.1000000015
16456  37.132  -57.658  -42.972 0.1000000015
17640  35.505  -56.351  -42.222 0.1000000015
17638  36.769  -57.376  -43.100 0.1000000015
17639  36.309  -57.061  -42.647 0.1000000015
18769  35.206  -55.742  -42.113 0.2000000030
18768  35.678  -56.023  -43.042 0.1000000015
16395  37.715  -57.534  -40.340 0.1000000015
17577  36.771  -57.141  -39.739 0.1000000015
16411  38.547  -58.132  -40.506 0.2000000030
16413  36.984  -57.590  -40.973 0.1000000015
16414  36.329  -57.355  -41.126 0.1000000015
18759  35.137  -56.088  -41.484 0.1000000015
19895  34.757  -55.004  -41.309 0.2000000030
21032  34.151  -54.207  -40.794 0.1000000015
19907  35.361  -55.213  -42.350 0.2000000030
21031  34.857  -53.508  -41.088 0.2000000030
22101  35.552  -52.844  -41.113 0.1000000015
22100  36.213  -52.249  -41.257 0.1000000015
17594  36.435  -57.319  -40.598 0.1000000015
17619  35.612  -56.718  -41.627 0.1000000015
21016  33.876  -53.346  -40.217 0.2000000030
22088  34.361  -52.665  -40.208 0.2000000030
22074  34.790  -52.012  -39.829 0.2000000030
22087  35.156  -52.229  -40.410 0.2000000030
22086  35.996  -51.871  -40.704 0.2000000030
17595  35.809  -56.939  -40.657 0.1000000015
18723  35.906  -56.297  -39.461 0.1000000015
18741  35.172  -56.018  -40.456 0.1000000015
19880  33.940  -54.418  -40.138 0.2000000030
23255  35.157  -51.720  -39.467 0.3000000119
23268  36.278  -51.531  -40.245 0.2000000030
23267  37.238  -51.465  -40.471 0.2000000030
23280  37.780  -51.558  -41.704 0.2000000030
19866  33.585  -54.084  -39.299 0.3000000119
19879  34.509  -55.081  -40.240 0.2000000030
23256  34.642  -51.806  -39.068 0.3000000119
23231  35.470  -51.082  -38.319 0.3000000119
24396  36.198  -50.689  -38.418 0.3000000119
23243  35.753  -51.184  -38.873 0.3000000119
23254  36.283  -51.259  -39.474 0.2000000030
23266  37.906  -51.362  -40.842 0.2000000030
24387  34.888  -50.766  -37.331 0.4000000060
23245  34.258  -51.675  -38.628 0.3000000119
23232  34.769  -51.254  -37.939 0.3000000119
21001  33.332  -53.061  -39.059 0.2000000030
22075  34.226  -52.219  -39.548 0.2000000030
24409  36.532  -50.812  -38.929 0.3000000119
23253  37.302  -51.287  -39.748 0.2000000030
24408  37.326  -50.828  -39.142 0.2000000030
23252  38.116  -51.246  -40.074 0.2000000030
24370  35.433  -50.193  -37.042 0.3000000119
24386  35.677  -50.629  -37.765 0.3000000119
24395  37.170  -50.494  -38.548 0.2000000030
24393  38.798  -50.313  -39.072 0.2000000030
24394  38.133  -50.437  -38.740 0.2000000030
24406  38.620  -50.540  -39.823 0.1000000015
24407  38.204  -50.863  -39.366 0.2000000030
24420  38.452  -50.459  -40.637 0.2000000030
23265  38.268  -50.978  -41.231 0.2000000030
25448  36.365  -49.503  -36.894 0.3000000119
25466  36.293  -50.090  -37.426 0.3000000119
25447  37.406  -49.234  -37.311 0.2000000030
25465  37.141  -49.765  -37.572 0.3000000119
25446  37.751  -49.153  -37.556 0.2000000030
24385  36.744  -50.286  -37.956 0.3000000119
24384  37.746  -50.054  -38.137 0.1000000015
25493  38.967  -50.045  -39.301 0.1000000015
25478  39.058  -50.060  -38.914 0.1000000015
25479  38.494  -49.704  -38.623 0.1000000015
25506  38.728  -50.038  -40.073 0.1000000015
26616  35.956  -48.813  -36.270 0.3000000119
26615  37.034  -48.627  -36.693 0.2000000030
27693  37.943  -47.867  -36.662 0.2000000030
27692  39.153  -47.290  -36.531 0.1000000015
26614  37.757  -48.768  -37.438 0.1000000015
25464  37.872  -49.380  -37.820 0.1000000015
25494  38.489  -49.643  -39.477 0.1000000015
27694  37.124  -47.969  -36.216 0.2000000030
27715  38.877  -47.720  -37.280 0.1000000015
27716  37.954  -48.009  -37.606 0.1000000015
26633  38.092  -48.970  -37.962 0.1000000015
26645  37.954  -48.695  -38.209 0.1000000015
27735  39.315  -47.409  -37.677 0.1000000015
27714  39.839  -47.732  -37.311 0.1000000015
19894  35.546  -54.370  -42.004 0.1000000015
14030  40.626  -59.977  -23.001 0.5000000000
14005  41.913  -59.579  -21.859 0.5000000000
14015  41.130  -59.708  -22.621 0.5000000000
14016  40.129  -59.548  -22.682 0.5000000000
14017  38.917  -59.526  -22.998 0.5000000000
13986  39.928  -59.679  -20.169 0.2000000030
12948  41.198  -60.762  -20.543 0.2000000030
13985  40.912  -59.822  -20.419 0.3000000119
13984  41.717  -59.871  -20.949 0.3000000119
15045  41.316  -58.741  -21.993 0.5000000000
15046  40.493  -58.643  -22.361 0.5000000000
14031  38.726  -59.958  -23.810 0.5000000000
14046  38.391  -60.181  -24.548 0.5000000000
14067  37.148  -60.250  -26.298 0.5000000000
15023  39.595  -58.582  -20.263 0.3000000119
15022  40.677  -58.827  -20.270 0.3000000119
15038  41.667  -58.739  -21.267 0.5000000000
15047  39.460  -58.571  -22.403 0.5000000000
14032  37.954  -59.666  -23.722 0.5000000000
14047  37.280  -59.752  -24.565 0.5000000000
13096  38.013  -60.860  -30.449 0.4000000060
13085  36.949  -60.678  -29.499 0.5000000000
13074  36.944  -60.867  -28.249 0.5000000000
14079  36.755  -60.362  -27.265 0.5000000000
13097  37.311  -60.176  -30.348 0.4000000060
16094  39.311  -57.564  -20.388 0.4000000060
16093  40.401  -57.700  -20.663 0.4000000060
16112  41.317  -58.251  -21.651 0.5000000000
16107  40.525  -57.261  -21.446 0.5000000000
16113  40.741  -57.753  -22.001 0.5000000000
16114  39.819  -57.542  -22.406 0.5000000000
17292  40.145  -57.189  -22.324 0.5000000000
16115  38.971  -57.450  -22.533 0.5000000000
14018  37.737  -59.044  -23.008 0.5000000000
14059  36.490  -59.676  -25.527 0.6000000238
14085  36.312  -60.406  -28.086 0.5000000000
14068  36.238  -59.861  -26.594 0.5000000000
14111  39.256  -60.100  -31.194 0.4000000060
16097  34.487  -57.876  -20.510 0.1000000015
16082  35.140  -57.475  -20.318 0.1000000015
17261  34.539  -56.415  -20.041 0.1000000015
15010  35.849  -58.407  -20.344 0.1000000015
16081  36.173  -57.513  -20.228 0.1000000015
17260  35.563  -56.578  -20.129 0.1000000015
17259  36.634  -56.591  -20.248 0.1000000015
15024  38.519  -58.324  -20.275 0.2000000030
15008  37.605  -58.511  -20.261 0.1000000015
17280  40.230  -56.544  -21.517 0.4000000060
17291  40.239  -56.787  -22.121 0.5000000000
17309  39.654  -56.653  -22.743 0.5000000000
16124  39.488  -56.983  -22.666 0.5000000000
14033  36.914  -59.020  -23.763 0.5000000000
14080  35.886  -59.996  -27.561 0.5000000000
13075  36.383  -60.549  -28.777 0.5000000000
14112  38.233  -59.612  -30.948 0.4000000060
15146  40.810  -58.567  -32.127 0.5000000000
15030  31.296  -58.246  -20.178 0.1000000015
16099  32.885  -57.751  -20.549 0.1000000015
16098  33.740  -57.800  -20.559 0.1000000015
16083  34.169  -57.118  -20.319 0.1000000015
16084  33.276  -57.072  -20.319 0.1000000015
18477  36.973  -55.118  -21.349 0.2000000030
19605  36.513  -54.503  -21.895 0.2000000030
15009  36.695  -58.401  -20.259 0.1000000015
16080  37.183  -57.573  -20.259 0.1000000015
18446  36.487  -56.102  -20.289 0.1000000015
16096  37.843  -57.264  -20.350 0.2000000030
17258  37.444  -56.892  -20.340 0.1000000015
17273  38.159  -56.665  -20.430 0.2000000030
18475  38.707  -55.512  -21.036 0.2000000030
19604  37.542  -54.803  -21.886 0.2000000030
19621  36.641  -54.052  -22.326 0.2000000030
16095  38.474  -57.384  -20.330 0.2000000030
17272  39.014  -56.754  -20.381 0.2000000030
18457  39.350  -56.318  -20.612 0.3000000119
18474  39.658  -55.834  -21.055 0.3000000119
18489  39.646  -55.418  -21.837 0.4000000060
18488  40.033  -55.952  -21.992 0.5000000000
15077  36.057  -59.176  -25.117 0.5000000000
17308  39.926  -56.241  -22.678 0.4000000060
15088  34.571  -58.665  -26.558 0.5000000000
15078  35.460  -58.945  -25.643 0.5000000000
15096  34.575  -58.904  -27.632 0.5000000000
15087  35.344  -59.399  -26.853 0.5000000000
16116  38.097  -57.455  -22.662 0.5000000000
14086  35.717  -60.167  -28.671 0.5000000000
15095  35.178  -59.537  -28.053 0.5000000000
15066  35.889  -58.763  -24.710 0.5000000000
14113  36.855  -59.473  -30.623 0.5000000000
13086  36.223  -60.338  -29.381 0.5000000000
14048  36.458  -59.245  -24.632 0.6000000238
14139  39.577  -59.149  -31.598 0.4000000060
15012  30.450  -58.273  -19.504 0.1000000015
16100  32.058  -57.555  -20.335 0.1000000015
17276  31.864  -56.951  -20.148 0.1000000015
18451  31.633  -55.588  -19.348 0.1000000015
19573  31.571  -54.617  -18.739 0.1000000015
16085  32.611  -57.166  -20.305 0.1000000015
17263  32.450  -56.488  -20.011 0.1000000015
17262  33.560  -56.343  -19.965 0.1000000015
18449  33.821  -55.533  -19.680 0.1000000015
18448  34.837  -55.478  -20.104 0.1000000015
18462  34.970  -54.847  -20.520 0.1000000015
18447  36.019  -55.959  -20.198 0.1000000015
19589  35.330  -54.494  -21.086 0.2000000030
19606  35.878  -54.524  -21.533 0.2000000030
18460  36.809  -55.741  -20.610 0.1000000015
19588  36.164  -55.051  -21.230 0.2000000030
19603  38.490  -55.028  -21.747 0.3000000119
19620  37.172  -54.190  -22.416 0.2000000030
19602  39.212  -55.271  -21.542 0.3000000119
19619  38.215  -54.380  -22.673 0.2000000030
19618  39.246  -54.923  -22.335 0.3000000119
18504  39.855  -55.706  -22.964 0.4000000060
19617  39.729  -55.400  -22.438 0.4000000060
16151  33.891  -57.203  -25.538 0.5000000000
16140  34.614  -57.240  -24.779 0.5000000000
15067  35.102  -58.100  -24.707 0.5000000000
17352  34.445  -56.290  -24.896 0.5000000000
18523  35.574  -55.925  -24.764 0.5000000000
17333  35.662  -56.435  -24.354 0.5000000000
16139  35.178  -57.267  -24.317 0.5000000000
15058  35.451  -57.766  -24.167 0.6000000238
17310  39.039  -56.710  -23.034 0.5000000000
18522  36.089  -55.754  -24.858 0.5000000000
17332  36.580  -56.046  -24.291 0.5000000000
16128  35.719  -57.297  -23.894 0.6000000238
15057  35.966  -58.251  -23.910 0.5000000000
15049  37.536  -58.218  -22.843 0.5000000000
16127  36.339  -57.355  -23.354 0.5000000000
15056  36.796  -58.189  -23.242 0.5000000000
15145  41.494  -58.960  -32.650 0.4000000060
14138  40.534  -59.717  -31.729 0.4000000060
20708  31.597  -53.196  -17.245 0.1000000015
20716  31.787  -53.800  -18.269 0.1000000015
20715  32.496  -53.186  -18.293 0.1000000015
18450  32.838  -55.563  -19.623 0.1000000015
19580  33.074  -54.741  -19.365 0.1000000015
20723  33.127  -53.863  -19.073 0.1000000015
19581  32.301  -54.872  -19.266 0.1000000015
19579  33.813  -54.577  -19.650 0.1000000015
19578  34.396  -54.286  -20.189 0.1000000015
20731  34.699  -53.701  -20.896 0.2000000030
21834  35.273  -53.130  -21.739 0.2000000030
21844  35.579  -52.777  -22.286 0.2000000030
20742  36.256  -53.905  -22.250 0.2000000030
20759  36.638  -53.494  -22.610 0.2000000030
19701  42.210  -55.251  -27.848 0.2000000030
18565  41.711  -55.708  -28.149 0.2000000030
18547  41.285  -55.498  -27.261 0.2000000030
18548  40.263  -55.827  -26.566 0.2000000030
18583  40.041  -55.444  -27.945 0.2000000030
18567  39.752  -55.906  -27.163 0.2000000030
18549  39.873  -56.044  -26.717 0.2000000030
17369  39.807  -55.965  -25.645 0.2000000030
18533  39.918  -55.537  -25.391 0.3000000119
17348  39.698  -55.920  -24.628 0.4000000060
18569  38.184  -55.175  -26.971 0.2000000030
18568  38.834  -55.592  -27.254 0.3000000119
17371  38.984  -55.904  -26.707 0.3000000119
17350  38.757  -55.767  -25.774 0.4000000060
17349  39.385  -55.982  -25.144 0.4000000060
17328  39.757  -56.067  -23.513 0.4000000060
18553  35.936  -55.036  -25.605 0.5000000000
18552  36.482  -54.944  -26.023 0.4000000060
18535  37.005  -55.273  -25.877 0.4000000060
18534  37.802  -55.423  -25.880 0.4000000060
18520  38.043  -55.563  -25.067 0.4000000060
17330  38.686  -55.939  -24.320 0.5000000000
18521  37.065  -55.547  -25.111 0.5000000000
17331  37.586  -55.873  -24.220 0.5000000000
17312  36.972  -56.536  -23.572 0.5000000000
16126  37.229  -57.333  -22.986 0.5000000000
17311  38.036  -56.530  -23.240 0.5000000000
17294  38.629  -56.987  -22.788 0.5000000000
22884  32.803  -52.148  -16.105 0.1000000015
21807  31.992  -52.575  -16.835 0.1000000015
21806  32.438  -52.356  -17.204 0.1000000015
22912  33.202  -51.681  -17.125 0.1000000015
21809  33.070  -52.405  -18.311 0.1000000015
22927  33.348  -51.706  -17.924 0.1000000015
22943  33.473  -51.864  -18.539 0.1000000015
21816  33.737  -52.522  -19.880 0.1000000015
20721  34.054  -53.372  -20.269 0.1000000015
21825  34.273  -52.647  -20.723 0.2000000030
22958  34.161  -51.642  -20.299 0.2000000030
21835  34.854  -52.831  -21.429 0.2000000030
21843  36.119  -53.074  -22.577 0.2000000030
20758  37.456  -53.704  -22.932 0.2000000030
20844  42.281  -54.282  -27.745 0.1000000015
19680  41.630  -54.854  -27.187 0.2000000030
19681  40.595  -54.802  -26.312 0.2000000030
19634  38.490  -54.010  -23.432 0.2000000030
21904  41.821  -53.303  -27.254 0.1000000015
20821  41.389  -53.997  -26.888 0.1000000015
20822  40.729  -53.688  -26.242 0.1000000015
19632  39.736  -55.055  -23.129 0.3000000119
19633  39.152  -54.429  -23.334 0.2000000030
19663  39.686  -54.750  -24.950 0.1000000015
18519  39.809  -55.455  -24.058 0.3000000119
17329  39.388  -56.133  -23.895 0.5000000000
22853  33.161  -51.963  -15.726 0.1000000015
22851  34.711  -51.081  -15.663 0.1000000015
22881  34.598  -50.899  -16.310 0.1000000015
22882  33.995  -51.082  -16.538 0.1000000015
22911  33.832  -51.096  -17.556 0.1000000015
24045  34.554  -50.736  -17.137 0.1000000015
24068  34.480  -50.578  -18.327 0.1000000015
22942  33.817  -51.518  -19.163 0.1000000015
22977  34.624  -51.742  -21.408 0.2000000030
23001  35.017  -52.343  -21.939 0.2000000030
21860  35.703  -52.213  -22.695 0.2000000030
21859  36.296  -52.545  -22.924 0.2000000030
20776  37.065  -53.060  -23.085 0.2000000030
20757  37.989  -53.781  -23.293 0.2000000030
23090  41.939  -52.210  -27.139 0.1000000015
21905  41.107  -52.816  -26.611 0.1000000015
20803  39.827  -53.758  -25.684 0.1000000015
20773  38.838  -53.861  -23.935 0.1000000015
19664  39.309  -54.023  -24.914 0.1000000015
19649  39.682  -54.761  -23.900 0.2000000030
22850  35.851  -51.186  -15.310 0.1000000015
23999  35.398  -50.894  -15.824 0.1000000015
22848  37.957  -51.684  -15.644 0.1000000015
24019  35.171  -50.743  -16.431 0.1000000015
22879  37.325  -51.258  -16.234 0.1000000015
24018  36.297  -50.700  -16.609 0.1000000015
24067  35.679  -50.087  -18.293 0.1000000015
24044  35.426  -50.432  -17.374 0.1000000015
24090  35.142  -49.992  -19.199 0.1000000015
24111  35.124  -50.129  -20.297 0.1000000015
24112  34.598  -50.860  -20.834 0.1000000015
25215  35.873  -49.693  -20.652 0.1000000015
24127  35.364  -50.420  -21.591 0.1000000015
23000  35.364  -51.534  -22.385 0.2000000030
23026  35.851  -51.915  -22.923 0.2000000030
23025  36.345  -51.326  -23.289 0.2000000030
21858  37.225  -52.381  -23.584 0.2000000030
21857  37.767  -52.862  -23.811 0.1000000015
20775  37.622  -53.203  -23.429 0.2000000030
24229  42.541  -51.505  -26.673 0.1000000015
24231  40.891  -51.012  -26.259 0.1000000015
23068  40.405  -51.840  -26.015 0.1000000015
21888  40.348  -52.932  -26.040 0.1000000015
20774  38.212  -53.361  -23.807 0.2000000030
20788  38.995  -53.779  -24.516 0.2000000030
22878  38.428  -51.624  -16.402 0.1000000015
22910  37.811  -51.171  -16.965 0.1000000015
24042  37.609  -50.692  -17.725 0.1000000015
25184  35.947  -49.785  -18.973 0.1000000015
25199  35.810  -49.691  -19.725 0.1000000015
25231  36.092  -49.741  -21.348 0.1000000015
24147  35.593  -50.740  -22.342 0.2000000030
24146  36.145  -50.250  -22.525 0.1000000015
24163  36.807  -50.245  -23.409 0.2000000030
24186  36.796  -50.789  -23.696 0.1000000015
23049  36.970  -51.144  -23.894 0.2000000030
24182  40.314  -49.947  -24.890 0.1000000015
24207  40.162  -50.461  -25.508 0.1000000015
25305  39.514  -50.240  -24.856 0.1000000015
24183  38.891  -50.308  -24.613 0.1000000015
24184  38.123  -50.582  -24.427 0.1000000015
23048  37.648  -51.379  -24.149 0.1000000015
24230  41.723  -51.172  -26.499 0.1000000015
24208  39.320  -50.760  -24.998 0.1000000015
23070  39.028  -51.323  -24.888 0.1000000015
21890  38.961  -52.154  -24.883 0.1000000015
21872  38.129  -52.386  -24.205 0.1000000015
23069  39.525  -51.482  -25.408 0.1000000015
20804  39.034  -53.221  -25.053 0.1000000015
20789  38.638  -53.250  -24.383 0.1000000015
22909  38.594  -51.329  -17.352 0.1000000015
24065  37.907  -50.373  -18.652 0.1000000015
24089  37.245  -49.919  -19.370 0.1000000015
25214  36.693  -49.609  -20.830 0.1000000015
25230  36.735  -49.607  -21.756 0.1000000015
25247  40.045  -49.694  -22.687 0.1000000015
25248  39.161  -49.601  -22.724 0.1000000015
25249  38.226  -49.374  -22.744 0.1000000015
25250  37.146  -49.531  -22.796 0.1000000015
25265  41.292  -49.698  -23.243 0.1000000015
25246  40.862  -49.575  -22.646 0.1000000015
25267  39.650  -49.663  -23.491 0.1000000015
25269  37.784  -49.557  -23.570 0.1000000015
24162  37.328  -49.974  -23.733 0.1000000015
25282  40.956  -49.736  -23.926 0.1000000015
25283  40.223  -49.753  -24.251 0.1000000015
25268  38.745  -49.565  -23.533 0.1000000015
25285  38.388  -49.821  -24.219 0.1000000015
25286  37.713  -50.000  -24.106 0.1000000015
24185  37.301  -50.557  -23.979 0.1000000015
24088  38.272  -50.162  -19.627 0.1000000015
24109  38.855  -50.067  -20.412 0.1000000015
25213  37.505  -49.631  -21.039 0.1000000015
25212  38.364  -49.720  -21.138 0.1000000015
25229  37.777  -49.425  -21.878 0.1000000015
25227  39.643  -49.700  -21.936 0.1000000015
25245  41.521  -49.739  -22.576 0.1000000015
15021  41.392  -59.088  -20.595 0.4000000060
15048  38.406  -58.433  -22.543 0.5000000000
16092  41.236  -58.350  -20.683 0.4000000060
17271  39.736  -56.757  -20.734 0.4000000060
17281  40.072  -56.377  -21.097 0.4000000060
18473  40.081  -56.118  -21.386 0.4000000060
16101  31.195  -57.307  -20.035 0.1000000015
18476  37.775  -55.391  -21.215 0.3000000119
20743  35.624  -53.833  -21.811 0.2000000030
17274  37.413  -56.365  -20.421 0.2000000030
18459  37.976  -55.967  -20.698 0.2000000030
18458  38.856  -56.083  -20.538 0.2000000030
15079  34.490  -58.159  -25.628 0.5000000000
17264  31.409  -56.567  -19.753 0.1000000015
18461  35.655  -55.349  -20.642 0.1000000015
20730  35.155  -53.897  -21.316 0.2000000030
17334  35.002  -56.678  -24.570 0.5000000000
18538  34.177  -55.394  -25.271 0.5000000000
18536  36.319  -55.312  -25.458 0.5000000000
20707  32.263  -52.774  -17.668 0.1000000015
19572  32.409  -54.156  -18.840 0.1000000015
20714  33.183  -53.086  -18.831 0.1000000015
20722  33.627  -53.477  -19.565 0.1000000015
21817  33.473  -52.482  -19.028 0.1000000015
21845  35.183  -52.761  -21.834 0.2000000030
18564  42.397  -55.429  -28.560 0.2000000030
18566  40.732  -55.618  -27.626 0.2000000030
18584  39.418  -55.588  -27.623 0.2000000030
17385  39.234  -55.985  -26.925 0.2000000030
17370  39.535  -56.018  -26.370 0.3000000119
18551  37.437  -55.055  -26.617 0.5000000000
18550  38.378  -55.482  -26.569 0.4000000060
19702  38.597  -55.079  -27.617 0.2000000030
19683  36.630  -54.427  -26.620 0.5000000000
22883  33.264  -51.707  -16.310 0.1000000015
21805  32.927  -52.106  -17.685 0.1000000015
22926  33.736  -51.292  -18.308 0.1000000015
22832  34.066  -51.644  -14.867 0.1000000015
24091  34.441  -50.694  -19.694 0.1000000015
24128  34.774  -51.000  -21.446 0.2000000030
22999  35.783  -50.915  -22.707 0.2000000030
23091  41.178  -51.769  -26.565 0.1000000015
19650  39.330  -54.272  -24.227 0.2000000030
22880  36.512  -51.080  -15.825 0.1000000015
22829  36.789  -52.149  -14.492 0.1000000015
22849  37.092  -51.748  -15.102 0.1000000015
21785  38.644  -52.036  -15.657 0.1000000015
24017  37.124  -50.817  -17.016 0.1000000015
24043  36.491  -50.432  -17.584 0.1000000015
23024  37.127  -51.646  -23.804 0.2000000030
21873  37.551  -51.938  -23.915 0.1000000015
21889  39.686  -52.557  -25.530 0.1000000015
24066  36.760  -50.150  -18.558 0.1000000015
25183  36.472  -49.761  -19.303 0.1000000015
25198  36.585  -49.623  -19.998 0.1000000015
24126  36.035  -49.919  -21.835 0.1000000015
25304  39.882  -49.957  -24.820 0.1000000015
24181  41.010  -49.949  -24.781 0.1000000015
24206  41.411  -50.473  -25.718 0.1000000015
25284  39.305  -49.787  -24.320 0.1000000015
24209  38.752  -50.856  -24.725 0.1000000015
23047  38.435  -51.432  -24.566 0.1000000015
20805  38.686  -52.754  -24.652 0.1000000015
24041  38.451  -50.860  -18.069 0.1000000015
25197  37.404  -49.754  -20.210 0.1000000015
25266  40.497  -49.666  -23.375 0.1000000015
25226  40.527  -49.603  -21.960 0.1000000015
25228  38.730  -49.613  -21.930 0.1000000015
24110  38.080  -49.857  -20.476 0.1000000015
25211  39.262  -49.832  -21.159 0.1000000015
24108  39.827  -50.142  -20.418 0.1000000015
25225  41.256  -49.640  -22.075 0.1000000015
25210  40.208  -49.784  -21.182 0.1000000015
9992  39.824  -63.762  -22.319 0.1000000015
9066  40.186  -64.241  -23.254 0.1000000015
9991  40.491  -63.599  -22.445 0.1000000015
9975  41.176  -62.756  -21.545 0.1000000015
10910  41.420  -62.138  -21.154 0.1000000015
10926  40.005  -62.866  -21.160 0.1000000015
11877  39.867  -61.590  -20.150 0.1000000015
9068  39.615  -64.291  -22.918 0.2000000030
12949  40.346  -60.720  -20.206 0.1000000015
9081  40.102  -64.379  -23.878 0.2000000030
10004  40.499  -63.502  -23.465 0.1000000015
10021  39.883  -64.451  -24.476 0.2000000030
10003  40.956  -63.066  -22.827 0.1000000015
12947  41.739  -60.831  -21.027 0.1000000015
10039  39.642  -64.445  -24.982 0.2000000030
10020  40.166  -63.752  -24.522 0.2000000030
10940  41.531  -62.127  -22.160 0.2000000030
10956  40.931  -62.705  -23.382 0.2000000030
10973  41.213  -62.197  -23.660 0.2000000030
11892  41.717  -61.457  -21.640 0.3000000119
12966  41.987  -60.441  -21.544 0.3000000119
11912  41.533  -61.461  -22.649 0.3000000119
12977  41.760  -60.536  -22.335 0.3000000119
10974  40.762  -62.582  -24.203 0.2000000030
11957  41.217  -61.775  -24.215 0.2000000030
10049  39.923  -63.467  -26.560 0.2000000030
13011  41.147  -61.326  -23.944 0.2000000030
11007  40.363  -62.842  -26.605 0.2000000030
9175  37.890  -64.250  -29.762 0.1000000015
10050  39.421  -64.076  -26.042 0.2000000030
10038  40.036  -63.519  -25.694 0.2000000030
12993  41.174  -60.771  -23.331 0.3000000119
14029  40.911  -60.152  -23.185 0.4000000060
9157  38.431  -64.255  -28.515 0.1000000015
10065  39.485  -63.739  -27.136 0.1000000015
11958  40.928  -61.942  -24.852 0.2000000030
13012  40.629  -61.206  -24.626 0.2000000030
9158  37.528  -64.739  -28.830 0.1000000015
12994  40.318  -60.382  -23.556 0.4000000060
10087  39.428  -63.600  -28.282 0.2000000030
10994  40.538  -62.601  -25.392 0.2000000030
10086  39.907  -63.320  -27.744 0.2000000030
10124  38.325  -63.681  -30.612 0.1000000015
10123  39.221  -63.064  -30.562 0.2000000030
10107  38.778  -63.721  -29.634 0.1000000015
10064  40.084  -63.251  -27.204 0.2000000030
11999  40.505  -62.056  -26.253 0.2000000030
13028  40.396  -61.436  -25.503 0.2000000030
10088  39.042  -63.690  -28.946 0.1000000015
13029  39.845  -61.144  -25.853 0.4000000060
11027  40.084  -62.788  -27.746 0.3000000119
12023  40.195  -62.253  -27.044 0.3000000119
11052  39.753  -62.947  -28.705 0.4000000060
13013  39.397  -60.555  -24.641 0.4000000060
14045  38.992  -60.198  -24.174 0.4000000060
12049  38.868  -61.916  -28.690 0.4000000060
11028  39.712  -62.584  -28.316 0.3000000119
21928  42.436  -53.133  -27.835 0.1000000015
13041  39.648  -61.365  -26.633 0.4000000060
13030  38.620  -60.670  -25.647 0.5000000000
12025  38.924  -61.554  -27.695 0.4000000060
12024  39.623  -62.093  -27.793 0.3000000119
12001  39.498  -61.547  -27.122 0.4000000060
13059  38.607  -61.317  -27.346 0.4000000060
20864  42.821  -53.894  -28.752 0.1000000015
21968  42.389  -53.551  -29.152 0.1000000015
20863  42.703  -54.620  -28.384 0.1000000015
14058  37.733  -60.250  -25.446 0.5000000000
13031  37.997  -60.469  -25.906 0.5000000000
18596  42.367  -55.115  -29.178 0.1000000015
18582  41.095  -55.469  -28.669 0.1000000015
20866  40.256  -53.921  -28.876 0.1000000015
19720  40.872  -54.631  -29.129 0.1000000015
19721  40.036  -54.845  -28.620 0.1000000015
10942  39.257  -63.011  -22.148 0.1000000015
9977  40.232  -63.279  -21.620 0.1000000015
11876  40.757  -61.673  -20.258 0.1000000015
10911  40.977  -62.413  -20.780 0.1000000015
10941  39.767  -63.132  -21.605 0.1000000015
10913  39.594  -62.096  -20.421 0.1000000015
12950  39.321  -60.624  -20.188 0.1000000015
12979  39.805  -60.012  -23.103 0.4000000060
9097  38.720  -64.836  -24.265 0.1000000015
12000  40.058  -61.651  -26.713 0.3000000119
19719  42.669  -54.377  -29.171 0.1000000015
11893  38.550  -61.941  -20.928 0.1000000015
13103  28.135  -60.192  -30.051 0.1000000015
14118  27.795  -59.467  -30.350 0.1000000015
14161  29.886  -58.696  -32.193 0.1000000015
13104  27.251  -60.212  -30.213 0.1000000015
14142  30.539  -59.351  -31.517 0.1000000015
13105  26.276  -60.247  -30.391 0.1000000015
12095  24.833  -60.981  -30.104 0.1000000015
14119  26.760  -59.320  -30.523 0.1000000015
4190  28.732  -70.930  -25.865 0.1000000015
11015  23.096  -62.747  -26.804 0.1000000015
12037  22.686  -62.222  -27.679 0.1000000015
13101  29.855  -60.294  -29.774 0.1000000015
12056  23.054  -61.700  -28.569 0.1000000015
14117  28.689  -59.506  -30.272 0.1000000015
12075  24.419  -61.300  -29.337 0.1000000015
14115  30.467  -59.797  -30.513 0.1000000015
14141  31.184  -59.855  -31.881 0.1000000015
4181  28.212  -70.996  -25.044 0.1000000015
3484  29.136  -70.824  -26.107 0.1000000015
4200  29.161  -70.344  -26.688 0.1000000015
3432  27.473  -72.245  -22.719 0.1000000015
3458  28.263  -71.812  -24.209 0.1000000015
4180  28.796  -71.438  -25.390 0.1000000015
3471  29.171  -71.404  -25.534 0.1000000015
5711  29.008  -69.290  -26.712 0.1000000015
8247  25.036  -65.744  -27.166 0.1000000015
9127  24.361  -64.561  -26.589 0.1000000015
13102  28.970  -60.149  -29.936 0.1000000015
12092  27.734  -60.679  -29.783 0.1000000015
12093  26.878  -60.790  -29.974 0.1000000015
13089  30.405  -60.968  -29.419 0.1000000015
13123  31.698  -60.399  -31.447 0.1000000015
13142  31.344  -60.326  -32.991 0.1000000015
3483  29.358  -70.724  -26.012 0.1000000015
4967  29.530  -70.099  -26.271 0.1000000015
3445  28.014  -72.132  -23.544 0.1000000015
3456  29.669  -71.729  -25.003 0.1000000015
4958  29.739  -70.087  -25.372 0.1000000015
5710  29.348  -69.733  -26.514 0.1000000015
5701  28.714  -68.562  -25.758 0.1000000015
6540  27.265  -67.682  -26.688 0.1000000015
6541  26.517  -67.144  -26.938 0.1000000015
7404  26.470  -66.592  -26.249 0.1000000015
7405  25.882  -66.233  -26.682 0.1000000015
9126  24.982  -64.858  -26.360 0.1000000015
10043  24.480  -63.662  -26.107 0.1000000015
12054  25.136  -61.216  -28.356 0.1000000015
12090  29.139  -60.621  -29.688 0.1000000015
12072  27.517  -60.893  -29.463 0.1000000015
12074  25.553  -61.191  -29.415 0.1000000015
13100  31.046  -60.404  -30.165 0.1000000015
13124  31.044  -59.878  -31.067 0.1000000015
5693  29.325  -69.205  -25.078 0.1000000015
3420  27.335  -72.665  -22.068 0.1000000015
2793  28.279  -72.763  -23.230 0.1000000015
3444  28.524  -72.453  -24.005 0.1000000015
2801  29.482  -72.442  -24.605 0.1000000015
4179  30.105  -71.022  -24.649 0.1000000015
6530  27.832  -67.656  -25.383 0.1000000015
7394  26.819  -66.311  -25.336 0.1000000015
9114  25.821  -65.070  -25.261 0.1000000015
2781  27.877  -72.847  -22.284 0.1000000015
2780  28.804  -73.183  -22.631 0.1000000015
2792  29.222  -72.984  -23.928 0.1000000015
2800  29.922  -72.558  -24.349 0.1000000015
3455  30.335  -72.020  -24.341 0.1000000015
8231  25.917  -65.897  -26.150 0.1000000015
8220  25.713  -65.391  -25.815 0.1000000015
9116  24.807  -64.311  -26.058 0.1000000015
10999  24.724  -63.150  -25.869 0.1000000015
11014  24.304  -62.657  -26.233 0.1000000015
11013  24.815  -62.041  -25.992 0.1000000015
12034  25.336  -61.116  -27.092 0.1000000015
12012  24.635  -61.720  -26.567 0.1000000015
12053  26.346  -61.001  -28.756 0.1000000015
12035  24.291  -61.458  -27.463 0.1000000015
12071  28.323  -60.991  -29.389 0.1000000015
13088  31.227  -61.342  -29.604 0.1000000015
13122  32.452  -61.115  -31.452 0.1000000015
13099  32.010  -61.159  -30.348 0.1000000015
12107  33.163  -61.697  -31.297 0.1000000015
13098  32.604  -61.424  -30.829 0.1000000015
5686  29.072  -69.031  -24.337 0.1000000015
5694  28.790  -68.476  -24.730 0.1000000015
2766  27.302  -72.926  -21.405 0.1000000015
2765  28.207  -72.809  -21.551 0.1000000015
2763  30.184  -72.798  -22.461 0.1000000015
4178  30.379  -71.583  -23.862 0.1000000015
4948  29.513  -69.856  -24.112 0.1000000015
6529  28.400  -68.094  -25.039 0.1000000015
7393  27.364  -66.741  -25.007 0.1000000015
8207  27.015  -65.603  -24.317 0.1000000015
2779  29.764  -73.129  -22.956 0.1000000015
9100  26.424  -64.757  -24.530 0.1000000015
9101  25.724  -64.605  -25.055 0.1000000015
10042  24.948  -63.710  -25.633 0.1000000015
10025  25.614  -63.789  -24.969 0.1000000015
10998  25.196  -62.639  -25.543 0.1000000015
10980  25.991  -62.615  -24.712 0.1000000015
13065  26.146  -60.828  -26.965 0.1000000015
13048  25.853  -61.002  -26.545 0.1000000015
11070  28.897  -61.464  -29.029 0.1000000015
11071  28.145  -61.091  -29.145 0.1000000015
12052  27.577  -61.006  -28.920 0.1000000015
13078  27.103  -60.533  -28.193 0.1000000015
13079  26.132  -60.800  -27.796 0.1000000015
11069  29.850  -62.520  -29.082 0.1000000015
12070  29.390  -61.194  -29.363 0.1000000015
12069  30.487  -61.950  -29.336 0.1000000015
13087  31.693  -61.621  -29.784 0.1000000015
12106  33.767  -62.319  -31.330 0.1000000015
2735  27.635  -72.955  -19.713 0.1000000015
2750  27.440  -73.083  -20.432 0.1000000015
2153  26.947  -73.575  -19.973 0.1000000015
2748  29.551  -72.265  -20.852 0.1000000015
3418  30.233  -72.547  -22.001 0.1000000015
5687  28.787  -68.422  -23.795 0.1000000015
2764  29.507  -72.825  -21.761 0.1000000015
3430  30.465  -72.088  -22.520 0.1000000015
4941  29.399  -70.254  -22.824 0.1000000015
4942  28.912  -69.154  -23.085 0.1000000015
6518  28.307  -67.612  -24.327 0.1000000015
7369  28.218  -66.991  -23.647 0.1000000015
6510  28.466  -67.541  -23.324 0.1000000015
8195  27.377  -65.598  -23.552 0.1000000015
9085  26.810  -63.979  -23.929 0.1000000015
10024  26.362  -63.499  -24.239 0.1000000015
11969  25.987  -62.113  -24.697 0.1000000015
11990  26.288  -61.354  -24.774 0.1000000015
12010  26.137  -61.203  -25.379 0.1000000015
13064  26.867  -60.507  -27.195 0.1000000015
13047  26.490  -60.700  -26.112 0.1000000015
12051  28.434  -61.259  -28.487 0.1000000015
11057  29.201  -61.867  -28.485 0.1000000015
11068  30.633  -63.143  -29.958 0.1000000015
12068  31.368  -62.229  -29.753 0.1000000015
12067  32.090  -62.506  -30.044 0.1000000015
12087  33.353  -62.274  -30.714 0.1000000015
4935  29.384  -70.284  -21.481 0.1000000015
5672  29.000  -69.283  -21.518 0.1000000015
2749  28.488  -72.444  -20.529 0.1000000015
3409  29.236  -71.915  -20.314 0.1000000015
3431  30.308  -71.692  -21.983 0.1000000015
5673  28.798  -68.442  -21.878 0.1000000015
6504  28.462  -67.416  -22.374 0.1000000015
4161  30.119  -71.249  -22.465 0.1000000015
7350  27.637  -65.752  -22.148 0.1000000015
9072  27.184  -64.403  -22.222 0.1000000015
7360  28.152  -66.768  -22.916 0.1000000015
7361  27.692  -66.046  -22.758 0.1000000015
10011  26.653  -63.391  -23.230 0.1000000015
11968  26.184  -61.883  -24.352 0.1000000015
13035  26.682  -60.799  -25.000 0.1000000015
13045  28.483  -60.641  -26.900 0.1000000015
12033  28.768  -61.515  -27.918 0.1000000015
13076  28.418  -61.104  -28.113 0.1000000015
13063  27.792  -60.469  -27.492 0.1000000015
11056  29.768  -62.778  -28.503 0.1000000015
10111  30.215  -63.835  -29.455 0.1000000015
4134  29.844  -70.709  -19.562 0.1000000015
3388  28.433  -71.726  -18.822 0.1000000015
3387  29.169  -71.274  -19.186 0.1000000015
4146  29.912  -71.036  -20.754 0.1000000015
4926  29.627  -69.949  -20.139 0.1000000015
5659  29.097  -68.800  -20.668 0.1000000015
2727  27.509  -73.171  -18.733 0.1000000015
2726  27.900  -72.406  -18.478 0.1000000015
3396  28.742  -71.778  -19.739 0.1000000015
3395  29.410  -71.471  -19.864 0.1000000015
5660  28.746  -67.930  -20.988 0.1000000015
6496  28.508  -67.309  -21.420 0.1000000015
7349  28.013  -66.379  -21.851 0.1000000015
10010  26.894  -63.898  -22.699 0.1000000015
10949  26.785  -62.357  -22.533 0.1000000015
13020  26.616  -61.101  -24.088 0.1000000015
13019  27.377  -60.563  -24.338 0.1000000015
13033  28.648  -60.639  -25.790 0.1000000015
11036  29.237  -61.914  -27.937 0.1000000015
13062  28.439  -60.897  -27.685 0.1000000015
10094  29.868  -63.674  -28.808 0.1000000015
9165  30.159  -64.220  -29.200 0.1000000015
4127  29.521  -70.801  -18.656 0.1000000015
4133  30.375  -70.053  -19.068 0.1000000015
5643  29.847  -68.753  -19.551 0.1000000015
6467  29.009  -67.333  -20.271 0.1000000015
7320  28.989  -66.667  -20.112 0.1000000015
8172  28.063  -65.869  -21.054 0.1000000015
8158  27.943  -64.701  -20.876 0.1000000015
9055  27.553  -64.164  -21.320 0.1000000015
9998  26.969  -63.228  -22.034 0.1000000015
12985  27.702  -60.823  -22.875 0.1000000015
11944  26.794  -61.231  -23.195 0.1000000015
13018  28.324  -60.510  -24.722 0.1000000015
13002  27.128  -60.821  -23.393 0.1000000015
12008  29.594  -61.582  -26.961 0.1000000015
11012  30.030  -61.871  -27.251 0.1000000015
12009  28.899  -61.262  -27.239 0.1000000015
10071  30.326  -63.530  -27.785 0.1000000015
8266  30.859  -65.222  -28.707 0.1000000015
7456  31.621  -66.422  -29.435 0.1000000015
6466  29.379  -67.668  -19.896 0.1000000015
8157  28.641  -65.286  -20.369 0.1000000015
9984  27.962  -63.296  -21.109 0.1000000015
10934  27.751  -62.438  -21.538 0.1000000015
11900  27.675  -61.774  -21.992 0.1000000015
11918  28.132  -61.202  -22.372 0.1000000015
11988  29.735  -61.077  -25.696 0.1000000015
13017  29.104  -60.760  -25.059 0.1000000015
13032  29.162  -60.803  -25.510 0.1000000015
11034  30.664  -62.612  -27.440 0.1000000015
9143  30.647  -64.122  -27.723 0.1000000015
9163  30.972  -64.704  -28.021 0.1000000015
8263  33.271  -66.024  -28.452 0.1000000015
7422  35.367  -67.091  -29.173 0.1000000015
4900  31.042  -69.691  -18.320 0.1000000015
4126  30.213  -70.174  -18.606 0.1000000015
4911  31.240  -69.597  -18.945 0.1000000015
5642  30.925  -68.637  -19.069 0.1000000015
6464  31.614  -67.490  -19.650 0.1000000015
7319  29.866  -66.732  -19.637 0.1000000015
4912  30.271  -69.669  -19.269 0.1000000015
8143  29.514  -65.980  -19.915 0.1000000015
9043  29.087  -64.166  -20.398 0.1000000015
11899  28.484  -61.878  -21.760 0.1000000015
11942  29.412  -61.056  -23.404 0.1000000015
13000  28.988  -60.694  -24.223 0.1000000015
12002  35.649  -62.083  -26.215 0.1000000015
12003  34.813  -61.831  -26.511 0.1000000015
12027  34.176  -61.881  -27.251 0.1000000015
12029  32.078  -61.768  -27.342 0.1000000015
12006  31.606  -61.391  -26.551 0.1000000015
11010  35.468  -62.268  -26.816 0.1000000015
11030  35.162  -62.720  -27.582 0.1000000015
12028  33.161  -61.762  -27.334 0.1000000015
12007  30.493  -61.565  -26.794 0.1000000015
11009  36.110  -62.769  -26.813 0.1000000015
10052  36.495  -63.377  -26.868 0.1000000015
11053  34.804  -63.458  -28.091 0.1000000015
11055  33.230  -63.174  -28.284 0.1000000015
10069  31.860  -63.185  -27.803 0.1000000015
12031  30.618  -61.941  -27.366 0.1000000015
11008  36.612  -63.183  -26.580 0.1000000015
10051  36.892  -63.841  -26.566 0.1000000015
10068  35.309  -63.921  -28.043 0.1000000015
10070  31.219  -63.690  -27.581 0.1000000015
9142  34.998  -64.736  -28.338 0.1000000015
9162  31.889  -64.942  -28.121 0.1000000015
8230  37.114  -65.025  -27.306 0.1000000015
8262  34.331  -66.284  -28.557 0.1000000015
8260  36.092  -66.286  -28.788 0.1000000015
4899  32.060  -69.705  -18.569 0.1000000015
4910  32.598  -69.507  -19.208 0.1000000015
7318  30.900  -66.644  -19.700 0.1000000015
8142  30.326  -66.039  -19.866 0.1000000015
8156  29.989  -65.321  -20.159 0.1000000015
9042  29.806  -64.547  -20.478 0.1000000015
10917  28.889  -63.077  -20.841 0.1000000015
11898  29.346  -62.184  -21.735 0.1000000015
11916  30.284  -61.819  -22.857 0.1000000015
11966  30.725  -61.240  -24.623 0.1000000015
11967  29.764  -60.960  -24.442 0.1000000015
12004  33.714  -61.543  -26.456 0.1000000015
12005  32.668  -61.428  -26.476 0.1000000015
11987  31.119  -61.166  -25.620 0.1000000015
10040  37.683  -63.691  -25.047 0.1000000015
10041  37.401  -63.793  -25.725 0.1000000015
4898  33.070  -69.926  -18.812 0.1000000015
6463  32.686  -68.094  -20.241 0.1000000015
6482  32.291  -67.337  -20.556 0.1000000015
5641  32.149  -68.708  -19.358 0.1000000015
7333  31.553  -66.614  -20.457 0.1000000015
8141  30.815  -66.135  -20.006 0.1000000015
8155  30.983  -65.750  -20.533 0.1000000015
10916  29.339  -63.105  -20.925 0.1000000015
10932  30.016  -62.906  -21.533 0.1000000015
11940  31.286  -61.748  -23.888 0.1000000015
10962  31.057  -62.130  -23.302 0.1000000015
11941  30.451  -61.446  -23.729 0.1000000015
11984  34.177  -61.502  -25.565 0.1000000015
11985  33.211  -61.497  -25.536 0.1000000015
11965  31.820  -61.668  -24.523 0.1000000015
11982  36.157  -61.934  -25.483 0.1000000015
11981  36.690  -62.297  -25.296 0.1000000015
4909  33.619  -69.640  -19.599 0.1000000015
5640  33.258  -69.002  -20.069 0.1000000015
5658  33.318  -68.497  -20.889 0.1000000015
7332  32.330  -66.968  -21.318 0.1000000015
8154  31.431  -66.108  -21.038 0.1000000015
8170  31.471  -65.683  -21.588 0.1000000015
9041  30.633  -64.886  -20.960 0.1000000015
9981  31.014  -64.068  -21.850 0.1000000015
9982  30.423  -63.498  -21.540 0.1000000015
11986  32.219  -61.377  -25.523 0.1000000015
11983  35.144  -61.592  -25.484 0.1000000015
10976  37.018  -62.595  -25.156 0.1000000015
10022  38.489  -64.423  -24.169 0.1000000015
5639  33.893  -69.451  -20.297 0.1000000015
5671  33.917  -68.429  -21.603 0.1000000015
6481  32.962  -67.767  -21.241 0.1000000015
6494  33.684  -67.683  -21.773 0.1000000015
6495  32.832  -67.205  -21.969 0.1000000015
7359  31.956  -66.152  -22.046 0.1000000015
7348  31.802  -66.395  -21.473 0.1000000015
9054  31.159  -64.990  -21.568 0.1000000015
9980  31.630  -64.513  -22.442 0.1000000015
9997  31.339  -63.676  -22.464 0.1000000015
10946  31.053  -63.006  -22.545 0.1000000015
10978  32.332  -62.137  -24.159 0.1000000015
11964  32.802  -61.858  -24.564 0.1000000015
11963  33.681  -61.513  -24.726 0.1000000015
10006  38.434  -63.507  -23.667 0.1000000015
10005  38.708  -64.182  -23.646 0.1000000015
6502  33.205  -66.904  -22.150 0.1000000015
7347  32.331  -66.630  -21.992 0.1000000015
7358  32.429  -66.181  -22.329 0.1000000015
8185  32.549  -65.587  -22.523 0.1000000015
8186  31.949  -65.653  -22.356 0.1000000015
9071  32.011  -64.964  -22.666 0.1000000015
10945  31.674  -63.259  -23.035 0.1000000015
10961  31.998  -62.745  -23.576 0.1000000015
11934  37.244  -61.913  -23.657 0.1000000015
11960  36.820  -61.930  -24.553 0.1000000015
10958  37.987  -62.674  -23.597 0.1000000015
9070  32.609  -64.776  -22.700 0.1000000015
10008  32.746  -63.192  -23.236 0.1000000015
9995  32.655  -63.864  -22.817 0.1000000015
10960  32.943  -62.628  -23.680 0.1000000015
10009  32.386  -63.470  -23.161 0.1000000015
11935  36.469  -61.189  -23.322 0.1000000015
11936  35.693  -60.848  -23.578 0.1000000015
11961  35.599  -61.153  -24.411 0.1000000015
11962  34.527  -61.177  -24.704 0.1000000015
10943  38.385  -62.413  -22.412 0.1000000015
10959  33.236  -62.513  -23.220 0.1000000015
11938  33.447  -61.851  -23.835 0.1000000015
13016  34.428  -60.946  -24.057 0.1000000015
11939  32.991  -62.227  -24.070 0.1000000015
11937  33.985  -61.282  -24.185 0.1000000015
9145  23.888  -64.860  -27.071 0.1000000015
10053  23.844  -63.591  -26.467 0.1000000015
12013  23.818  -61.951  -26.821 0.1000000015
11037  22.795  -62.328  -27.369 0.1000000015
12036  23.170  -61.835  -27.604 0.1000000015
15136  29.189  -58.938  -30.642 0.1000000015
12055  23.883  -61.459  -28.453 0.1000000015
14116  29.677  -59.465  -30.410 0.1000000015
12094  25.896  -60.904  -30.097 0.1000000015
11038  22.418  -62.727  -27.571 0.1000000015
9129  23.091  -64.122  -26.930 0.1000000015
3457  28.902  -72.109  -24.884 0.1000000015
5700  29.350  -69.510  -25.994 0.1000000015
8232  25.421  -65.541  -26.534 0.1000000015
8233  24.854  -65.241  -26.809 0.1000000015
12091  28.559  -60.687  -29.694 0.1000000015
12073  26.621  -61.032  -29.499 0.1000000015
4189  29.628  -70.779  -25.725 0.1000000015
5702  28.019  -68.138  -26.142 0.1000000015
7403  27.157  -66.987  -25.736 0.1000000015
9115  25.333  -64.681  -25.692 0.1000000015
6519  27.816  -67.022  -24.613 0.1000000015
7383  27.040  -66.161  -24.729 0.1000000015
8219  26.251  -65.677  -25.457 0.1000000015
2790  30.335  -72.653  -23.618 0.1000000015
12011  25.458  -61.438  -25.980 0.1000000015
4169  30.103  -70.920  -23.519 0.1000000015
7382  27.518  -66.318  -24.273 0.1000000015
9099  27.075  -65.071  -24.002 0.1000000015
11991  25.845  -61.864  -25.040 0.1000000015
13077  28.026  -60.751  -28.249 0.1000000015
3419  30.298  -72.045  -21.375 0.1000000015
5679  28.729  -68.169  -22.888 0.1000000015
7370  27.855  -66.402  -23.545 0.1000000015
8187  27.403  -65.268  -22.580 0.1000000015
9084  27.049  -64.517  -23.366 0.1000000015
10979  26.376  -62.586  -23.844 0.1000000015
13046  27.642  -60.425  -26.489 0.1000000015
11084  30.978  -63.931  -30.234 0.1000000015
11067  31.466  -62.978  -30.156 0.1000000015
4936  28.977  -69.529  -22.147 0.1000000015
2734  27.968  -72.337  -19.386 0.1000000015
3408  29.797  -71.625  -20.445 0.1000000015
4155  30.040  -71.313  -21.604 0.1000000015
8173  27.689  -65.252  -21.488 0.1000000015
11945  26.517  -61.699  -23.413 0.1000000015
10072  29.943  -63.313  -28.227 0.1000000015
10110  30.629  -64.194  -29.963 0.1000000015
6483  28.957  -67.795  -20.466 0.1000000015
7335  28.404  -66.471  -20.848 0.1000000015
10948  27.185  -62.225  -22.090 0.1000000015
13034  27.520  -60.482  -25.406 0.1000000015
11035  29.833  -62.338  -27.778 0.1000000015
9144  30.394  -64.232  -28.030 0.1000000015
8299  30.862  -65.316  -29.574 0.1000000015
9044  28.296  -64.078  -20.712 0.1000000015
13001  28.234  -60.599  -23.548 0.1000000015
11943  28.663  -60.959  -22.874 0.1000000015
11989  29.097  -60.987  -26.530 0.1000000015
8265  31.503  -65.628  -28.546 0.1000000015
8282  31.108  -65.821  -29.179 0.1000000015
7441  31.696  -66.400  -28.893 0.1000000015
6556  32.457  -67.223  -29.020 0.1000000015
6465  30.382  -67.604  -19.310 0.1000000015
10933  28.791  -62.656  -21.151 0.1000000015
11917  29.221  -61.562  -22.406 0.1000000015
7424  33.588  -66.980  -28.595 0.1000000015
8264  32.298  -65.800  -28.401 0.1000000015
9160  34.082  -65.120  -28.470 0.1000000015
8261  35.248  -66.484  -28.641 0.1000000015
11031  33.748  -62.480  -27.845 0.1000000015
12030  31.130  -61.865  -27.323 0.1000000015
11054  34.168  -63.285  -28.148 0.1000000015
11032  32.516  -62.601  -27.910 0.1000000015
10996  36.790  -62.814  -25.954 0.1000000015
10067  36.203  -63.742  -27.366 0.1000000015
10091  32.270  -63.855  -28.157 0.1000000015
9161  32.863  -64.979  -28.374 0.1000000015
10089  34.489  -64.077  -28.312 0.1000000015
10995  37.301  -63.147  -25.319 0.1000000015
9141  35.809  -64.936  -27.949 0.1000000015
9159  35.092  -65.600  -28.483 0.1000000015
8244  37.367  -65.126  -27.452 0.1000000015
8245  36.532  -65.399  -27.940 0.1000000015
9964  30.348  -64.295  -21.051 0.1000000015
11959  37.385  -62.330  -24.106 0.1000000015
10977  32.630  -62.327  -24.011 0.1000000015
9996  31.872  -63.882  -22.816 0.1000000015
13042  38.925  -61.212  -26.742 0.4000000060
12065  38.873  -61.854  -29.756 0.3000000119
12026  38.345  -61.392  -27.717 0.3000000119
13060  38.147  -61.156  -27.235 0.4000000060
13043  37.893  -60.712  -26.476 0.4000000060
12050  38.275  -61.589  -28.417 0.3000000119
13061  37.430  -60.846  -27.302 0.4000000060
16302  38.194  -57.136  -35.464 0.1000000015
16301  38.924  -56.903  -35.295 0.1000000015
16276  39.469  -57.160  -34.665 0.2000000030
110547  41.831  -57.916  -33.496 0.3000000119
15105  35.224  -59.503  -29.008 0.4000000060
12048  39.275  -62.421  -29.012 0.3000000119
14140  38.583  -58.782  -31.540 0.4000000060
110545  41.102  -58.226  -33.737 0.2000000030
110546  41.684  -58.042  -32.642 0.3000000119
15147  39.430  -58.070  -32.313 0.4000000060
15133  37.649  -58.890  -31.183 0.4000000060
14096  35.818  -59.751  -29.804 0.4000000060
16332  37.228  -57.592  -36.284 0.1000000015
110550  40.860  -57.492  -34.099 0.3000000119
14114  35.910  -59.004  -30.495 0.4000000060
15106  34.697  -58.952  -28.707 0.5000000000
16275  40.455  -56.850  -34.571 0.2000000030
16273  41.626  -57.079  -34.130 0.3000000119
110548  41.069  -57.513  -32.493 0.3000000119
15148  37.876  -58.045  -31.619 0.4000000060
16180  34.091  -58.272  -27.312 0.4000000060
16165  33.939  -57.853  -26.502 0.4000000060
16231  38.376  -57.470  -32.206 0.4000000060
15134  36.649  -58.471  -31.096 0.4000000060
15135  35.663  -58.217  -30.511 0.4000000060
15119  35.233  -58.817  -29.695 0.5000000000
16358  38.247  -57.849  -37.445 0.2000000030
16331  38.177  -57.263  -36.551 0.2000000030
17492  39.457  -56.788  -35.575 0.2000000030
17475  41.529  -56.297  -34.575 0.2000000030
17477  40.059  -56.620  -35.031 0.2000000030
17460  41.453  -56.491  -32.931 0.3000000119
110551  40.036  -56.880  -32.877 0.3000000119
16359  37.454  -57.794  -37.055 0.1000000015
110549  42.065  -57.191  -32.925 0.3000000119
15162  39.001  -57.184  -32.582 0.4000000060
15149  36.852  -57.686  -31.461 0.4000000060
15120  34.553  -58.338  -29.342 0.5000000000
16196  34.014  -58.215  -28.438 0.5000000000
16221  36.100  -57.759  -31.083 0.4000000060
16210  34.911  -58.074  -30.050 0.5000000000
16211  33.988  -57.596  -29.865 0.5000000000
16181  33.582  -57.556  -27.528 0.4000000060
16330  39.113  -57.367  -37.000 0.2000000030
17491  40.374  -56.542  -35.727 0.2000000030
17476  40.787  -56.411  -34.926 0.2000000030
17474  42.036  -56.712  -33.796 0.4000000060
18665  41.995  -55.840  -34.462 0.2000000030
17459  41.953  -56.202  -33.279 0.3000000119
19789  41.900  -55.625  -34.074 0.4000000060
16222  35.183  -57.336  -30.819 0.5000000000
16197  33.426  -57.273  -28.664 0.5000000000
16166  33.364  -57.014  -26.607 0.4000000060
18652  41.615  -55.884  -33.528 0.4000000060
17444  39.021  -56.544  -32.773 0.4000000060
16232  37.450  -57.087  -32.004 0.4000000060
17508  39.855  -57.026  -36.412 0.2000000030
16152  33.385  -56.623  -26.013 0.4000000060
17490  41.201  -56.140  -35.537 0.2000000030
18636  39.635  -56.278  -33.052 0.3000000119
16247  37.828  -56.672  -32.350 0.4000000060
16233  36.249  -57.087  -31.522 0.4000000060
17507  40.749  -56.538  -36.819 0.2000000030
18669  42.037  -55.410  -35.174 0.3000000119
19790  41.349  -55.255  -34.016 0.4000000060
17353  33.568  -56.142  -25.553 0.4000000060
18653  40.393  -55.796  -33.355 0.3000000119
16234  35.635  -56.892  -31.347 0.5000000000
16212  33.415  -57.017  -29.402 0.5000000000
18537  35.333  -55.398  -25.186 0.4000000060
15236  38.310  -58.490  -38.112 0.2000000030
16329  40.074  -57.335  -37.219 0.2000000030
17445  38.164  -56.261  -32.657 0.4000000060
17431  36.774  -56.361  -32.189 0.4000000060
17398  33.099  -56.446  -29.025 0.5000000000
17372  32.985  -56.024  -26.505 0.4000000060
19682  37.327  -54.568  -26.942 0.4000000060
15268  38.072  -59.098  -38.975 0.2000000030
16356  40.238  -57.495  -37.841 0.2000000030
18670  41.464  -55.505  -35.883 0.2000000030
18654  39.264  -55.095  -33.484 0.4000000060
17418  35.256  -56.690  -31.334 0.5000000000
17410  33.452  -56.597  -30.034 0.5000000000
14214  37.444  -59.272  -39.059 0.2000000030
19791  40.346  -54.810  -33.993 0.4000000060
18637  39.082  -55.902  -33.111 0.3000000119
17432  35.856  -56.417  -31.764 0.5000000000
16223  34.352  -57.163  -30.651 0.5000000000
17387  33.028  -56.491  -27.764 0.5000000000
14227  37.691  -59.378  -39.414 0.2000000030
19666  34.769  -54.854  -25.497 0.4000000060
18539  33.439  -55.256  -25.950 0.4000000060
16357  39.321  -57.948  -37.865 0.2000000030
19815  41.839  -54.889  -35.356 0.4000000060
18570  32.684  -55.455  -27.500 0.4000000060
15252  39.158  -58.537  -38.813 0.2000000030
16355  40.604  -57.019  -37.694 0.2000000030
18675  40.704  -55.409  -37.067 0.2000000030
16377  39.828  -57.885  -38.611 0.2000000030
19686  33.514  -54.335  -26.295 0.4000000060
18554  32.797  -54.909  -26.738 0.4000000060
17446  37.450  -55.983  -32.601 0.3000000119
17420  33.780  -56.466  -30.696 0.5000000000
18599  33.076  -55.763  -29.668 0.5000000000
19807  41.260  -54.689  -34.736 0.4000000060
18638  38.075  -55.430  -33.100 0.4000000060
18624  36.276  -55.936  -32.189 0.4000000060
18626  34.547  -55.631  -31.755 0.5000000000
17530  40.549  -56.579  -38.025 0.2000000030
19685  34.418  -54.207  -25.880 0.4000000060
18585  32.798  -55.378  -28.621 0.5000000000
18639  36.854  -55.315  -32.557 0.4000000060
17433  35.158  -56.211  -31.650 0.5000000000
19764  35.321  -54.940  -32.313 0.5000000000
18625  35.735  -55.612  -32.109 0.5000000000
13073  37.732  -61.293  -27.955 0.4000000060
19684  35.536  -54.532  -25.818 0.4000000060
19667  34.004  -54.774  -25.683 0.4000000060
18612  33.631  -55.717  -30.821 0.5000000000
12084  39.324  -61.637  -31.101 0.3000000119
12085  39.035  -61.494  -30.662 0.3000000119
12086  38.597  -61.402  -30.351 0.2000000030
12066  38.314  -61.600  -29.493 0.2000000030
12116  39.401  -61.510  -32.246 0.2000000030
13094  39.441  -60.791  -31.202 0.3000000119
14110  39.759  -60.469  -31.368 0.3000000119
13120  40.496  -60.326  -32.476 0.2000000030
14137  40.883  -59.844  -32.693 0.2000000030
13218  36.466  -60.513  -40.726 0.1000000015
13249  35.853  -60.627  -41.807 0.1000000015
18693  37.476  -55.707  -37.611 0.1000000015
12064  39.194  -62.109  -30.165 0.2000000030
10140  38.569  -62.995  -31.574 0.1000000015
11101  38.817  -62.256  -32.208 0.1000000015
11092  39.251  -62.259  -31.222 0.2000000030
11102  38.289  -62.569  -32.648 0.1000000015
15254  37.571  -59.020  -38.709 0.1000000015
14228  36.531  -59.754  -39.496 0.1000000015
17554  39.815  -57.172  -38.915 0.1000000015
17531  39.837  -56.344  -38.355 0.1000000015
18691  39.725  -55.767  -37.653 0.1000000015
18676  39.369  -55.188  -36.659 0.1000000015
17575  39.084  -57.357  -39.547 0.1000000015
17532  38.902  -56.302  -38.144 0.1000000015
18692  38.641  -55.718  -37.460 0.1000000015
19828  38.560  -54.637  -35.936 0.1000000015
17533  38.077  -56.104  -38.028 0.1000000015
19829  37.552  -54.589  -35.980 0.1000000015
20963  37.367  -53.881  -34.762 0.1000000015
19820  37.143  -54.070  -35.098 0.1000000015
19811  36.747  -53.796  -34.812 0.1000000015
11080  39.273  -62.368  -30.567 0.2000000030
10139  39.058  -62.687  -31.247 0.1000000015
19816  41.002  -54.588  -35.765 0.1000000015
19775  37.572  -54.687  -33.202 0.3000000119
15265  39.600  -58.179  -39.160 0.1000000015
19826  40.142  -54.760  -36.182 0.1000000015
19809  39.166  -54.218  -34.671 0.2000000030
19793  37.820  -54.147  -33.706 0.3000000119
19776  36.825  -54.009  -32.926 0.3000000119
19777  35.678  -54.058  -32.558 0.3000000119
14257  36.881  -60.015  -41.425 0.1000000015
14240  38.664  -58.797  -39.880 0.1000000015
19818  38.842  -54.231  -35.205 0.1000000015
20933  38.342  -54.108  -34.238 0.2000000030
16393  39.106  -57.937  -39.895 0.1000000015
19819  38.012  -54.198  -35.284 0.1000000015
20935  36.857  -53.003  -33.740 0.2000000030
20922  36.785  -52.874  -33.135 0.3000000119
20950  37.208  -53.685  -34.520 0.1000000015
22008  37.159  -52.376  -32.265 0.4000000060
19821  36.062  -54.108  -35.240 0.1000000015
20936  36.393  -52.680  -34.098 0.1000000015
22019  36.474  -52.020  -33.761 0.3000000119
8206  39.292  -65.140  -24.192 0.1000000015
9122  39.066  -64.907  -25.512 0.1000000015
19742  32.861  -54.621  -29.776 0.4000000060
18627  33.907  -55.027  -31.614 0.4000000060
18640  36.121  -54.754  -32.395 0.3000000119
19765  34.518  -54.401  -32.298 0.4000000060
20911  35.699  -52.860  -32.260 0.4000000060
20912  34.843  -53.211  -32.269 0.4000000060
22009  36.291  -52.520  -32.049 0.4000000060
21998  36.545  -51.945  -31.597 0.5000000000
22018  37.535  -52.049  -33.194 0.3000000119
23189  37.569  -51.081  -32.166 0.5000000000
20964  35.399  -53.632  -35.080 0.2000000030
20951  36.206  -53.325  -34.518 0.1000000015
23198  36.989  -51.155  -33.451 0.4000000060
19838  34.814  -54.679  -36.819 0.1000000015
20965  34.520  -53.544  -35.351 0.1000000015
20952  35.127  -53.114  -34.680 0.2000000030
22028  35.731  -52.556  -34.235 0.2000000030
18711  34.665  -55.095  -38.572 0.1000000015
20953  34.330  -52.916  -34.823 0.2000000030
18696  34.393  -54.829  -38.000 0.1000000015
19724  32.751  -54.711  -28.928 0.4000000060
18586  32.607  -55.021  -27.998 0.3000000119
19743  32.675  -54.394  -29.013 0.4000000060
20913  33.703  -53.658  -31.813 0.4000000060
19752  33.412  -54.557  -31.117 0.4000000060
20899  33.032  -53.648  -30.792 0.4000000060
21999  35.467  -52.268  -31.808 0.4000000060
23186  35.766  -51.333  -31.548 0.4000000060
23185  36.640  -51.121  -31.601 0.5000000000
24320  36.833  -50.684  -32.030 0.4000000060
22020  35.335  -51.882  -33.836 0.3000000119
23199  35.897  -51.119  -33.396 0.4000000060
24341  36.412  -50.601  -33.192 0.4000000060
19840  33.288  -53.527  -37.249 0.2000000030
19833  33.647  -53.848  -36.574 0.2000000030
22029  34.749  -52.484  -34.292 0.2000000030
19852  33.428  -53.817  -38.245 0.1000000015
19839  34.023  -54.426  -37.372 0.2000000030
20886  32.564  -53.719  -29.012 0.4000000060
20869  32.554  -53.504  -28.046 0.4000000060
21987  33.030  -52.647  -30.440 0.4000000060
21986  33.746  -52.027  -30.933 0.4000000060
23187  34.707  -51.522  -31.237 0.4000000060
24322  35.132  -50.540  -31.369 0.4000000060
24321  35.888  -50.593  -32.076 0.3000000119
25405  35.137  -50.239  -32.700 0.4000000060
23201  33.832  -51.384  -33.885 0.3000000119
23200  34.781  -51.279  -33.321 0.3000000119
23191  35.398  -50.843  -33.086 0.4000000060
20986  33.080  -52.911  -37.963 0.2000000030
20975  33.039  -52.763  -37.090 0.2000000030
20966  33.736  -52.991  -35.364 0.2000000030
22030  33.812  -52.250  -34.574 0.2000000030
18780  36.580  -55.714  -44.031 0.1000000015
21934  32.761  -53.033  -27.704 0.4000000060
20849  32.935  -53.421  -27.328 0.3000000119
21970  32.648  -52.543  -29.378 0.4000000060
24290  32.930  -50.494  -29.290 0.4000000060
23175  33.282  -51.517  -30.003 0.4000000060
23174  33.948  -51.181  -30.733 0.4000000060
24308  34.458  -50.643  -30.855 0.4000000060
25403  35.144  -49.592  -31.871 0.4000000060
25416  33.654  -50.123  -34.335 0.3000000119
24343  34.142  -50.555  -33.356 0.3000000119
25406  34.688  -49.739  -32.823 0.3000000119
25402  35.336  -50.110  -32.451 0.3000000119
23233  33.827  -51.521  -37.820 0.2000000030
22053  33.201  -52.089  -37.476 0.2000000030
24361  33.525  -50.643  -35.472 0.3000000119
23208  33.415  -51.280  -34.862 0.2000000030
24330  34.919  -50.561  -32.917 0.3000000119
22039  33.298  -52.214  -35.546 0.2000000030
20826  33.888  -53.371  -26.318 0.3000000119
21908  34.472  -52.512  -26.269 0.3000000119
20848  33.299  -53.046  -26.861 0.4000000060
20827  33.306  -53.672  -26.741 0.3000000119
24273  32.788  -50.492  -28.336 0.3000000119
24258  33.016  -50.844  -27.444 0.4000000060
25384  33.424  -49.463  -29.573 0.4000000060
25370  32.972  -49.466  -28.657 0.4000000060
23160  32.696  -51.012  -28.893 0.4000000060
24309  33.775  -50.313  -30.240 0.4000000060
26550  33.981  -48.442  -30.458 0.3000000119
25399  34.457  -49.611  -30.898 0.4000000060
26570  34.563  -48.572  -33.421 0.3000000119
27651  34.712  -47.456  -32.954 0.2000000030
26561  34.731  -48.542  -32.381 0.2000000030
26556  34.497  -48.511  -31.412 0.2000000030
25425  33.725  -49.877  -34.598 0.3000000119
23221  34.255  -51.089  -37.324 0.2000000030
24360  33.992  -50.094  -35.950 0.3000000119
24353  33.530  -50.401  -34.752 0.3000000119
20824  35.920  -53.669  -26.443 0.3000000119
20825  34.956  -53.491  -26.098 0.3000000119
26551  33.672  -48.749  -29.812 0.3000000119
28728  34.496  -46.417  -31.371 0.2000000030
26532  33.648  -48.043  -29.684 0.2000000030
28732  34.981  -46.190  -32.463 0.2000000030
27648  34.598  -47.425  -31.907 0.2000000030
27645  34.191  -47.455  -30.943 0.2000000030
19865  34.172  -54.859  -39.380 0.1000000015
19851  33.936  -54.600  -38.481 0.1000000015
24371  34.378  -50.542  -36.705 0.3000000119
22064  33.493  -52.160  -38.479 0.2000000030
13084  37.574  -61.340  -29.044 0.3000000119
13095  38.991  -60.885  -30.985 0.3000000119
9096  39.715  -64.859  -24.248 0.1000000015
11065  39.465  -62.708  -29.747 0.2000000030
18655  38.381  -54.693  -33.532 0.3000000119
18555  32.760  -54.491  -27.180 0.3000000119
19808  40.205  -54.385  -34.749 0.3000000119
19792  39.141  -54.323  -33.979 0.2000000030
18690  40.419  -55.863  -37.973 0.1000000015
12105  39.393  -61.588  -31.654 0.2000000030
13121  40.060  -60.771  -31.959 0.1000000015
17574  39.438  -57.580  -39.419 0.1000000015
17555  39.014  -56.749  -38.967 0.1000000015
19827  39.401  -54.604  -35.866 0.1000000015
18677  38.101  -55.163  -36.722 0.1000000015
20949  37.922  -53.968  -34.435 0.1000000015
19817  39.851  -54.387  -35.410 0.2000000030
20948  38.495  -54.121  -34.620 0.2000000030
20923  36.281  -53.091  -32.596 0.4000000060
19778  35.123  -53.765  -32.476 0.4000000060
20934  37.575  -53.688  -33.998 0.3000000119
19794  37.133  -53.534  -33.534 0.3000000119
20885  32.710  -53.446  -29.912 0.4000000060
22000  34.265  -52.544  -31.653 0.4000000060
19832  34.405  -54.214  -36.202 0.2000000030
20970  33.815  -53.606  -35.904 0.2000000030
22001  33.437  -52.863  -31.233 0.4000000060
20971  33.263  -53.061  -36.286 0.2000000030
21971  32.518  -52.962  -28.570 0.4000000060
24344  33.628  -50.566  -34.135 0.3000000119
22047  33.104  -52.135  -36.509 0.2000000030
23126  32.985  -51.538  -27.451 0.4000000060
21933  32.947  -52.378  -27.453 0.4000000060
23142  32.808  -51.412  -28.094 0.4000000060
25415  33.981  -49.638  -33.930 0.3000000119
23222  33.607  -51.348  -36.849 0.2000000030
24372  33.702  -50.800  -36.176 0.2000000030
21909  33.575  -52.385  -26.610 0.4000000060
25400  33.861  -49.309  -30.218 0.4000000060
28737  35.051  -46.701  -33.478 0.2000000030
23098  33.252  -51.520  -26.913 0.3000000119
24238  33.529  -50.512  -26.673 0.3000000119
21907  35.496  -52.712  -26.371 0.2000000030
23096  35.062  -51.627  -26.282 0.2000000030
14158  40.587  -60.053  -33.163 0.1000000015
14165  40.095  -59.908  -33.475 0.1000000015
110541  40.852  -59.563  -33.389 0.1000000015
10106  39.373  -63.310  -29.335 0.1000000015
15144  41.391  -59.321  -33.001 0.1000000015
16260  39.899  -58.396  -33.698 0.1000000015
110542  41.265  -58.930  -33.457 0.1000000015
110544  40.677  -59.075  -33.600 0.1000000015
19703  37.985  -54.680  -27.400 0.1000000015
20847  37.321  -53.770  -27.480 0.1000000015
21931  37.583  -52.974  -27.553 0.1000000015
21906  36.252  -53.014  -26.721 0.1000000015
21932  36.860  -52.966  -27.133 0.1000000015
23095  36.273  -51.933  -26.715 0.1000000015
23097  33.990  -51.487  -26.317 0.2000000030
24236  35.644  -50.754  -26.281 0.2000000030
25354  33.154  -49.648  -27.467 0.2000000030
24210  35.358  -49.932  -25.936 0.2000000030
24237  34.551  -50.355  -26.067 0.2000000030
25333  33.878  -49.315  -26.465 0.2000000030
25307  35.928  -49.321  -25.799 0.2000000030
25332  34.590  -49.340  -25.913 0.2000000030
26533  33.394  -48.521  -29.066 0.2000000030
27633  33.620  -47.468  -29.513 0.1000000015
25331  36.057  -49.994  -26.241 0.2000000030
26486  33.631  -48.614  -27.154 0.2000000030
26508  33.303  -48.592  -28.027 0.2000000030
27612  33.501  -47.821  -28.436 0.1000000015
28703  33.580  -47.115  -28.184 0.1000000015
27634  33.551  -47.654  -29.107 0.1000000015
20823  36.696  -53.708  -26.939 0.1000000015
20846  38.158  -53.772  -27.924 0.1000000015
23125  37.129  -52.282  -27.214 0.1000000015
26467  34.496  -48.487  -26.085 0.2000000030
25449  35.003  -49.485  -36.289 0.2000000030
25424  34.132  -49.389  -34.848 0.2000000030
25433  34.278  -49.514  -35.556 0.2000000030
26617  35.304  -48.836  -35.956 0.2000000030
26582  34.571  -48.647  -34.436 0.2000000030
26599  34.849  -48.880  -35.396 0.2000000030
26581  35.298  -48.042  -34.962 0.1000000015
26598  35.627  -48.388  -35.679 0.2000000030
27664  34.846  -47.412  -34.100 0.2000000030
27679  37.034  -47.285  -35.411 0.1000000015
27680  36.037  -47.760  -35.407 0.1000000015
27663  35.939  -47.134  -34.818 0.1000000015
24235  36.613  -50.682  -26.503 0.1000000015
28747  35.028  -46.861  -33.918 0.1000000015
27662  36.581  -46.929  -34.866 0.1000000015
28746  35.492  -46.647  -34.063 0.1000000015
28761  37.217  -46.737  -34.943 0.1000000015
27677  38.797  -47.077  -36.155 0.1000000015
27678  38.311  -47.185  -35.928 0.1000000015
25306  36.437  -48.975  -25.781 0.1000000015
25329  38.226  -49.561  -26.205 0.1000000015
25330  36.932  -49.500  -26.075 0.1000000015
28745  36.777  -46.334  -34.405 0.1000000015
28735  36.394  -45.948  -33.733 0.1000000015
28760  37.797  -46.509  -35.095 0.1000000015
28782  39.318  -46.976  -36.206 0.1000000015
28758  39.370  -46.568  -35.973 0.1000000015
26464  37.827  -48.466  -26.192 0.1000000015
26466  35.025  -48.351  -25.709 0.1000000015
29812  36.322  -45.135  -32.854 0.1000000015
29808  35.178  -45.651  -32.156 0.1000000015
30927  37.376  -44.770  -33.667 0.1000000015
29811  36.570  -45.544  -33.541 0.1000000015
28736  35.838  -45.962  -33.273 0.1000000015
28731  35.441  -45.831  -32.686 0.1000000015
30926  37.806  -44.918  -34.008 0.1000000015
29822  37.175  -45.284  -33.932 0.1000000015
30945  38.865  -45.392  -35.179 0.1000000015
29820  38.438  -45.533  -34.836 0.1000000015
29836  38.053  -46.137  -34.916 0.1000000015
29821  37.849  -45.780  -34.583 0.1000000015
29833  40.070  -45.770  -35.798 0.1000000015
30944  39.529  -45.189  -35.498 0.1000000015
29835  38.474  -46.043  -35.165 0.1000000015
29857  39.939  -46.321  -35.917 0.1000000015
26465  36.728  -48.332  -25.845 0.1000000015
27548  35.841  -48.128  -25.595 0.1000000015
29804  35.009  -45.408  -31.703 0.1000000015
32019  39.674  -44.285  -35.336 0.1000000015
30925  38.510  -44.843  -34.529 0.1000000015
30943  40.194  -44.857  -35.809 0.1000000015
26597  36.454  -48.111  -35.988 0.1000000015
29834  39.368  -46.122  -35.707 0.1000000015
28781  39.789  -46.858  -36.144 0.1000000015
30897  36.235  -44.344  -32.507 0.1000000015
23304  38.496  -51.881  -43.551 0.1000000015
24459  38.380  -51.127  -43.471 0.1000000015
23330  38.717  -51.781  -44.992 0.1000000015
22143  38.836  -52.384  -44.815 0.1000000015
22171  37.580  -52.310  -46.502 0.1000000015
22172  37.137  -52.316  -47.093 0.1000000015
21121  35.624  -52.970  -48.751 0.1000000015
22126  38.243  -52.565  -43.491 0.1000000015
23331  38.207  -51.473  -45.463 0.1000000015
21075  38.278  -52.664  -45.692 0.1000000015
23294  38.308  -51.440  -42.896 0.1000000015
23295  37.996  -51.754  -42.499 0.1000000015
22099  37.039  -52.041  -41.839 0.1000000015
22113  37.650  -52.407  -42.912 0.1000000015
21047  38.710  -53.076  -44.626 0.1000000015
24470  38.406  -51.102  -44.218 0.1000000015
23281  37.091  -51.602  -41.192 0.1000000015
21029  36.626  -52.644  -42.035 0.1000000015
23279  38.257  -51.163  -42.097 0.1000000015
24434  38.243  -50.436  -41.689 0.1000000015
24448  38.138  -50.459  -42.837 0.1000000015
24447  38.325  -50.884  -42.603 0.1000000015
22192  35.528  -52.667  -48.623 0.1000000015
2778  30.296  -72.711  -23.150 0.1000000015
2791  30.072  -72.942  -23.728 0.1000000015
2799  30.311  -72.554  -23.968 0.1000000015
3443  30.467  -72.213  -23.533 0.1000000015
3470  29.430  -71.100  -25.693 0.1000000015
4160  30.397  -71.662  -22.698 0.1000000015
4168  30.413  -71.624  -23.109 0.1000000015
4949  29.033  -69.132  -23.852 0.1000000015
4989  29.175  -70.077  -27.126 0.1000000015
6480  33.585  -68.343  -21.434 0.1000000015
6484  28.730  -67.249  -20.657 0.1000000015
6503  32.747  -66.659  -22.245 0.1000000015
6555  32.991  -67.418  -28.963 0.1000000015
6568  32.587  -67.279  -29.436 0.1000000015
7317  31.374  -66.874  -19.872 0.1000000015
7334  31.081  -66.241  -20.118 0.1000000015
7357  32.990  -66.279  -22.390 0.1000000015
7381  28.027  -66.811  -24.107 0.1000000015
7423  34.568  -67.177  -28.750 0.1000000015
7425  32.492  -66.716  -28.670 0.1000000015
7426  31.952  -66.205  -28.568 0.1000000015
7440  32.076  -66.923  -29.209 0.1000000015
7455  32.164  -66.749  -29.853 0.1000000015
8171  31.079  -65.309  -21.164 0.1000000015
8205  39.432  -65.190  -24.273 0.1000000015
8208  26.683  -65.715  -24.854 0.1000000015
8217  39.390  -65.238  -24.460 0.1000000015
8218  39.271  -65.244  -24.425 0.1000000015
8246  35.794  -65.817  -28.385 0.1000000015
8283  30.674  -65.139  -29.143 0.1000000015
9053  31.517  -65.011  -22.163 0.1000000015
9067  39.906  -64.389  -22.961 0.1000000015
9083  39.375  -64.690  -23.546 0.1000000015
9095  40.001  -64.456  -24.254 0.2000000030
9110  39.328  -65.119  -24.619 0.1000000015
9111  38.868  -65.200  -24.881 0.1000000015
9128  23.617  -64.273  -26.756 0.1000000015
9146  23.308  -64.664  -27.187 0.1000000015
9164  30.338  -64.535  -28.696 0.1000000015
9178  30.484  -64.573  -29.454 0.1000000015
9179  30.274  -64.230  -29.379 0.1000000015
9960  40.568  -62.657  -20.981 0.1000000015
9961  40.358  -62.830  -21.156 0.1000000015
9965  29.919  -63.710  -20.957 0.1000000015
9966  28.905  -63.495  -20.639 0.1000000015
9967  28.400  -63.513  -20.814 0.1000000015
9976  40.793  -62.947  -21.431 0.1000000015
9983  28.558  -63.189  -20.873 0.1000000015
9990  41.241  -62.878  -22.081 0.1000000015
9993  39.276  -63.967  -22.899 0.1000000015
9999  26.693  -62.865  -22.708 0.1000000015
10023  38.191  -63.835  -24.325 0.1000000015
10054  23.256  -63.664  -26.707 0.1000000015
10090  33.508  -64.054  -28.442 0.1000000015
10092  31.567  -64.342  -27.894 0.1000000015
10093  30.049  -63.943  -28.252 0.1000000015
10109  31.701  -63.468  -30.241 0.1000000015
10149  38.328  -62.754  -32.256 0.1000000015
10912  40.196  -62.444  -20.595 0.1000000015
10924  41.410  -62.364  -21.604 0.1000000015
10925  41.167  -62.574  -21.263 0.1000000015
10931  30.654  -63.361  -21.868 0.1000000015
10947  30.021  -62.269  -22.189 0.1000000015
10955  41.307  -62.309  -22.888 0.2000000030
10963  26.547  -62.474  -23.084 0.1000000015
10975  37.516  -62.860  -24.614 0.1000000015
10997  36.189  -62.353  -26.137 0.1000000015
11011  30.313  -62.006  -27.426 0.1000000015
11016  22.582  -63.136  -27.149 0.1000000015
11029  35.907  -63.011  -27.342 0.1000000015
11033  31.544  -62.609  -27.586 0.1000000015
11051  39.907  -63.177  -28.155 0.3000000119
11058  28.447  -61.352  -28.870 0.1000000015
11083  31.232  -63.544  -30.267 0.1000000015
11093  39.005  -62.437  -31.608 0.1000000015
11100  39.100  -62.189  -31.872 0.1000000015
11875  41.420  -61.591  -20.793 0.1000000015
11878  38.968  -61.565  -20.397 0.1000000015
11919  27.067  -61.468  -22.639 0.1000000015
11920  26.624  -61.966  -22.864 0.1000000015
11933  41.330  -61.620  -23.473 0.2000000030
11979  40.614  -61.768  -25.463 0.2000000030
11980  40.355  -61.575  -25.983 0.2000000030
12032  29.245  -61.756  -27.557 0.1000000015
12088  32.655  -61.936  -30.385 0.1000000015
12089  32.027  -61.862  -29.912 0.1000000015
12978  40.272  -60.036  -23.021 0.5000000000
12984  28.188  -60.789  -22.864 0.1000000015
12995  39.376  -60.127  -23.695 0.4000000060
13003  26.717  -61.166  -23.504 0.1000000015
13014  38.699  -60.486  -24.986 0.4000000060
13044  37.299  -60.529  -26.822 0.5000000000
13139  40.305  -60.418  -32.770 0.2000000030
13217  36.745  -60.399  -40.695 0.1000000015
13219  35.894  -60.697  -40.771 0.1000000015
13232  36.725  -60.464  -40.933 0.1000000015
13233  36.261  -60.637  -41.283 0.1000000015
13234  35.493  -60.762  -41.285 0.1000000015
13250  35.298  -60.617  -41.956 0.1000000015
14019  37.215  -58.657  -23.174 0.5000000000
14034  36.313  -58.817  -24.261 0.6000000238
14057  38.359  -60.415  -25.148 0.4000000060
14060  35.863  -59.488  -26.139 0.5000000000
14066  37.697  -60.387  -26.033 0.5000000000
14095  36.567  -60.174  -30.014 0.5000000000
14136  41.249  -59.464  -33.179 0.1000000015
14159  30.967  -59.698  -32.331 0.1000000015
14215  37.098  -59.310  -39.073 0.2000000030
14225  38.759  -58.741  -39.668 0.3000000119
15025  37.929  -57.811  -20.311 0.2000000030
15031  30.801  -57.707  -19.930 0.1000000015
15068  34.487  -57.711  -25.133 0.5000000000
15235  38.954  -58.455  -38.367 0.2000000030
15251  39.491  -58.356  -39.023 0.1000000015
15253  38.446  -58.799  -38.681 0.2000000030
15266  39.063  -58.517  -39.494 0.3000000119
15267  38.515  -58.923  -39.171 0.3000000119
16086  30.972  -56.931  -19.772 0.1000000015
16102  30.850  -57.421  -19.872 0.1000000015
16106  41.138  -57.908  -21.275 0.5000000000
16125  39.349  -57.152  -22.630 0.5000000000
16246  38.275  -56.858  -32.425 0.4000000060
16274  41.100  -56.785  -34.407 0.2000000030
16328  40.495  -57.109  -37.431 0.2000000030
16376  40.405  -57.273  -38.160 0.2000000030
16378  39.378  -58.268  -38.403 0.2000000030
16392  39.580  -57.888  -39.302 0.1000000015
16436  36.587  -57.456  -41.822 0.1000000015
17265  30.868  -56.710  -19.475 0.1000000015
17270  40.231  -56.902  -21.079 0.4000000060
17275  32.261  -57.023  -20.230 0.1000000015
17293  38.915  -57.028  -22.765 0.5000000000
17313  36.203  -56.673  -23.823 0.6000000238
17351  35.198  -56.134  -24.718 0.5000000000
17386  39.019  -55.920  -27.003 0.3000000119
17409  33.898  -56.951  -30.567 0.5000000000
17419  34.413  -56.508  -31.121 0.5000000000
17430  37.522  -56.486  -32.356 0.4000000060
17458  42.129  -56.514  -33.246 0.3000000119
17493  38.775  -56.950  -35.699 0.1000000015
17509  38.971  -57.071  -36.212 0.2000000030
17510  38.481  -57.009  -35.990 0.2000000030
17553  40.272  -57.242  -38.486 0.1000000015
17578  35.977  -56.774  -39.944 0.1000000015
17596  35.345  -56.473  -41.053 0.1000000015
17618  36.044  -57.182  -41.594 0.1000000015
17656  36.821  -57.382  -43.490 0.1000000015
18441  31.156  -55.176  -18.794 0.1000000015
18452  31.004  -56.235  -19.223 0.1000000015
18571  32.635  -54.747  -27.532 0.3000000119
18580  42.444  -55.316  -29.048 0.1000000015
18581  41.996  -55.692  -28.883 0.2000000030
18597  42.106  -55.283  -29.173 0.1000000015
18598  41.731  -55.460  -29.054 0.1000000015
18611  34.113  -56.001  -31.285 0.5000000000
18651  42.086  -56.097  -33.706 0.4000000060
18666  41.790  -55.814  -35.174 0.2000000030
18680  35.292  -54.871  -36.832 0.1000000015
18740  35.668  -56.516  -40.106 0.1000000015
19590  34.814  -54.369  -20.656 0.1000000015
19665  35.215  -54.943  -25.498 0.4000000060
19687  32.967  -54.159  -26.951 0.3000000119
19700  42.596  -55.062  -28.377 0.1000000015
19704  37.169  -54.255  -27.131 0.2000000030
19705  32.706  -54.127  -27.551 0.3000000119
19718  42.759  -54.859  -28.922 0.1000000015
19725  32.593  -54.457  -28.342 0.4000000060
19739  42.550  -55.007  -29.133 0.1000000015
19740  42.287  -54.751  -29.261 0.1000000015
19741  41.614  -55.026  -29.217 0.1000000015
19766  33.781  -54.464  -31.805 0.4000000060
19806  41.961  -55.172  -34.627 0.3000000119
19810  37.055  -53.831  -34.791 0.1000000015
19896  34.348  -54.645  -40.615 0.2000000030
20744  35.106  -53.482  -21.434 0.2000000030
20760  36.014  -53.438  -22.352 0.2000000030
20843  42.552  -54.867  -28.064 0.1000000015
20883  42.358  -54.014  -29.331 0.1000000015
20924  35.535  -53.389  -32.445 0.4000000060
20961  38.205  -54.078  -34.801 0.1000000015
20962  37.665  -53.959  -34.770 0.1000000015
21015  34.501  -52.934  -40.509 0.2000000030
21786  32.349  -52.351  -16.473 0.1000000015
21787  31.811  -52.683  -16.333 0.1000000015
21810  32.628  -52.532  -17.844 0.1000000015
21951  32.677  -52.248  -28.414 0.4000000060
21952  32.633  -52.818  -28.015 0.4000000060
21997  37.341  -51.566  -31.768 0.5000000000
22007  37.729  -51.676  -32.471 0.5000000000
22017  37.824  -51.629  -32.866 0.3000000119
22021  34.444  -51.891  -33.939 0.3000000119
22098  37.520  -52.004  -42.295 0.1000000015
22114  37.106  -52.427  -42.424 0.1000000015
22125  38.684  -52.516  -44.102 0.1000000015
22158  38.593  -52.240  -45.442 0.1000000015
22159  38.114  -52.259  -45.961 0.1000000015
22833  33.427  -51.925  -15.194 0.1000000015
22852  33.715  -51.479  -15.694 0.1000000015
22854  32.815  -52.231  -15.711 0.1000000015
22913  32.815  -52.048  -16.648 0.1000000015
22976  34.934  -51.140  -21.779 0.2000000030
23143  32.723  -51.010  -28.636 0.4000000060
23159  32.709  -51.383  -29.006 0.4000000060
23184  37.210  -50.981  -31.789 0.5000000000
23190  35.732  -50.721  -33.170 0.4000000060
23197  37.656  -51.172  -32.871 0.5000000000
23215  33.355  -51.408  -35.891 0.2000000030
23244  35.020  -51.548  -38.668 0.3000000119
23251  38.371  -50.916  -40.497 0.2000000030
23269  35.648  -51.578  -39.931 0.2000000030
23282  36.529  -51.667  -40.803 0.2000000030
23305  38.180  -52.000  -43.081 0.1000000015
23318  38.665  -51.709  -44.280 0.1000000015
23319  38.490  -51.345  -44.752 0.1000000015
23998  35.864  -50.796  -15.960 0.1000000015
24020  34.568  -50.836  -16.609 0.1000000015
24211  34.881  -49.745  -25.842 0.2000000030
24274  32.722  -50.757  -28.859 0.4000000060
24291  32.744  -50.868  -29.088 0.4000000060
24319  37.259  -50.805  -32.062 0.5000000000
24327  37.260  -50.674  -32.440 0.4000000060
24328  36.570  -50.480  -32.605 0.4000000060
24329  35.717  -50.445  -32.856 0.4000000060
24340  37.137  -50.551  -33.049 0.4000000060
24342  35.970  -50.655  -33.205 0.4000000060
25270  37.229  -49.773  -23.399 0.1000000015
25308  35.154  -49.328  -25.675 0.2000000030
25434  33.749  -49.938  -35.209 0.3000000119
26440  36.095  -48.697  -25.631 0.2000000030
26441  35.456  -48.688  -25.599 0.1000000015
26442  34.879  -48.827  -25.683 0.1000000015
27549  35.351  -48.192  -25.656 0.1000000015
28722  33.559  -47.336  -28.731 0.1000000015
28744  37.483  -46.226  -34.672 0.1000000015
28759  38.923  -46.720  -35.929 0.1000000015
28802  39.718  -47.354  -37.748 0.1000000015
29807  35.535  -45.371  -32.336 0.1000000015
30910  37.650  -44.341  -33.580 0.1000000015
30912  36.518  -44.717  -32.782 0.1000000015
30924  39.122  -44.708  -35.060 0.1000000015
30966  40.787  -45.561  -36.144 0.1000000015
