#!ascii label  , from subject demencia vox2ras=TkReg
243
80045  24.246  6.413  -36.135 0.0000000000
71899  23.099  -2.225  -33.243 0.0000000000
83506  23.092  10.828  -33.075 0.0000000000
92290  21.117  20.484  -27.603 0.0000000000
71021  21.685  -3.715  -32.514 0.0000000000
85981  21.518  14.048  -35.311 0.0000000000
87618  21.747  15.501  -33.036 0.0000000000
78254  23.087  4.173  -34.147 0.0000000000
76422  23.585  2.181  -35.644 0.0000000000
77354  25.063  4.030  -36.844 0.0000000000
82613  24.595  9.368  -37.134 0.0000000000
80053  26.385  6.509  -37.149 0.0000000000
82578  23.547  9.259  -34.180 0.0000000000
84392  23.149  11.626  -36.648 0.0000000000
90777  21.239  18.350  -27.458 0.0000000000
90015  21.799  18.434  -31.138 0.0000000000
74496  23.802  0.086  -33.679 0.0000000000
86791  22.147  14.585  -32.481 0.0000000000
87604  22.390  15.257  -31.091 0.0000000000
79195  23.687  5.158  -35.420 0.0000000000
78280  23.740  4.329  -35.983 0.0000000000
79204  24.236  5.313  -36.303 0.0000000000
71020  22.546  -3.097  -32.935 0.0000000000
83505  23.352  10.255  -33.793 0.0000000000
83524  23.363  10.177  -35.806 0.0000000000
84377  23.096  10.845  -35.245 0.0000000000
86806  21.266  14.692  -35.632 0.0000000000
86821  21.644  14.044  -37.095 0.0000000000
91577  18.719  20.414  -28.260 0.0000000000
110940  19.824  17.567  -27.536 0.0000000000
91562  21.262  19.595  -27.531 0.0000000000
93027  23.606  22.452  -30.914 0.0000000000
92336  23.030  21.459  -31.458 0.0000000000
90794  22.271  19.303  -30.220 0.0000000000
90810  21.536  19.593  -31.477 0.0000000000
90027  21.110  18.805  -32.146 0.0000000000
76413  24.205  2.294  -34.861 0.0000000000
75447  24.086  1.117  -35.099 0.0000000000
70057  21.274  -4.510  -31.672 0.0000000000
85199  22.383  12.588  -35.029 0.0000000000
85974  22.255  13.643  -32.955 0.0000000000
86798  21.662  14.605  -33.586 0.0000000000
87620  20.215  16.355  -34.130 0.0000000000
76415  22.262  2.125  -34.801 0.0000000000
77345  23.521  3.216  -35.523 0.0000000000
77344  24.250  3.156  -35.851 0.0000000000
77336  25.084  3.384  -35.045 0.0000000000
81709  24.416  8.481  -36.883 0.0000000000
80877  25.267  6.865  -37.540 0.0000000000
80870  25.788  7.606  -37.191 0.0000000000
80857  24.044  6.772  -34.851 0.0000000000
80824  23.393  7.516  -33.029 0.0000000000
81682  23.997  8.216  -35.334 0.0000000000
81710  23.923  8.895  -36.505 0.0000000000
83542  23.788  10.146  -37.174 0.0000000000
84391  24.000  11.503  -36.627 0.0000000000
85204  21.899  12.615  -36.383 0.0000000000
85209  22.654  12.510  -37.217 0.0000000000
110936  21.255  16.063  -28.981 0.0000000000
92304  22.508  20.941  -28.621 0.0000000000
91575  22.690  19.977  -28.932 0.0000000000
89987  22.834  17.964  -29.280 0.0000000000
89167  22.714  17.107  -29.919 0.0000000000
88393  21.773  16.994  -32.036 0.0000000000
89220  20.663  17.532  -33.320 0.0000000000
72750  22.553  -1.066  -34.587 0.0000000000
74511  22.995  0.621  -35.793 0.0000000000
79212  26.000  5.764  -36.899 0.0000000000
78278  26.636  4.630  -36.023 0.0000000000
86776  22.160  13.953  -30.909 0.0000000000
87596  21.968  15.112  -30.823 0.0000000000
80046  23.994  5.891  -35.605 0.0000000000
79203  24.463  5.944  -36.669 0.0000000000
69110  20.887  -5.325  -31.031 0.0000000000
71888  22.938  -2.630  -33.082 0.0000000000
83489  23.059  10.108  -32.832 0.0000000000
84368  23.240  10.650  -34.524 0.0000000000
84369  22.940  11.399  -34.205 0.0000000000
87636  21.182  15.546  -35.901 0.0000000000
92291  20.164  20.890  -27.456 0.0000000000
91564  19.461  19.801  -27.737 0.0000000000
90772  20.083  18.720  -27.487 0.0000000000
91610  22.227  20.511  -31.279 0.0000000000
90823  20.838  19.758  -32.475 0.0000000000
76412  24.821  2.697  -34.196 0.0000000000
71902  21.665  -2.508  -33.440 0.0000000000
85187  22.655  12.688  -32.152 0.0000000000
87611  22.058  15.403  -31.986 0.0000000000
87619  20.841  15.684  -33.977 0.0000000000
88413  21.264  16.293  -33.251 0.0000000000
92995  19.921  22.338  -27.569 0.0000000000
77339  22.579  2.892  -34.445 0.0000000000
77338  23.059  3.425  -34.761 0.0000000000
78289  24.295  4.411  -36.533 0.0000000000
77356  24.038  3.754  -36.196 0.0000000000
77355  24.541  3.829  -36.609 0.0000000000
77343  25.122  3.688  -36.268 0.0000000000
70070  21.185  -4.119  -32.335 0.0000000000
80871  24.932  7.408  -37.382 0.0000000000
81708  25.359  8.545  -36.896 0.0000000000
80022  22.971  6.079  -33.956 0.0000000000
81644  23.750  8.279  -33.466 0.0000000000
81664  24.122  7.766  -34.775 0.0000000000
81665  23.879  8.408  -34.621 0.0000000000
81697  23.827  8.792  -35.840 0.0000000000
82592  23.629  9.264  -35.291 0.0000000000
84385  23.025  11.109  -36.180 0.0000000000
83532  23.510  10.376  -36.668 0.0000000000
83531  23.806  10.720  -37.007 0.0000000000
85988  21.894  13.379  -35.664 0.0000000000
86003  22.238  13.282  -37.502 0.0000000000
86001  23.567  13.090  -36.654 0.0000000000
110935  20.654  16.394  -28.102 0.0000000000
90771  21.839  17.101  -28.353 0.0000000000
92326  23.442  21.383  -30.444 0.0000000000
93018  23.484  22.190  -29.810 0.0000000000
92303  23.152  20.724  -28.970 0.0000000000
91574  23.041  20.358  -29.050 0.0000000000
89999  22.078  18.776  -30.561 0.0000000000
90785  22.717  18.990  -29.436 0.0000000000
89998  22.488  18.197  -30.271 0.0000000000
89178  22.492  17.140  -30.752 0.0000000000
89192  22.033  17.412  -31.364 0.0000000000
90028  20.540  19.050  -32.975 0.0000000000
89207  20.771  18.139  -32.924 0.0000000000
89208  20.347  18.575  -33.330 0.0000000000
89221  20.041  17.968  -33.696 0.0000000000
72739  21.939  -1.509  -33.890 0.0000000000
76423  22.876  2.172  -35.571 0.0000000000
75448  22.489  1.201  -35.402 0.0000000000
75455  23.079  1.467  -35.815 0.0000000000
75440  24.125  0.818  -34.157 0.0000000000
74510  23.438  0.450  -35.392 0.0000000000
74503  23.671  0.207  -34.643 0.0000000000
73625  23.495  -0.711  -34.158 0.0000000000
80059  25.943  6.800  -37.413 0.0000000000
79219  25.520  6.057  -37.190 0.0000000000
85969  22.299  13.855  -31.776 0.0000000000
86785  22.311  14.604  -31.605 0.0000000000
79181  23.270  5.115  -34.472 0.0000000000
78271  23.375  4.221  -35.105 0.0000000000
79214  24.567  4.917  -36.730 0.0000000000
78288  24.803  4.517  -36.881 0.0000000000
71004  22.452  -3.801  -31.829 0.0000000000
71003  23.170  -3.082  -32.260 0.0000000000
82612  25.234  9.768  -36.903 0.0000000000
81695  25.649  9.157  -36.454 0.0000000000
82561  23.379  9.317  -33.084 0.0000000000
83516  23.461  10.095  -34.824 0.0000000000
85989  21.617  13.916  -36.115 0.0000000000
86814  21.540  14.420  -36.473 0.0000000000
87644  21.666  14.700  -36.845 0.0000000000
91609  23.017  20.730  -30.794 0.0000000000
91591  22.627  19.974  -29.681 0.0000000000
90809  22.083  19.762  -30.832 0.0000000000
90795  21.903  19.183  -30.808 0.0000000000
76421  24.020  2.440  -35.516 0.0000000000
75454  23.584  1.228  -35.732 0.0000000000
76414  23.902  1.819  -35.459 0.0000000000
75446  24.209  1.552  -34.346 0.0000000000
69123  20.702  -4.867  -31.410 0.0000000000
70071  20.895  -4.255  -32.177 0.0000000000
71031  21.951  -3.073  -33.379 0.0000000000
71030  22.326  -2.784  -33.480 0.0000000000
71900  22.664  -2.391  -33.516 0.0000000000
84357  22.873  11.658  -32.683 0.0000000000
85193  22.533  12.605  -33.552 0.0000000000
85980  21.890  13.635  -34.389 0.0000000000
86799  21.247  14.672  -34.669 0.0000000000
87627  20.830  15.512  -35.042 0.0000000000
87628  20.226  16.195  -34.652 0.0000000000
92292  19.022  21.371  -27.944 0.0000000000
92994  20.882  21.552  -27.578 0.0000000000
77346  22.796  2.781  -35.123 0.0000000000
77337  24.275  2.868  -35.343 0.0000000000
80864  24.356  7.399  -36.536 0.0000000000
80055  24.526  6.525  -36.999 0.0000000000
80876  25.614  7.064  -37.516 0.0000000000
80875  26.125  7.102  -37.333 0.0000000000
81707  26.044  8.043  -36.782 0.0000000000
80869  26.612  7.409  -36.745 0.0000000000
80036  23.637  6.129  -34.850 0.0000000000
80035  24.066  6.497  -35.333 0.0000000000
80841  23.914  7.226  -34.087 0.0000000000
80840  24.159  7.452  -34.686 0.0000000000
80856  24.193  7.339  -35.310 0.0000000000
81696  24.199  8.233  -36.088 0.0000000000
82614  23.867  9.517  -37.084 0.0000000000
82603  23.596  9.475  -36.276 0.0000000000
82626  24.219  9.874  -37.273 0.0000000000
83530  24.530  10.561  -37.000 0.0000000000
84390  24.683  11.210  -36.395 0.0000000000
84378  22.544  11.686  -35.678 0.0000000000
84386  22.443  11.910  -36.629 0.0000000000
85211  21.574  12.978  -37.031 0.0000000000
85210  21.994  12.562  -37.241 0.0000000000
84393  22.480  12.086  -37.063 0.0000000000
85208  23.381  12.404  -36.810 0.0000000000
92305  21.639  21.254  -28.138 0.0000000000
91576  21.865  19.863  -28.083 0.0000000000
90776  22.525  18.502  -28.368 0.0000000000
89981  22.509  17.580  -28.653 0.0000000000
89164  21.871  16.560  -29.503 0.0000000000
88385  22.305  16.098  -30.473 0.0000000000
88392  22.214  16.356  -31.450 0.0000000000
88402  21.745  16.272  -32.444 0.0000000000
89193  21.423  17.809  -32.050 0.0000000000
88403  21.299  17.167  -32.914 0.0000000000
88414  20.524  16.826  -33.638 0.0000000000
88415  19.797  16.967  -34.330 0.0000000000
72738  22.561  -1.699  -33.990 0.0000000000
74504  22.590  0.374  -35.335 0.0000000000
73641  23.104  0.161  -35.483 0.0000000000
73633  22.468  -0.345  -34.989 0.0000000000
72749  23.025  -1.238  -34.484 0.0000000000
79220  25.244  6.176  -37.286 0.0000000000
79213  24.928  5.575  -37.105 0.0000000000
78287  25.633  4.657  -36.596 0.0000000000
78286  26.670  5.294  -36.527 0.0000000000
78279  25.811  4.029  -35.745 0.0000000000
69122  20.960  -4.934  -31.398 0.0000000000
73642  22.859  0.054  -35.409 0.0000000000
78285  27.239  5.535  -36.547 0.0000000000
80054  25.882  6.219  -37.181 0.0000000000
80060  25.604  6.523  -37.384 0.0000000000
80061  25.032  6.495  -37.401 0.0000000000
80823  23.801  7.654  -33.438 0.0000000000
81683  23.796  8.665  -35.291 0.0000000000
82625  24.594  9.962  -37.244 0.0000000000
82627  23.955  9.943  -37.291 0.0000000000
83540  24.347  10.163  -37.267 0.0000000000
83541  24.087  10.237  -37.271 0.0000000000
85205  21.610  13.070  -36.757 0.0000000000
85996  21.702  13.288  -36.437 0.0000000000
85997  21.567  13.561  -36.843 0.0000000000
86004  21.717  13.414  -37.351 0.0000000000
87637  20.486  16.198  -35.207 0.0000000000
87643  21.828  14.731  -37.089 0.0000000000
89166  22.665  17.432  -29.376 0.0000000000
89986  22.694  17.661  -28.983 0.0000000000
90014  22.250  17.792  -30.860 0.0000000000
91590  23.092  20.432  -29.340 0.0000000000
110932  19.175  17.453  -27.706 0.0000000000
