#!ascii label  , from subject demencia vox2ras=TkReg
565
64487  21.049  -10.799  -29.007 0.1428571492
64488  19.794  -10.950  -29.347 0.1428571492
65411  20.051  -9.105  -29.665 0.1428571492
65398  20.562  -9.757  -29.334 0.2857142985
65399  19.610  -9.755  -29.350 0.1428571492
65397  21.805  -9.854  -28.976 0.1428571492
66320  20.307  -8.345  -30.221 0.5714285970
66300  21.484  -8.926  -29.195 0.1428571492
67283  23.131  -7.312  -29.468 0.2857142985
66318  22.308  -8.104  -29.216 0.2857142985
68215  22.770  -6.384  -29.631 0.1428571492
70041  23.072  -3.995  -30.478 0.2857142985
70029  22.808  -4.736  -30.035 0.1428571492
71874  23.753  -2.455  -31.758 0.2857142985
70990  24.434  -3.358  -30.369 0.2857142985
72714  23.681  -1.758  -32.325 0.2857142985
74486  23.847  0.325  -32.728 0.2857142985
76413  24.205  2.294  -34.861 0.8571428657
75440  24.125  0.818  -34.157 0.4285714328
73613  23.964  -0.150  -32.189 0.2857142985
77336  25.084  3.384  -35.045 0.7142857313
76412  24.821  2.697  -34.196 0.7142857313
75446  24.209  1.552  -34.346 0.7142857313
78278  26.636  4.630  -36.023 0.8571428657
78279  25.811  4.029  -35.745 0.5714285970
77343  25.122  3.688  -36.268 0.8571428657
77337  24.275  2.868  -35.343 0.7142857313
79211  27.008  5.841  -36.853 0.4285714328
78287  25.633  4.657  -36.596 0.7142857313
80863  26.964  7.666  -36.038 0.2857142985
80869  26.612  7.409  -36.745 0.5714285970
79212  26.000  5.764  -36.899 0.8571428657
80053  26.385  6.509  -37.149 0.7142857313
81694  26.336  8.558  -35.986 0.1428571492
81693  26.986  7.959  -35.620 0.1428571492
80875  26.125  7.102  -37.333 0.5714285970
80059  25.943  6.800  -37.413 0.8571428657
83515  25.741  10.768  -35.139 0.1428571492
81681  26.699  9.252  -34.901 0.1428571492
82601  26.241  9.523  -35.350 0.1428571492
81695  25.649  9.157  -36.454 0.4285714328
80876  25.614  7.064  -37.516 0.8571428657
84376  25.469  11.708  -34.680 0.1428571492
83504  25.805  11.200  -34.394 0.1428571492
84383  25.046  11.542  -35.666 0.1428571492
82602  25.802  9.795  -35.938 0.1428571492
83523  25.300  10.683  -36.303 0.4285714328
81708  25.359  8.545  -36.896 0.7142857313
80871  24.932  7.408  -37.382 0.8571428657
85202  24.579  12.034  -35.723 0.1428571492
85198  24.371  13.056  -35.598 0.1428571492
84384  24.448  11.712  -36.081 0.1428571492
84390  24.683  11.210  -36.395 0.5714285970
82613  24.595  9.368  -37.134 0.8571428657
81709  24.416  8.481  -36.883 0.8571428657
85994  23.846  13.525  -36.022 0.2857142985
85203  24.201  12.494  -36.162 0.1428571492
85208  23.381  12.404  -36.810 0.8571428657
83530  24.530  10.561  -37.000 0.8571428657
82612  25.234  9.768  -36.903 0.7142857313
83542  23.788  10.146  -37.174 0.8571428657
86813  22.082  14.742  -37.150 0.1428571492
87634  22.656  15.611  -36.179 0.1428571492
86002  22.968  13.333  -37.234 0.4285714328
85210  21.994  12.562  -37.241 0.8571428657
84393  22.480  12.086  -37.063 0.8571428657
83532  23.510  10.376  -36.668 0.8571428657
86820  21.964  14.204  -37.447 0.4285714328
84386  22.443  11.910  -36.629 0.8571428657
84392  23.149  11.626  -36.648 0.8571428657
84385  23.025  11.109  -36.180 0.8571428657
87635  21.904  15.366  -36.553 0.1428571492
87636  21.182  15.546  -35.901 0.2857142985
87644  21.666  14.700  -36.845 0.5714285970
86814  21.540  14.420  -36.473 0.8571428657
86821  21.644  14.044  -37.095 0.8571428657
85211  21.574  12.978  -37.031 0.8571428657
85204  21.899  12.615  -36.383 0.8571428657
85988  21.894  13.379  -35.664 0.8571428657
84378  22.544  11.686  -35.678 0.8571428657
88439  20.425  16.868  -35.450 0.2857142985
86806  21.266  14.692  -35.632 0.8571428657
85981  21.518  14.048  -35.311 0.8571428657
85980  21.890  13.635  -34.389 0.8571428657
85199  22.383  12.588  -35.029 0.8571428657
87627  20.830  15.512  -35.042 0.8571428657
87619  20.841  15.684  -33.977 0.8571428657
86799  21.247  14.672  -34.669 0.8571428657
86791  22.147  14.585  -32.481 0.7142857313
85974  22.255  13.643  -32.955 0.7142857313
87620  20.215  16.355  -34.130 0.8571428657
88413  21.264  16.293  -33.251 0.8571428657
86798  21.662  14.605  -33.586 0.8571428657
87618  21.747  15.501  -33.036 0.8571428657
88402  21.745  16.272  -32.444 0.8571428657
87611  22.058  15.403  -31.986 0.7142857313
89207  20.771  18.139  -32.924 0.7142857313
88403  21.299  17.167  -32.914 0.8571428657
89193  21.423  17.809  -32.050 0.8571428657
89192  22.033  17.412  -31.364 0.8571428657
89999  22.078  18.776  -30.561 0.7142857313
88393  21.773  16.994  -32.036 0.8571428657
92338  21.334  21.074  -32.557 0.1428571492
90015  21.799  18.434  -31.138 0.8571428657
90795  21.903  19.183  -30.808 0.7142857313
90809  22.083  19.762  -30.832 0.7142857313
93041  21.459  22.261  -32.984 0.1428571492
91610  22.227  20.511  -31.279 0.5714285970
92336  23.030  21.459  -31.458 0.5714285970
92326  23.442  21.383  -30.444 0.5714285970
92349  22.576  21.869  -32.173 0.1428571492
93716  21.868  23.900  -33.199 0.1428571492
93018  23.484  22.190  -29.810 0.5714285970
94384  23.332  24.661  -32.211 0.1428571492
95048  22.834  25.538  -32.689 0.1428571492
93696  23.575  23.620  -31.494 0.1428571492
93027  23.606  22.452  -30.914 0.5714285970
95041  23.156  25.727  -31.763 0.1428571492
95714  22.916  26.584  -32.410 0.1428571492
95709  22.845  26.584  -31.325 0.1428571492
63508  20.462  -11.778  -29.113 0.1428571492
70028  23.970  -4.364  -29.933 0.2857142985
69097  23.391  -5.479  -29.749 0.2857142985
73614  23.637  -0.835  -32.800 0.2857142985
72725  23.401  -1.827  -32.995 0.2857142985
75439  24.238  1.453  -33.588 0.4285714328
74496  23.802  0.086  -33.679 0.5714285970
76414  23.902  1.819  -35.459 0.7142857313
80052  27.463  6.474  -36.492 0.1428571492
79213  24.928  5.575  -37.105 0.8571428657
80870  25.788  7.606  -37.191 0.7142857313
85197  24.762  12.493  -35.113 0.1428571492
84391  24.000  11.503  -36.627 0.8571428657
83531  23.806  10.720  -37.007 0.8571428657
82614  23.867  9.517  -37.084 0.8571428657
87628  20.226  16.195  -34.652 0.8571428657
89220  20.663  17.532  -33.320 0.8571428657
90027  21.110  18.805  -32.146 0.8571428657
90810  21.536  19.593  -31.477 0.7142857313
92337  22.049  21.216  -31.997 0.2857142985
93035  23.230  22.539  -31.973 0.1428571492
93704  23.013  23.509  -32.560 0.1428571492
95719  22.611  26.075  -33.649 0.1428571492
63509  19.761  -12.158  -29.315 0.1428571492
66319  21.262  -8.118  -29.557 0.4285714328
67284  22.010  -7.227  -29.427 0.2857142985
67285  21.055  -7.304  -29.942 0.2857142985
70978  24.783  -3.950  -29.949 0.2857142985
71863  24.081  -2.683  -30.936 0.2857142985
70991  23.424  -3.350  -31.134 0.2857142985
70992  22.742  -3.892  -31.064 0.2857142985
83514  26.043  10.354  -34.758 0.1428571492
85192  25.407  12.524  -34.050 0.1428571492
86811  23.222  13.989  -36.206 0.1428571492
86805  23.051  15.087  -36.095 0.1428571492
85209  22.654  12.510  -37.217 0.8571428657
88437  22.118  16.582  -35.891 0.1428571492
88438  21.302  16.558  -35.806 0.1428571492
88428  19.820  17.254  -35.280 0.2857142985
88415  19.797  16.967  -34.330 0.5714285970
89208  20.347  18.575  -33.330 0.5714285970
90028  20.540  19.050  -32.975 0.5714285970
91611  21.372  20.504  -32.084 0.4285714328
90823  20.838  19.758  -32.475 0.2857142985
92350  21.798  21.712  -32.565 0.1428571492
93040  22.354  22.560  -32.515 0.1428571492
93687  23.469  23.623  -30.113 0.2857142985
93711  21.917  23.335  -32.973 0.1428571492
94375  23.472  24.845  -30.890 0.1428571492
95032  23.167  26.012  -30.880 0.1428571492
94391  22.391  24.440  -33.163 0.1428571492
96370  22.689  27.296  -31.826 0.1428571492
95710  22.428  27.309  -31.122 0.1428571492
96373  23.063  27.825  -32.484 0.1428571492
89222  19.715  17.912  -34.606 0.4285714328
90036  19.739  18.817  -34.387 0.4285714328
90035  20.066  19.059  -33.654 0.4285714328
90824  20.398  19.803  -33.404 0.4285714328
64503  19.393  -11.525  -29.436 0.1428571492
66301  20.610  -8.813  -29.503 0.5714285970
66299  22.590  -8.966  -28.914 0.1428571492
70040  23.720  -3.712  -30.427 0.2857142985
76421  24.020  2.440  -35.516 0.7142857313
78286  26.670  5.294  -36.527 0.8571428657
81707  26.044  8.043  -36.782 0.5714285970
82591  26.039  10.078  -35.181 0.1428571492
86001  23.567  13.090  -36.654 0.5714285970
82626  24.219  9.874  -37.273 0.8571428657
86003  22.238  13.282  -37.502 0.8571428657
85989  21.617  13.916  -36.115 0.8571428657
88414  20.524  16.826  -33.638 0.8571428657
91609  23.017  20.730  -30.794 0.5714285970
94396  21.503  24.386  -33.753 0.1428571492
95715  22.750  26.183  -33.133 0.1428571492
94392  22.038  24.983  -33.566 0.1428571492
89221  20.041  17.968  -33.696 0.5714285970
71003  23.170  -3.082  -32.260 0.5714285970
94376  23.254  24.860  -30.201 0.1428571492
71004  22.452  -3.801  -31.829 0.5714285970
70070  21.185  -4.119  -32.335 0.5714285970
70058  20.392  -4.203  -31.671 0.2857142985
71020  22.546  -3.097  -32.935 0.5714285970
71021  21.685  -3.715  -32.514 0.5714285970
69111  19.987  -5.159  -31.074 0.4285714328
70044  19.888  -4.471  -31.153 0.2857142985
71022  20.863  -3.648  -32.563 0.4285714328
72737  23.172  -1.648  -33.704 0.4285714328
71900  22.664  -2.391  -33.516 0.5714285970
71902  21.665  -2.508  -33.440 0.5714285970
71889  20.936  -2.602  -32.966 0.4285714328
72749  23.025  -1.238  -34.484 0.5714285970
72750  22.553  -1.066  -34.587 0.5714285970
71901  22.175  -2.400  -33.732 0.4285714328
72751  22.259  -0.897  -34.531 0.4285714328
73632  23.106  -0.392  -35.039 0.4285714328
71007  19.754  -3.289  -31.467 0.2857142985
70059  19.731  -4.028  -31.197 0.2857142985
72740  21.455  -2.101  -33.379 0.4285714328
73625  23.495  -0.711  -34.158 0.7142857313
74511  22.995  0.621  -35.793 0.7142857313
74505  22.055  0.439  -34.821 0.4285714328
76423  22.876  2.172  -35.571 0.7142857313
76415  22.262  2.125  -34.801 0.5714285970
77346  22.796  2.781  -35.123 0.7142857313
76403  22.192  2.592  -34.187 0.2857142985
75447  24.086  1.117  -35.099 0.5714285970
75454  23.584  1.228  -35.732 0.5714285970
75455  23.079  1.467  -35.815 0.7142857313
77345  23.521  3.216  -35.523 0.7142857313
77338  23.059  3.425  -34.761 0.7142857313
78271  23.375  4.221  -35.105 0.7142857313
78254  23.087  4.173  -34.147 0.7142857313
77322  22.775  3.470  -34.049 0.4285714328
79181  23.270  5.115  -34.472 0.4285714328
77344  24.250  3.156  -35.851 0.5714285970
76422  23.585  2.181  -35.644 0.5714285970
77355  24.541  3.829  -36.609 0.5714285970
78280  23.740  4.329  -35.983 0.5714285970
79195  23.687  5.158  -35.420 0.7142857313
80035  24.066  6.497  -35.333 0.7142857313
80022  22.971  6.079  -33.956 0.5714285970
80841  23.914  7.226  -34.087 0.5714285970
79219  25.520  6.057  -37.190 0.7142857313
79204  24.236  5.313  -36.303 0.5714285970
79214  24.567  4.917  -36.730 0.5714285970
79203  24.463  5.944  -36.669 0.7142857313
80856  24.193  7.339  -35.310 0.8571428657
79182  22.452  5.027  -33.541 0.4285714328
81682  23.997  8.216  -35.334 0.7142857313
81664  24.122  7.766  -34.775 0.7142857313
81665  23.879  8.408  -34.621 0.7142857313
80824  23.393  7.516  -33.029 0.5714285970
81644  23.750  8.279  -33.466 0.7142857313
79220  25.244  6.176  -37.286 0.5714285970
80046  23.994  5.891  -35.605 0.7142857313
81696  24.199  8.233  -36.088 0.8571428657
81697  23.827  8.792  -35.840 0.8571428657
82578  23.547  9.259  -34.180 0.7142857313
83489  23.059  10.108  -32.832 0.2857142985
82592  23.629  9.264  -35.291 0.7142857313
83506  23.092  10.828  -33.075 0.7142857313
81710  23.923  8.895  -36.505 0.7142857313
84369  22.940  11.399  -34.205 0.8571428657
83516  23.461  10.095  -34.824 0.8571428657
84357  22.873  11.658  -32.683 0.8571428657
83524  23.363  10.177  -35.806 0.8571428657
84377  23.096  10.845  -35.245 0.8571428657
85193  22.533  12.605  -33.552 0.8571428657
85187  22.655  12.688  -32.152 0.7142857313
87604  22.390  15.257  -31.091 0.7142857313
88392  22.214  16.356  -31.450 0.5714285970
87596  21.968  15.112  -30.823 0.7142857313
88385  22.305  16.098  -30.473 0.7142857313
89178  22.492  17.140  -30.752 0.7142857313
89987  22.834  17.964  -29.280 0.7142857313
89164  21.871  16.560  -29.503 0.7142857313
90776  22.525  18.502  -28.368 0.7142857313
91576  21.865  19.863  -28.083 0.7142857313
90777  21.239  18.350  -27.458 0.5714285970
90785  22.717  18.990  -29.436 0.7142857313
91575  22.690  19.977  -28.932 0.7142857313
91562  21.262  19.595  -27.531 0.5714285970
91591  22.627  19.974  -29.681 0.5714285970
90772  20.083  18.720  -27.487 0.5714285970
92304  22.508  20.941  -28.621 0.5714285970
92305  21.639  21.254  -28.138 0.5714285970
92290  21.117  20.484  -27.603 0.5714285970
91563  20.578  19.651  -27.450 0.4285714328
91564  19.461  19.801  -27.737 0.5714285970
92291  20.164  20.890  -27.456 0.5714285970
91578  18.112  20.403  -28.501 0.4285714328
110924  17.429  18.476  -28.512 0.4285714328
92292  19.022  21.371  -27.944 0.5714285970
91577  18.719  20.414  -28.260 0.5714285970
92293  17.973  22.008  -28.397 0.4285714328
76402  24.429  2.121  -33.908 0.2857142985
78288  24.803  4.517  -36.881 0.5714285970
92996  18.537  22.746  -27.814 0.2857142985
92294  17.057  21.941  -28.582 0.2857142985
70057  21.274  -4.510  -31.672 0.5714285970
69110  20.887  -5.325  -31.031 0.5714285970
71887  23.324  -2.438  -32.679 0.2857142985
71019  23.023  -2.849  -32.793 0.4285714328
71899  23.099  -2.225  -33.243 0.5714285970
71875  20.561  -3.031  -32.496 0.4285714328
72739  21.939  -1.509  -33.890 0.4285714328
71876  20.146  -2.423  -32.143 0.2857142985
74504  22.590  0.374  -35.335 0.5714285970
77321  25.436  3.172  -33.724 0.2857142985
75442  21.211  1.326  -33.273 0.2857142985
77339  22.579  2.892  -34.445 0.7142857313
82603  23.596  9.475  -36.276 0.8571428657
83505  23.352  10.255  -33.793 0.7142857313
86785  22.311  14.604  -31.605 0.7142857313
90794  22.271  19.303  -30.220 0.5714285970
91574  23.041  20.358  -29.050 0.5714285970
92303  23.152  20.724  -28.970 0.5714285970
92994  20.882  21.552  -27.578 0.5714285970
72726  21.592  -1.142  -33.487 0.4285714328
77354  25.063  4.030  -36.844 0.7142857313
80877  25.267  6.865  -37.540 0.7142857313
80864  24.356  7.399  -36.536 0.7142857313
80055  24.526  6.525  -36.999 0.7142857313
89998  22.488  18.197  -30.271 0.8571428657
74503  23.671  0.207  -34.643 0.5714285970
74510  23.438  0.450  -35.392 0.5714285970
71005  21.843  -4.108  -31.941 0.4285714328
70071  20.895  -4.255  -32.177 0.5714285970
69123  20.702  -4.867  -31.410 0.5714285970
71888  22.938  -2.630  -33.082 0.5714285970
71031  21.951  -3.073  -33.379 0.5714285970
71030  22.326  -2.784  -33.480 0.5714285970
71032  21.384  -3.170  -33.089 0.4285714328
71006  20.353  -3.342  -32.092 0.4285714328
72738  22.561  -1.699  -33.990 0.5714285970
71890  20.589  -2.023  -32.700 0.4285714328
73633  22.468  -0.345  -34.989 0.5714285970
73634  21.948  -0.535  -34.435 0.4285714328
73641  23.104  0.161  -35.483 0.5714285970
75448  22.489  1.201  -35.402 0.5714285970
75449  22.020  1.318  -34.798 0.4285714328
75441  21.704  1.114  -34.107 0.4285714328
76404  21.728  2.190  -33.744 0.2857142985
77356  24.038  3.754  -36.196 0.7142857313
78289  24.295  4.411  -36.533 0.5714285970
80036  23.637  6.129  -34.850 0.7142857313
80857  24.044  6.772  -34.851 0.7142857313
80045  24.246  6.413  -36.135 0.5714285970
80840  24.159  7.452  -34.686 0.7142857313
80842  22.885  6.738  -33.206 0.2857142985
82561  23.379  9.317  -33.084 0.5714285970
82562  22.658  9.491  -32.307 0.2857142985
84368  23.240  10.650  -34.524 0.8571428657
89167  22.714  17.107  -29.919 0.7142857313
92995  19.921  22.338  -27.569 0.5714285970
92306  18.294  21.122  -28.385 0.4285714328
73615  21.360  -0.670  -33.196 0.4285714328
65412  19.630  -8.864  -29.828 0.4285714328
71873  24.310  -2.155  -31.191 0.1428571492
72713  24.144  -1.639  -31.640 0.1428571492
75429  24.422  1.299  -32.597 0.1428571492
73601  23.820  -1.201  -31.972 0.1428571492
72702  24.768  -1.604  -31.044 0.1428571492
73600  24.493  -0.590  -31.487 0.1428571492
76390  24.604  1.963  -33.165 0.1428571492
77320  25.805  3.940  -34.133 0.2857142985
78269  26.360  4.449  -34.926 0.1428571492
97615  22.290  29.927  -31.505 0.1428571492
96994  21.849  29.178  -30.863 0.1428571492
95702  22.877  26.420  -30.843 0.1428571492
86776  22.160  13.953  -30.909 0.4285714328
95680  20.938  26.223  -28.830 0.2857142985
93677  22.194  23.678  -28.640 0.2857142985
93007  22.349  22.160  -28.608 0.2857142985
85188  17.605  13.632  -30.097 0.1428571492
110936  21.255  16.063  -28.981 0.5714285970
89981  22.509  17.580  -28.653 0.5714285970
93679  20.085  23.772  -27.982 0.2857142985
93006  23.249  21.670  -28.919 0.4285714328
110935  20.654  16.394  -28.102 0.4285714328
93678  20.777  23.691  -28.308 0.2857142985
110933  18.526  16.639  -28.306 0.4285714328
93009  20.254  23.202  -27.974 0.1428571492
110931  19.255  18.226  -27.773 0.4285714328
93668  19.297  23.698  -27.829 0.1428571492
94347  19.190  24.368  -28.051 0.1428571492
92997  17.093  23.212  -28.208 0.2857142985
92988  16.006  21.923  -27.438 0.1428571492
93669  18.047  23.811  -27.880 0.1428571492
93670  17.349  24.009  -28.034 0.1428571492
92986  17.239  23.155  -27.150 0.1428571492
66321  19.342  -8.346  -30.389 0.4285714328
66333  18.997  -7.301  -30.834 0.2857142985
74485  24.368  0.436  -32.000 0.1428571492
76401  25.028  2.494  -33.397 0.1428571492
85962  21.862  13.280  -30.589 0.2857142985
91598  22.559  20.157  -30.454 0.4285714328
93676  23.254  22.883  -28.998 0.2857142985
94358  19.884  24.475  -28.146 0.2857142985
94356  22.121  25.000  -28.783 0.2857142985
94359  19.126  24.705  -28.184 0.2857142985
66322  18.851  -7.780  -30.474 0.2857142985
68214  23.890  -6.464  -29.851 0.1428571492
70989  25.022  -2.942  -30.143 0.1428571492
85182  22.487  12.698  -31.031 0.4285714328
110940  19.824  17.567  -27.536 0.5714285970
92318  23.480  21.115  -29.545 0.4285714328
95016  20.355  25.405  -28.588 0.2857142985
95015  21.350  25.484  -28.755 0.2857142985
93688  23.167  23.767  -29.178 0.2857142985
95679  21.542  25.975  -28.864 0.2857142985
95693  21.202  27.050  -28.908 0.1428571492
96355  20.732  27.788  -29.414 0.1428571492
94348  18.576  24.625  -28.084 0.2857142985
96354  21.766  27.283  -29.494 0.1428571492
96364  21.829  27.865  -30.421 0.1428571492
95033  23.034  25.449  -30.194 0.1428571492
95703  22.560  26.611  -30.279 0.1428571492
78268  27.380  5.066  -35.424 0.2857142985
95681  19.820  26.227  -28.997 0.2857142985
94367  22.972  24.597  -29.534 0.2857142985
95026  22.456  25.654  -29.434 0.1428571492
66331  19.896  -7.890  -30.820 0.4285714328
77335  25.775  3.880  -34.840 0.4285714328
91597  23.178  20.551  -30.052 0.4285714328
94366  23.350  24.495  -30.179 0.2857142985
85969  22.299  13.855  -31.776 0.5714285970
90771  21.839  17.101  -28.353 0.5714285970
93008  21.144  22.545  -28.162 0.2857142985
73590  25.149  -1.079  -30.879 0.1428571492
76389  25.120  2.295  -32.447 0.1428571492
110911  20.515  13.906  -30.072 0.2857142985
94357  21.127  24.612  -28.541 0.2857142985
76388  25.559  2.998  -32.346 0.1428571492
85175  21.701  12.776  -30.596 0.2857142985
95014  21.934  25.737  -28.882 0.2857142985
95692  21.882  26.430  -29.090 0.2857142985
81645  22.964  8.399  -32.540 0.2857142985
95018  18.412  26.132  -28.848 0.1428571492
95674  18.181  26.742  -28.292 0.1428571492
94337  18.038  24.685  -27.209 0.1428571492
95682  18.890  26.300  -29.667 0.1428571492
95007  18.118  25.451  -27.991 0.1428571492
94997  18.483  25.545  -26.667 0.1428571492
95006  18.507  25.119  -28.240 0.1428571492
94986  18.835  25.814  -25.780 0.1428571492
95663  18.327  26.573  -27.184 0.1428571492
95652  18.564  26.626  -26.013 0.1428571492
96337  18.268  27.818  -28.556 0.1428571492
95017  19.032  25.388  -28.522 0.1428571492
94996  18.865  25.166  -25.907 0.1428571492
69100  20.923  -5.825  -30.565 0.4285714328
69099  21.509  -5.463  -30.339 0.2857142985
69098  22.370  -5.523  -29.810 0.1428571492
70042  22.057  -4.519  -30.873 0.2857142985
70030  22.134  -4.984  -30.149 0.1428571492
68217  20.879  -6.440  -30.332 0.2857142985
70043  21.400  -4.838  -31.083 0.4285714328
69109  21.445  -5.023  -30.804 0.2857142985
67295  19.992  -7.209  -31.134 0.2857142985
66332  19.375  -7.648  -30.906 0.2857142985
68218  20.400  -6.711  -30.828 0.2857142985
68231  20.106  -6.261  -31.076 0.2857142985
73626  21.637  -0.698  -33.797 0.2857142985
74497  21.517  0.129  -33.986 0.2857142985
74498  21.425  0.713  -33.590 0.2857142985
77323  22.132  3.175  -33.706 0.1428571492
78255  22.417  4.035  -33.585 0.1428571492
80023  22.295  6.016  -33.183 0.1428571492
81646  21.646  8.698  -32.131 0.1428571492
82563  21.843  9.845  -32.048 0.1428571492
83490  22.529  10.641  -32.136 0.1428571492
83471  22.104  11.035  -31.430 0.1428571492
83472  21.474  11.012  -31.218 0.1428571492
110902  18.899  13.019  -29.868 0.1428571492
91565  18.432  19.166  -28.260 0.1428571492
91579  17.426  19.942  -28.527 0.1428571492
92307  17.584  21.121  -28.498 0.1428571492
92308  16.747  20.906  -28.267 0.1428571492
84346  22.510  11.705  -31.302 0.2857142985
83455  21.006  11.232  -30.755 0.1428571492
66302  19.183  -8.889  -29.524 0.2857142985
72727  21.200  -1.556  -33.003 0.2857142985
74488  21.128  0.298  -33.049 0.2857142985
78256  21.701  3.991  -33.255 0.1428571492
80024  22.036  6.319  -32.637 0.1428571492
80825  22.270  7.180  -32.397 0.1428571492
81647  20.393  8.479  -32.056 0.1428571492
81627  21.347  9.507  -31.979 0.1428571492
82543  21.164  10.146  -31.742 0.1428571492
84335  21.932  11.935  -30.671 0.1428571492
91580  16.352  19.205  -28.554 0.1428571492
73616  20.725  -0.566  -32.494 0.2857142985
67286  20.458  -7.367  -30.641 0.2857142985
79183  22.032  4.483  -33.259 0.1428571492
72728  20.300  -1.401  -32.310 0.1428571492
67296  19.446  -6.916  -31.039 0.2857142985
83491  21.856  10.495  -31.653 0.1428571492
81628  20.808  9.309  -31.869 0.1428571492
66303  18.768  -8.249  -29.975 0.1428571492
67253  19.046  -8.058  -27.546 0.1428571492
68232  19.405  -6.128  -30.916 0.1428571492
78277  27.361  5.219  -36.247 0.1428571492
79202  27.974  5.505  -35.819 0.1428571492
90846  19.742  19.054  -35.293 0.1428571492
67287  18.741  -7.187  -30.412 0.1428571492
67297  18.932  -6.715  -30.757 0.1428571492
70045  19.274  -4.440  -30.793 0.1428571492
90054  19.880  18.189  -35.399 0.1428571492
90836  19.725  19.249  -34.959 0.1428571492
89237  20.745  17.595  -35.615 0.1428571492
79210  27.715  5.749  -36.447 0.1428571492
66283  18.782  -8.245  -29.256 0.1428571492
69112  19.115  -5.399  -30.629 0.1428571492
63528  19.659  -11.667  -29.365 0.1428571492
63529  19.232  -12.012  -29.543 0.1428571492
64504  19.109  -11.473  -29.417 0.1428571492
68230  20.555  -6.105  -30.703 0.4285714328
69122  20.960  -4.934  -31.398 0.5714285970
70056  21.914  -4.261  -31.595 0.4285714328
73642  22.859  0.054  -35.409 0.5714285970
74487  21.405  -0.259  -33.530 0.2857142985
75430  23.986  0.831  -33.357 0.1428571492
76416  21.915  1.692  -34.409 0.4285714328
78270  25.770  3.899  -35.174 0.4285714328
78285  27.239  5.535  -36.547 0.8571428657
80054  25.882  6.219  -37.181 0.7142857313
80060  25.604  6.523  -37.384 0.8571428657
80061  25.032  6.495  -37.401 0.7142857313
80823  23.801  7.654  -33.438 0.5714285970
80843  22.387  6.546  -32.812 0.1428571492
81683  23.796  8.665  -35.291 0.7142857313
82625  24.594  9.962  -37.244 0.8571428657
82627  23.955  9.943  -37.291 0.8571428657
83540  24.347  10.163  -37.267 0.8571428657
83541  24.087  10.237  -37.271 0.8571428657
84336  21.521  11.946  -30.500 0.1428571492
84347  21.992  11.351  -30.979 0.1428571492
85205  21.610  13.070  -36.757 0.8571428657
85995  23.237  13.669  -36.611 0.2857142985
85996  21.702  13.288  -36.437 0.8571428657
85997  21.567  13.561  -36.843 0.8571428657
86004  21.717  13.414  -37.351 0.8571428657
86812  22.709  14.461  -36.758 0.1428571492
86819  22.436  13.823  -37.345 0.4285714328
87637  20.486  16.198  -35.207 0.8571428657
87643  21.828  14.731  -37.089 0.5714285970
88416  19.612  17.302  -34.907 0.4285714328
88427  19.812  16.682  -35.069 0.2857142985
88440  20.026  17.352  -35.438 0.2857142985
89166  22.665  17.432  -29.376 0.7142857313
89230  19.717  17.812  -35.126 0.4285714328
89238  20.176  17.695  -35.498 0.1428571492
89239  19.893  17.654  -35.363 0.2857142985
89986  22.694  17.661  -28.983 0.5714285970
90014  22.250  17.792  -30.860 0.8571428657
90044  19.822  18.786  -35.473 0.1428571492
90045  19.658  18.581  -35.082 0.1428571492
90053  20.272  18.458  -35.562 0.1428571492
91590  23.092  20.432  -29.340 0.5714285970
93717  21.373  23.651  -33.406 0.1428571492
94395  21.785  24.110  -33.360 0.1428571492
95049  22.458  25.465  -33.407 0.1428571492
95694  18.514  26.974  -30.228 0.1428571492
110932  19.175  17.453  -27.706 0.5714285970
